$SPEC_ID:
1
$SPEC_REM:
DET# 2
DETDESC# MCB 130 Normal
AP# Maestro Version 7.01
$DATE_MEA:
09/12/2019 22:42:50
$MEAS_TIM:
178 180
$DATA:
0 8191
       0
       0
       0
       0
       0
       0
       0
       0
       0
       0
       0
       0
       0
       0
       0
       0
       0
       0
       0
       0
       0
       0
       0
       0
       0
       0
       6
     266
      68
      43
      43
      71
      91
     134
     158
     120
      56
      54
      59
      67
      93
      93
      99
     133
     143
     111
      76
      65
      43
      64
      50
      78
      78
      76
      52
      47
      41
      43
      61
      56
      76
      61
      51
      52
      55
      46
      46
      52
      46
      39
      34
      43
      43
      38
      64
      47
      51
      62
      39
      44
      49
      54
      33
      36
      35
      42
      43
      47
      52
      60
      54
      48
      53
      44
      39
      52
      37
      46
      39
      39
      43
      41
      48
      44
      49
      40
      55
      60
      47
      35
      43
      41
      52
      47
      67
      54
      57
      47
      58
      55
      58
      44
      37
      47
      52
      42
      58
      60
      45
      65
      48
      54
      77
      50
      70
      46
      57
      57
      51
      54
      54
      62
      41
      54
      63
      76
      70
      60
      82
      85
      87
      78
      84
      63
      73
      98
      80
      80
      66
      70
      84
      60
      71
      62
      70
      74
      78
      67
      79
      88
      85
      83
     101
      79
      91
      97
      73
      81
      90
      67
      84
      94
      84
      97
      98
     121
      87
      90
      96
     119
     132
     110
     101
      90
      98
      87
     115
      98
     104
      88
     100
     110
      98
     103
     112
      93
     103
     101
      95
      96
     129
     111
      95
     126
     145
     119
     123
     123
     121
     131
     157
     103
     113
      99
     103
     133
     119
     118
     122
     103
     100
     111
     133
     103
     123
     115
     105
      99
     119
     123
     129
     147
     104
     116
      82
     100
      87
     127
     124
     116
     134
     178
     271
     328
     257
     164
     109
     122
     107
     114
     100
     138
     214
     372
     416
     331
     183
     130
     199
     426
     562
     393
     203
     100
      81
      87
     118
      86
     102
      92
      92
      78
     107
      86
     101
      90
      83
      87
      98
     102
      87
      99
      88
      96
     100
     113
     140
     158
     157
     160
     124
      94
      97
      81
      73
     102
      96
     110
      91
     108
      96
      96
      82
      73
      74
      93
      82
      97
      87
      70
      63
      94
      67
      76
      81
      88
      76
      82
      87
     100
      73
      93
      81
      64
      68
      81
      84
      90
      81
      88
      86
      71
      85
      68
      68
      75
      91
      87
      76
      87
      79
      76
      77
      64
      75
      72
      80
      83
      82
      89
      82
      66
      75
      80
      61
      76
      77
      67
      58
      70
      74
      78
      73
      67
      51
      52
      56
      53
      56
      70
      56
      67
      73
      72
      64
      76
      65
      62
      58
      67
      56
      76
      61
      52
      61
      60
      66
      62
      62
      71
      65
      64
      69
      57
      63
      61
      64
      65
      61
      51
      58
      64
      54
      48
      50
      54
      76
      63
      52
      54
      59
      53
      58
      69
      65
      38
      41
      57
      64
      54
      57
      41
      48
      48
      49
      69
      58
      50
      52
      39
      44
      58
      50
      37
      48
      47
      44
      50
      49
      55
      48
      51
      57
      54
      50
      51
      46
      51
      43
      56
      36
      59
      52
      64
      41
      50
      49
      51
      41
      43
      48
      39
      48
      47
      63
      35
      42
      42
      38
      39
      41
      47
      39
      34
      39
      48
      44
      43
      46
      42
      42
      39
      36
      45
      34
      29
      43
      41
      48
      38
      40
      46
      51
      54
      56
      49
      37
      28
      35
      40
      37
      35
      47
      38
      37
      32
      33
      30
      52
      44
      31
      34
      37
      39
      39
      42
      44
      44
      37
      40
      31
      45
      31
      46
      51
      73
      69
      46
      34
      28
      31
      37
      29
      29
      32
      36
      38
      27
      38
      35
      43
      39
      46
      41
      51
      30
      37
      30
      22
      31
      24
      33
      34
      41
      40
      31
      30
      34
      36
      24
      43
      36
      31
      30
      20
      26
      40
      23
      34
      32
      39
      81
     121
     177
     100
      59
      45
      20
      32
      27
      30
      36
      39
      27
      24
      33
      32
      23
      43
      32
      33
      25
      31
      24
      30
      22
      31
      23
      34
      45
      36
      44
      19
      34
      29
      32
      33
      42
      24
      30
      26
      20
      36
      24
      21
      20
      30
      27
      26
      23
      27
      22
      22
      23
      30
      24
      31
      83
      97
      72
      40
      26
      31
      30
      29
      18
      26
      16
      26
      28
      22
      25
      31
      24
      20
      21
      23
      27
      26
      22
      23
      26
      13
      15
      24
      16
      18
      21
      22
      29
      19
      23
      28
      29
      28
      19
      21
      27
      21
      15
      23
      22
      27
      18
      21
      29
      17
      20
      22
      30
      22
      23
      15
      28
      21
      23
      25
      17
      25
      22
      19
      20
      17
      28
      16
      22
      19
      46
      82
     131
     151
      74
      33
      26
      19
      17
      12
      19
      20
      23
      15
      16
      16
      25
       6
      14
      25
      21
      25
      19
      38
      26
      20
      18
      11
      18
      15
      11
      19
      27
      18
      22
      20
      14
      14
      15
      21
      15
      23
      31
      28
      30
      20
      18
      28
      33
      51
      32
      34
      17
      15
      27
      48
      50
      45
      35
      18
      13
      22
      25
      17
      14
      13
      18
      12
      24
       6
      14
      13
      15
      13
      17
      14
      17
      21
      20
      16
      16
      24
      15
      25
      12
      20
      15
      18
      15
      14
      16
       9
      15
      15
      14
      14
      11
      10
      11
      12
      30
      58
      69
      45
      25
      21
      16
      13
      25
      19
      13
       9
      16
      13
      17
       6
       7
       7
      12
      15
       6
      12
       8
      14
      10
      13
      10
      18
       8
      16
      16
       8
      22
       8
      11
      11
       5
      19
      12
      15
       8
      11
      12
      13
      11
       9
      19
      18
      35
      24
      21
      11
       9
      16
       8
      12
      19
      16
      17
      12
      15
      16
       6
      14
       7
      20
      10
      10
       6
      11
       8
       9
      10
      13
      13
      12
      15
      10
       6
       8
      12
      12
      22
      13
       4
       7
      13
       8
      11
      11
       9
      26
      31
      32
      39
      12
      11
      16
      10
      12
       8
      14
      10
      16
       8
      10
       7
       9
       8
       6
       7
      10
      12
      13
       9
      10
       6
       5
       7
       7
      13
      13
      19
       9
      10
       9
      10
      10
      11
      11
       5
       9
       4
       9
       9
       9
      11
       9
       1
       9
      11
      10
      11
      11
       7
       8
      10
      10
       9
       6
       7
       6
       8
      12
       6
       5
      14
      10
      12
       5
      11
      10
       6
       7
       8
       4
       7
       5
       6
       2
       8
       9
       7
       9
      11
      10
      10
      11
       3
       8
       8
       6
       5
      11
      15
       9
       4
       5
      12
      10
       7
       5
       6
      10
       3
       6
       7
       6
      10
       5
      11
      12
       9
       7
       8
       7
       5
       9
       4
       8
       8
       7
       6
       8
       7
       8
       8
       7
       5
       9
       6
      11
       8
       6
       4
       2
       8
       8
       4
       2
       5
      10
       8
       6
      13
       6
       7
       7
       8
       8
      13
      10
      10
       5
       5
       9
       6
       9
      11
       6
       7
      10
       8
       6
      12
       6
       7
      11
      11
       7
       5
       9
       9
      11
       9
       6
       9
       5
       3
       9
       8
       6
       8
       6
       3
       8
       5
       9
       9
       6
       3
       6
       7
      14
      11
       4
       5
       7
       6
       5
       5
       6
       9
       6
       7
       9
       6
       4
       3
       9
       6
       5
      11
       7
       8
       7
       3
      10
       6
       4
       8
       7
       9
       6
       6
       5
       5
       4
       4
       8
       9
       6
      10
       4
       6
       1
       6
       5
       5
       5
       3
       5
       3
       1
       6
       6
       7
       5
       6
       5
       7
       2
       4
       8
       9
       5
       6
       4
       4
       8
       3
       5
       8
       8
       6
       4
       4
       6
       5
       7
       7
       6
       5
       3
       6
      10
       9
       9
       4
       8
       5
       5
       6
       2
       9
       6
       1
       6
       6
       6
       5
       3
       7
       3
       7
       5
       5
       7
       8
      13
      12
      15
      12
      13
       5
       2
       9
       9
      10
      10
       4
       5
       3
       5
       7
       3
       2
       3
       8
       4
       6
       7
       4
       4
       6
       6
       3
       3
       4
       5
       2
       5
       5
       7
       6
       7
       3
      10
      11
       6
       5
       4
       4
       8
       8
       3
       3
       2
       8
       6
       3
       6
       7
       3
       5
       5
       3
       9
       5
       5
       4
       7
       5
       0
       3
       8
       7
       4
       5
       6
       8
       9
       7
      13
       6
      13
      10
       7
       6
       7
       6
       3
       6
       3
       5
       7
       5
       4
       5
       4
       4
       4
       3
       4
       2
       2
       9
       1
       6
       7
       5
       7
       3
       6
       6
       2
       8
       9
       6
      13
      18
      10
       8
       8
       5
       6
       5
       5
       3
       2
       7
       6
       2
       3
       4
       6
       6
       5
       3
       3
       3
       5
       9
       1
       2
       5
       1
       7
       9
       3
       2
       3
       6
       1
       6
       8
       3
       6
       3
       2
       6
       4
       7
       6
       4
       6
       6
      11
      18
      25
      19
      12
       2
       4
       2
       5
       1
       7
       1
       3
       1
       4
       3
       2
       2
       2
       6
       5
       2
       3
       5
       5
       5
       5
       3
       2
       0
       8
       2
       4
       1
       6
       5
       4
       3
       6
       2
       3
       3
       6
       4
       8
       4
       8
       5
       8
       6
       6
       1
       2
       8
       3
       2
       5
       6
       4
       3
       2
       4
       3
       4
       4
       6
      13
      13
      15
       8
       8
       6
       7
       2
       1
       1
       5
       6
       1
       3
       5
       6
       4
       6
       2
       3
       6
       1
       5
       4
       4
       1
       4
       2
       3
       4
       5
       3
       4
       0
       4
       2
       3
      10
       7
       6
       5
       4
       3
       1
       3
       2
       3
       3
       5
       2
       4
       3
       4
       2
       3
       3
       5
       8
       4
       4
       1
       3
       2
       3
       6
       5
       3
       3
       2
       4
       7
      11
       9
       8
       8
       7
       5
       1
       3
       2
       3
       3
       5
       2
       2
       8
       3
       4
       8
       4
       6
       2
       4
       4
       2
       2
       2
       3
       7
       1
       1
       1
       2
       4
       1
       6
       4
       3
       2
       3
       4
       3
       6
       2
       5
       2
       7
       2
       4
       6
       3
       4
       1
       2
       5
       4
       6
       4
       7
       5
       5
       3
       3
       3
       2
       4
       3
      11
      16
      16
      18
      19
       9
       1
       2
       1
       1
       5
       2
       2
       0
       1
       0
       5
       1
       2
       5
       2
       5
       4
       1
       1
       2
       1
       0
       4
       5
       3
       1
       1
       8
       4
       3
       3
       5
       0
       9
       5
       3
       1
       1
       6
       2
       1
       2
       5
       7
       3
       0
       2
       1
       4
       1
       3
       5
       3
       6
       3
       2
       2
       3
       1
       4
       2
       0
       2
       4
       6
       6
       0
       5
       2
       1
       2
       3
       3
       4
       3
       1
       1
       3
       5
       4
       0
       3
       3
       4
       3
       5
       3
       3
       0
       5
       1
       5
       1
       4
       2
       4
       2
       8
       2
       3
       2
       2
       5
       4
       2
       4
       5
       6
       4
       5
       4
       3
       4
       1
       1
       1
       0
       5
       3
       7
      11
      11
      17
       9
      10
       4
       3
       5
       2
       3
      10
       5
       5
       3
       3
       1
       1
       5
       5
       3
       3
       4
       4
       7
       7
       5
       4
       9
       8
       4
       4
       4
       5
       3
       1
       4
       2
       5
       4
       4
       5
       4
       1
       5
       4
       1
       5
       7
       4
       4
       0
       1
       3
       3
       6
       2
       3
       3
       2
       3
       4
       3
       3
       5
       4
       1
       2
       2
       1
       1
       0
       2
       2
       5
       2
       5
       1
       2
       3
       7
       2
       2
       5
       1
       2
       2
       4
       3
       2
       1
       2
       5
       4
       3
       3
       5
       1
       3
       0
       3
       2
       1
       2
       1
       1
       6
       4
       1
       3
       3
       3
       5
       5
       1
       2
       6
       2
       4
       3
       1
       6
       2
       1
       4
       2
       5
       1
       2
       1
       4
       5
       0
       4
       4
       4
       3
       1
       6
       4
       7
       1
       1
       4
       4
       3
       2
       3
       3
       5
       0
       4
       3
       1
       6
       1
       5
       3
       4
       1
       3
       4
       4
       1
       2
       3
       2
       3
       2
       1
       2
       1
       3
       5
       5
       3
       1
       2
       2
      10
       2
       5
       2
       1
       1
       4
       0
       1
       3
       2
       2
       1
       1
       5
       1
       3
       2
       1
       1
       1
       2
       2
       5
       3
       1
       5
       0
       3
       2
       3
       2
       3
       1
       1
       4
       2
       2
       2
       1
      10
      12
      15
      13
       5
       8
       6
       3
       0
       1
       3
       4
       2
       3
       5
       1
       6
       4
       5
       9
       3
       4
       3
       4
       3
       0
       2
       0
       4
       1
       2
       3
       2
       2
       3
       1
       3
       3
       3
       0
       5
       4
       0
       1
       3
       3
       3
       2
       3
       1
       4
       5
       3
       0
       4
       2
       5
       5
       3
       4
       5
       2
       5
       2
       1
       1
       3
       5
       4
       1
       2
       1
       1
       1
       4
       4
       1
       0
       1
       5
       5
       2
       4
       3
       2
       1
       2
       1
       3
       2
       2
       7
       5
       3
       2
       2
       1
       3
       2
       2
       2
       1
       1
       2
       1
       4
       1
       2
       2
       8
       1
       4
       2
       4
       1
       1
       3
       1
       1
       3
       2
       1
       2
       3
       1
       1
       3
       2
       0
       1
       1
       1
       2
       1
       4
       2
       2
       3
       3
       1
       1
       3
       3
       1
       3
       2
       1
       0
       5
       5
       2
       0
       1
       1
       2
       5
       3
       1
       4
       6
       4
       2
       2
       3
       2
       4
       3
       1
       2
       1
       2
       0
       1
       1
       3
       6
       2
       1
       7
       2
       3
       2
       3
       1
       2
       0
       2
       1
       3
       1
       0
       2
       1
       3
       2
       0
       1
       1
       1
       1
       3
       3
       2
       1
       1
       3
       1
       1
       1
       1
       2
       1
       2
       1
       3
       1
       1
       1
       3
       0
       1
       1
       2
       3
       2
       0
       1
       0
       1
       0
       1
       0
       2
       1
       2
       1
       3
       0
       4
       1
       3
       1
       0
       3
       3
       3
       3
       1
       4
       2
       1
       5
       2
       1
       4
       3
       2
       1
       0
       0
       0
       4
       6
       1
       1
       2
       2
       4
       0
       2
       0
       1
       1
       2
       0
       0
       2
       0
       0
       3
       5
       2
       1
       1
       2
       0
       1
       2
       1
       2
       2
       3
       3
       1
       1
       2
       4
       3
       2
       4
       2
       1
       1
       1
       0
       2
       1
       0
       3
       0
       2
       2
       2
       2
       1
       1
       1
       4
       3
       1
       2
       1
       2
       0
       0
       1
       2
       1
       2
       2
       3
       1
       0
       1
       0
       1
       2
       2
       2
       2
       2
       1
       3
       3
       1
       1
       3
       3
       9
      13
      12
      11
      11
       5
       6
       3
       1
       1
       1
       3
       1
       0
       1
       4
       3
       0
       4
       2
       1
       0
       1
       2
       1
       3
       4
       6
       9
       3
       3
       1
       2
       1
       1
       2
       0
       2
       1
       3
       0
       4
       1
       2
       1
       0
       2
       1
       2
       3
       2
       2
       0
       0
       0
       3
       0
       2
       1
       0
       2
       1
       2
       2
       2
       0
       0
       1
       2
       3
       2
       0
       1
       2
       2
       2
       1
       0
       1
       1
       3
       4
       4
       6
       8
       4
       6
       2
       0
       0
       2
       3
       1
       3
       0
       2
       1
       1
       0
       1
       2
       2
       2
       2
       4
       2
       3
       0
       2
       1
       2
       2
       3
       0
       1
       0
       2
       1
       0
       0
       3
       4
       1
       2
       0
       0
       3
       1
       2
       2
       1
       1
       2
       2
       3
       0
       3
       1
       1
       2
       0
       2
       3
       3
       8
       2
       1
       2
       1
       1
       1
       0
       2
       0
       1
       2
       0
       3
       1
       0
       0
       0
       2
       0
       2
       4
       1
       1
       3
       2
       2
       3
       3
       3
       2
       2
       1
       1
       1
       1
       0
       0
       0
       1
       3
       1
       2
       0
       3
       1
       4
       2
       3
       5
       4
       1
       1
       0
       2
       1
       2
       0
       1
       2
       1
       2
       0
       1
       2
       0
       4
       2
       3
       6
       6
       8
       1
       5
       5
       3
       4
       5
       2
       8
      11
      14
       9
       6
       7
       4
       5
       6
       8
       4
       2
       0
       3
       1
       1
       0
       0
       1
       1
       0
       1
       2
       3
       1
       1
       1
       0
       2
       2
       0
       0
       0
       0
       2
       0
       2
       0
       0
       3
       1
       2
       1
       1
       2
       1
       1
       1
       1
       2
       1
       2
       1
       2
       1
       2
       0
       3
       2
       7
       1
       1
       0
       1
       1
       1
       1
       0
       4
       1
       3
       0
       3
       1
       2
       0
       2
       2
       1
       2
       1
       2
       2
       5
       1
       4
       1
       0
       0
       3
       3
       0
       4
       0
       1
       4
       2
       4
       4
       2
       3
       3
       2
       1
       2
       1
       1
       0
       2
       3
       2
       1
       0
       2
       2
       1
       1
       5
       0
       2
       1
       0
       2
       1
       2
       1
       1
       2
       1
       0
       0
       4
       0
       0
       0
       1
       0
       1
       2
       2
       1
       0
       3
       1
       1
       1
       3
       1
       3
       2
       6
       5
       2
       2
       0
       3
       0
       1
       0
       1
       3
       1
       0
       2
       0
       1
       1
       0
       0
       0
       1
       0
       4
       4
       1
       1
       0
       0
       0
       0
       2
       0
       0
       3
       2
       0
       2
       4
       3
       2
       3
       2
       2
       0
       0
       1
       3
       1
       3
       1
       2
       1
       1
       1
       1
       0
       5
       0
       1
       1
       2
       2
       0
       0
       0
       1
       3
       1
       0
       2
       1
       0
       1
       0
       0
       2
       0
       0
       1
       1
       0
       2
       0
       3
       1
       1
       1
       2
       1
       2
       1
       3
       5
       0
       2
       1
       2
       1
       0
       0
       0
       3
       1
       1
       1
       0
       0
       1
       1
       0
       0
       1
       0
       0
       1
       2
       5
       1
       0
       2
       0
       1
       0
       2
       1
       0
       0
       3
       1
       0
       1
       2
       0
       1
       0
       0
       1
       1
       2
       1
       1
       5
       2
       2
       0
       0
       1
       1
       4
       1
       1
       0
       2
       0
       1
       2
       2
       2
       2
       1
       0
       1
       0
       0
       1
       2
       2
       0
       0
       0
       1
       2
       0
       2
       1
       1
       0
       0
       0
       1
       2
       2
       3
       1
       1
       1
       1
       2
       1
       1
       1
       3
       0
       4
       0
       1
       1
       2
       1
       1
       1
       2
       1
       0
       1
       0
       0
       1
       0
       2
       3
       3
       0
       0
       0
       0
       1
       0
       0
       0
       1
       1
       0
       4
       0
       2
       1
       0
       4
       1
       1
       1
       0
       3
       2
       0
       0
       3
       2
       0
       1
       1
       1
       0
       2
       5
       4
       8
       4
       2
       3
       3
       1
       1
       0
       0
       2
       0
       0
       2
       0
       0
       2
       1
       0
       3
       2
       0
       1
       0
       1
       2
       2
       0
       1
       2
       2
       4
       5
       4
       1
       2
       1
       1
       1
       1
       1
       1
       2
       2
       1
       0
       0
       0
       0
       1
       1
       0
       0
       0
       0
       1
       2
       4
       0
       2
       2
       2
       0
       0
       2
       1
       0
       0
       3
       0
       1
       0
       2
       2
       1
       1
       2
       2
       0
       0
       1
       1
       0
       2
       0
       2
       1
       1
       1
       0
       0
       4
       2
       1
       0
       2
       1
       1
       0
       2
       2
       0
       0
       0
       1
       2
       0
       2
       1
       0
       0
       1
       1
       3
       1
       0
       2
       0
       1
       1
       0
       2
       1
       1
       1
       0
       0
       1
       1
       2
       1
       0
       2
       4
       6
       4
       4
       1
       4
       0
       1
       3
       0
       1
       2
       0
       4
       5
       7
       4
       1
       5
       3
       1
       1
       0
       0
       3
       1
       1
       2
       0
       0
       0
       2
       0
       1
       1
       1
       3
       2
       1
       4
       0
       0
       1
       0
       0
       1
       0
       0
       0
       0
       1
       0
       1
       0
       2
       0
       1
       0
       1
       1
       2
       0
       0
       2
       0
       1
       2
       1
       1
       3
       3
       3
       1
       1
       0
       1
       0
       2
       0
       2
       1
       2
       1
       1
       0
       0
       1
       0
       1
       1
       2
       0
       1
       1
       1
       2
       1
       0
       1
       1
       2
       0
       1
       1
       1
       1
       0
       1
       0
       0
       0
       1
       1
       1
       0
       1
       1
       1
       1
       2
       1
       2
       2
       0
       0
       2
       0
       0
       0
       0
       0
       0
       1
       1
       1
       1
       3
       1
       1
       2
       0
       0
       1
       0
       0
       2
       1
       1
       2
       1
       1
       3
       2
       0
       1
       1
       3
       1
       0
       2
       1
       2
       0
       0
       0
       3
       2
       2
       3
       2
       1
       3
       1
       2
       0
       1
       1
       2
       2
       0
       1
       1
       2
       0
       1
       0
       0
       0
       1
       1
       1
       0
       0
       1
       1
       0
       1
       1
       0
       2
       0
       0
       0
       1
       1
       1
       1
       1
       1
       0
       2
       0
       0
       0
       1
       0
       3
       0
       0
       0
       1
       1
       0
       0
       2
       2
       1
       4
       2
       5
       1
       1
       0
       0
       0
       2
       0
       2
       0
       2
       1
       0
       1
       0
       0
       1
       0
       1
       0
       0
       0
       0
       2
       4
       0
       4
       4
       2
       2
       0
       1
       0
       0
       1
       0
       1
       1
       0
       1
       0
       0
       1
       2
       2
       1
       0
       1
       2
       1
       1
       2
       0
       2
       0
       0
       1
       0
       1
       0
       0
       1
       0
       0
       0
       0
       1
       1
       0
       0
       0
       2
       0
       3
       0
       2
       0
       1
       5
       0
       0
       3
       1
       0
       1
       2
       2
       0
       0
       0
       1
       2
       1
       0
       2
       1
       1
       0
       0
       0
       0
       0
       1
       0
       0
       0
       0
       0
       0
       1
       1
       2
       2
       1
       1
       0
       0
       0
       1
       0
       2
       0
       1
       1
       0
       0
       1
       1
       0
       1
       0
       3
       0
       0
       0
       1
       1
       0
       0
       0
       2
       2
       1
       1
       0
       0
       0
       1
       0
       1
       1
       0
       0
       3
       0
       0
       0
       0
       0
       1
       0
       1
       0
       0
       0
       1
       0
       0
       0
       0
       0
       2
       0
       0
       0
       0
       0
       1
       2
       3
       5
       5
       3
       4
       1
       0
       0
       1
       0
       1
       1
       1
       1
       0
       1
       1
       2
       0
       0
       0
       1
       2
       0
       0
       0
       1
       1
       0
       0
       1
       0
       0
       0
       1
       0
       1
       0
       0
       1
       1
       0
       1
       0
       0
       0
       0
       0
       1
       0
       2
       1
       1
       0
       0
       1
       1
       0
       0
       1
       1
       0
       1
       1
       0
       0
       0
       0
       0
       0
       1
       0
       0
       1
       0
       1
       0
       1
       0
       0
       0
       2
       0
       1
       0
       0
       1
       1
       0
       0
       0
       0
       1
       1
       0
       0
       0
       0
       0
       1
       0
       0
       1
       0
       0
       0
       0
       1
       0
       0
       0
       2
       1
       0
       0
       1
       3
       0
       0
       1
       0
       0
       0
       1
       1
       0
       0
       0
       0
       0
       1
       2
       1
       1
       3
       0
       1
       0
       2
       0
       1
       0
       0
       1
       1
       0
       0
       0
       0
       0
       0
       0
       1
       0
       0
       0
       0
       1
       0
       0
       0
       0
       2
       0
       0
       0
       0
       2
       3
       2
       0
       0
       0
       0
       1
       2
       0
       0
       0
       2
       1
       0
       1
       1
       0
       0
       0
       0
       1
       0
       0
       0
       2
       3
       1
       0
       1
       4
       0
       0
       2
       0
       1
       0
       0
       1
       0
       0
       1
       0
       0
       0
       0
       0
       0
       0
       0
       0
       0
       0
       0
       0
       0
       0
       0
       0
       0
       1
       0
       0
       0
       1
       0
       1
       1
       1
       1
       0
       0
       2
       0
       0
       0
       0
       0
       1
       1
       0
       0
       0
       0
       1
       1
       0
       0
       0
       0
       1
       1
       0
       0
       2
       0
       0
       0
       0
       1
       2
       1
       0
       0
       1
       0
       0
       1
       0
       0
       1
       0
       0
       0
       1
       1
       0
       1
       1
       0
       1
       0
       0
       0
       1
       1
       0
       1
       0
       0
       0
       0
       0
       1
       0
       1
       1
       0
       0
       1
       0
       0
       0
       0
       0
       0
       0
       0
       0
       1
       1
       0
       0
       1
       0
       1
       1
       3
       0
       2
       4
       9
      12
      24
      28
      26
      14
      12
       9
       2
       0
       1
       0
       0
       0
       0
       0
       0
       1
       0
       0
       0
       3
       0
       1
       1
       0
       0
       1
       0
       0
       0
       0
       0
       0
       0
       0
       1
       0
       0
       0
       0
       0
       0
       0
       0
       0
       0
       0
       0
       0
       0
       0
       0
       0
       0
       0
       1
       0
       0
       0
       1
       0
       1
       0
       0
       0
       0
       0
       0
       1
       0
       0
       0
       0
       1
       0
       0
       0
       0
       0
       0
       0
       0
       0
       0
       0
       0
       1
       0
       0
       3
       0
       0
       1
       0
       0
       0
       0
       0
       0
       0
       0
       0
       0
       0
       0
       0
       0
       0
       0
       1
       1
       0
       1
       0
       0
       0
       0
       0
       1
       0
       0
       0
       0
       0
       0
       0
       0
       0
       2
       0
       0
       0
       0
       1
       0
       0
       0
       0
       0
       0
       0
       0
       0
       1
       0
       0
       2
       0
       0
       0
       0
       0
       0
       0
       0
       1
       0
       1
       0
       1
       0
       0
       2
       0
       1
       0
       1
       1
       0
       1
       0
       0
       0
       0
       0
       0
       1
       0
       0
       0
       0
       0
       0
       1
       1
       0
       0
       0
       0
       0
       0
       0
       0
       1
       0
       0
       0
       0
       0
       0
       1
       1
       1
       0
       1
       0
       1
       0
       0
       0
       0
       1
       0
       1
       1
       0
       1
       0
       1
       0
       0
       0
       0
       0
       0
       0
       0
       0
       0
       0
       0
       1
       0
       0
       0
       0
       0
       0
       0
       0
       0
       0
       0
       0
       0
       0
       1
       0
       0
       0
       0
       0
       0
       0
       0
       0
       0
       0
       0
       0
       1
       1
       0
       0
       0
       1
       0
       0
       0
       1
       0
       0
       0
       0
       0
       1
       0
       0
       0
       1
       0
       1
       1
       0
       1
       1
       2
       0
       0
       0
       0
       0
       0
       0
       0
       0
       1
       0
       1
       0
       0
       1
       0
       1
       0
       0
       0
       0
       0
       0
       1
       1
       0
       1
       0
       0
       0
       0
       0
       0
       0
       1
       0
       0
       0
       1
       0
       0
       0
       0
       1
       1
       0
       0
       0
       1
       0
       2
       0
       0
       0
       1
       0
       0
       0
       0
       0
       0
       0
       0
       0
       1
       0
       0
       0
       1
       0
       0
       0
       0
       0
       0
       0
       0
       0
       1
       0
       1
       0
       0
       0
       0
       1
       0
       0
       0
       0
       0
       0
       0
       0
       0
       0
       0
       0
       0
       0
       0
       0
       0
       0
       0
       0
       1
       0
       0
       0
       0
       0
       0
       0
       0
       0
       1
       0
       0
       0
       0
       2
       0
       0
       0
       0
       0
       0
       0
       0
       0
       0
       0
       0
       0
       0
       0
       0
       0
       0
       1
       0
       0
       0
       0
       0
       0
       1
       1
       1
       0
       0
       0
       0
       0
       0
       0
       0
       0
       0
       0
       0
       0
       1
       0
       0
       1
       0
       1
       1
       0
       0
       0
       1
       1
       1
       0
       0
       0
       1
       1
       0
       0
       1
       0
       0
       0
       0
       0
       1
       0
       0
       0
       1
       0
       0
       0
       0
       1
       1
       1
       0
       0
       1
       0
       0
       0
       0
       0
       0
       0
       0
       0
       1
       0
       0
       0
       0
       0
       0
       1
       0
       0
       1
       0
       0
       0
       0
       1
       0
       0
       0
       1
       0
       0
       0
       0
       0
       0
       0
       1
       1
       0
       0
       0
       0
       0
       1
       0
       0
       1
       0
       1
       0
       0
       0
       0
       0
       0
       0
       0
       1
       0
       0
       0
       1
       1
       0
       0
       1
       0
       0
       1
       2
       1
       0
       0
       0
       0
       0
       2
       0
       0
       0
       1
       0
       0
       0
       0
       0
       0
       0
       0
       0
       0
       0
       1
       0
       0
       0
       0
       0
       0
       0
       0
       0
       0
       0
       0
       0
       0
       0
       1
       0
       1
       0
       0
       0
       0
       0
       0
       0
       1
       0
       0
       0
       0
       0
       0
       0
       0
       0
       0
       0
       1
       0
       0
       0
       0
       0
       0
       0
       0
       0
       0
       0
       0
       1
       0
       1
       1
       0
       0
       0
       0
       0
       1
       0
       0
       1
       0
       0
       0
       0
       1
       1
       0
       0
       0
       0
       0
       0
       1
       0
       0
       0
       0
       0
       0
       0
       0
       1
       0
       0
       0
       0
       0
       0
       0
       0
       0
       0
       0
       0
       0
       0
       0
       0
       0
       0
       0
       0
       0
       0
       0
       1
       0
       0
       0
       0
       0
       0
       0
       0
       0
       0
       0
       0
       0
       0
       0
       1
       0
       0
       0
       0
       0
       0
       0
       0
       0
       0
       0
       1
       0
       0
       0
       1
       0
       0
       0
       1
       0
       0
       0
       0
       0
       0
       0
       0
       0
       0
       0
       0
       0
       0
       0
       0
       0
       0
       0
       1
       0
       0
       0
       0
       0
       0
       0
       0
       0
       0
       0
       0
       0
       0
       0
       0
       0
       0
       0
       0
       0
       0
       1
       1
       0
       0
       0
       0
       1
       2
       3
       2
       3
       2
       2
       1
       0
       0
       1
       0
       1
       0
       0
       0
       0
       0
       0
       0
       1
       0
       0
       0
       0
       0
       0
       0
       0
       0
       0
       0
       0
       1
       0
       0
       0
       0
       0
       0
       1
       0
       0
       0
       0
       0
       0
       0
       0
       1
       0
       1
       0
       0
       1
       0
       0
       0
       0
       0
       0
       0
       0
       0
       0
       1
       0
       0
       0
       0
       0
       1
       0
       0
       1
       0
       0
       0
       1
       0
       0
       0
       0
       0
       0
       0
       0
       0
       0
       0
       0
       0
       0
       0
       0
       0
       0
       0
       0
       0
       0
       0
       0
       0
       0
       0
       0
       1
       0
       0
       0
       0
       1
       1
       2
       0
       0
       0
       0
       0
       0
       0
       0
       0
       0
       0
       0
       0
       0
       0
       0
       0
       0
       0
       0
       0
       0
       0
       0
       0
       1
       0
       0
       0
       0
       0
       0
       0
       0
       0
       0
       0
       0
       0
       0
       0
       1
       0
       0
       0
       0
       0
       0
       0
       0
       0
       1
       0
       0
       0
       0
       1
       0
       0
       0
       0
       0
       0
       0
       0
       0
       0
       0
       0
       0
       0
       0
       0
       0
       1
       0
       0
       0
       2
       0
       0
       0
       1
       0
       0
       0
       0
       0
       0
       0
       0
       0
       0
       0
       1
       0
       0
       0
       0
       0
       0
       1
       0
       0
       0
       0
       0
       0
       0
       0
       0
       0
       0
       0
       0
       2
       0
       0
       0
       0
       0
       0
       0
       0
       0
       0
       1
       0
       0
       0
       1
       0
       0
       0
       0
       0
       0
       0
       0
       0
       0
       0
       0
       0
       0
       0
       0
       0
       0
       0
       0
       0
       0
       0
       0
       0
       0
       0
       0
       0
       0
       0
       0
       0
       0
       0
       0
       0
       0
       1
       0
       0
       0
       0
       0
       0
       0
       0
       0
       0
       0
       0
       0
       0
       1
       0
       0
       0
       0
       1
       0
       0
       0
       0
       0
       0
       0
       0
       0
       0
       0
       0
       0
       0
       0
       0
       0
       0
       0
       1
       1
       1
       0
       0
       0
       1
       0
       0
       0
       0
       0
       0
       0
       0
       0
       0
       0
       0
       0
       0
       0
       0
       0
       0
       0
       0
       0
       0
       0
       0
       1
       0
       0
       0
       0
       0
       0
       0
       0
       0
       0
       0
       0
       0
       1
       0
       0
       1
       0
       0
       0
       0
       0
       0
       0
       0
       0
       0
       0
       0
       0
       0
       0
       0
       0
       0
       0
       0
       0
       0
       0
       0
       0
       0
       0
       0
       1
       0
       0
       0
       0
       0
       0
       0
       1
       0
       0
       0
       0
       0
       0
       0
       0
       0
       1
       0
       0
       0
       0
       0
       0
       0
       0
       0
       0
       0
       0
       0
       0
       0
       0
       0
       0
       0
       0
       0
       0
       0
       0
       0
       0
       1
       0
       1
       0
       0
       0
       0
       0
       0
       0
       0
       0
       0
       0
       0
       0
       0
       0
       0
       0
       0
       0
       0
       0
       0
       0
       0
       0
       0
       0
       0
       0
       0
       0
       0
       0
       0
       0
       0
       0
       0
       0
       0
       0
       1
       0
       0
       0
       0
       0
       0
       1
       0
       0
       0
       0
       0
       0
       0
       0
       0
       0
       0
       0
       1
       0
       0
       1
       1
       0
       0
       0
       0
       0
       0
       0
       0
       0
       0
       0
       0
       0
       0
       0
       0
       0
       0
       1
       0
       0
       0
       0
       1
       0
       0
       0
       0
       0
       0
       0
       0
       0
       0
       0
       0
       0
       0
       0
       0
       0
       0
       0
       0
       0
       0
       0
       0
       0
       0
       0
       0
       0
       0
       0
       0
       0
       0
       0
       0
       0
       0
       1
       0
       0
       1
       0
       0
       0
       0
       0
       1
       0
       0
       0
       0
       2
       0
       0
       0
       0
       0
       0
       0
       0
       0
       0
       0
       0
       0
       0
       1
       0
       0
       1
       0
       0
       0
       0
       0
       0
       0
       0
       0
       0
       2
       0
       1
       0
       0
       0
       0
       0
       0
       0
       0
       0
       0
       0
       0
       0
       0
       1
       0
       0
       0
       0
       0
       0
       0
       0
       0
       0
       0
       1
       0
       0
       0
       0
       0
       0
       0
       0
       0
       0
       0
       0
       0
       0
       2
       0
       0
       0
       1
       0
       0
       0
       0
       0
       1
       0
       0
       0
       0
       0
       0
       0
       0
       0
       0
       0
       0
       0
       0
       0
       0
       0
       0
       0
       0
       0
       0
       0
       0
       1
       0
       0
       0
       0
       0
       0
       0
       0
       0
       0
       0
       0
       0
       0
       0
       0
       0
       0
       0
       0
       0
       0
       0
       0
       0
       0
       0
       0
       0
       0
       1
       0
       0
       0
       0
       0
       0
       0
       1
       0
       0
       0
       0
       0
       0
       0
       0
       0
       1
       1
       0
       0
       0
       0
       0
       0
       0
       0
       0
       0
       0
       0
       0
       0
       0
       0
       0
       0
       0
       0
       0
       1
       0
       0
       0
       0
       1
       0
       0
       0
       0
       0
       0
       1
       0
       0
       0
       0
       0
       0
       1
       0
       0
       0
       1
       0
       0
       0
       0
       0
       0
       0
       0
       0
       0
       0
       0
       1
       0
       0
       0
       0
       0
       0
       0
       0
       1
       0
       0
       0
       0
       0
       0
       0
       0
       0
       0
       0
       0
       0
       0
       0
       0
       0
       0
       0
       0
       0
       0
       0
       0
       0
       0
       1
       0
       0
       0
       0
       1
       0
       0
       0
       0
       0
       0
       0
       1
       0
       0
       0
       0
       0
       0
       0
       0
       0
       1
       0
       0
       0
       0
       0
       1
       0
       0
       0
       0
       0
       0
       0
       0
       1
       0
       0
       0
       0
       0
       0
       0
       0
       0
       0
       0
       1
       0
       0
       1
       0
       0
       0
       0
       0
       0
       1
       0
       0
       0
       1
       0
       0
       0
       0
       0
       0
       0
       0
       0
       0
       0
       0
       0
       0
       0
       0
       0
       0
       0
       0
       0
       0
       0
       0
       0
       0
       0
       0
       0
       0
       0
       0
       1
       0
       1
       0
       0
       0
       0
       0
       0
       0
       0
       0
       0
       0
       0
       0
       0
       0
       0
       0
       1
       0
       0
       0
       0
       0
       0
       0
       0
       0
       0
       0
       0
       0
       1
       0
       0
       0
       0
       0
       0
       0
       0
       0
       0
       0
       0
       0
       0
       0
       0
       0
       0
       0
       0
       0
       1
       0
       0
       0
       0
       0
       0
       0
       0
       0
       0
       0
       0
       0
       0
       0
       0
       0
       0
       1
       0
       1
       0
       0
       0
       0
       0
       1
       0
       0
       0
       0
       0
       0
       0
       0
       0
       0
       1
       0
       0
       0
       0
       0
       0
       0
       0
       0
       0
       0
       0
       1
       0
       0
       0
       0
       0
       1
       0
       0
       0
       0
       0
       0
       0
       0
       0
       0
       0
       0
       0
       0
       0
       0
       0
       0
       0
       0
       0
       0
       0
       0
       0
       0
       0
       0
       0
       0
       0
       0
       1
       0
       0
       0
       0
       0
       0
       0
       0
       0
       0
       0
       0
       0
       0
       0
       0
       0
       0
       0
       0
       0
       0
       0
       0
       0
       0
       0
       0
       0
       0
       0
       0
       0
       0
       0
       1
       0
       0
       0
       0
       2
       0
       2
       1
       0
       1
       1
       0
       0
       0
       0
       0
       0
       0
       0
       0
       0
       0
       0
       0
       0
       0
       0
       0
       1
       0
       0
       0
       0
       0
       0
       0
       0
       0
       0
       0
       0
       0
       0
       0
       0
       0
       0
       0
       0
       0
       0
       0
       0
       0
       1
       0
       0
       0
       0
       1
       0
       0
       0
       0
       0
       0
       0
       0
       0
       0
       0
       0
       0
       0
       0
       0
       0
       0
       0
       0
       0
       0
       1
       0
       0
       0
       0
       0
       0
       0
       0
       0
       0
       0
       0
       0
       0
       0
       0
       0
       0
       1
       1
       0
       0
       0
       0
       0
       0
       0
       0
       0
       0
       0
       0
       0
       0
       0
       0
       0
       0
       0
       0
       0
       0
       0
       0
       0
       0
       0
       0
       0
       0
       0
       0
       0
       0
       0
       0
       0
       0
       0
       0
       0
       0
       0
       1
       0
       0
       0
       0
       0
       0
       0
       0
       0
       0
       0
       0
       0
       0
       0
       0
       0
       0
       0
       0
       0
       0
       0
       0
       0
       0
       0
       0
       0
       0
       0
       0
       0
       0
       0
       0
       0
       0
       0
       1
       0
       0
       1
       1
       0
       0
       0
       0
       0
       0
       0
       0
       0
       0
       0
       0
       1
       0
       1
       0
       1
       0
       0
       0
       0
       0
       1
       0
       0
       0
       0
       1
       0
       1
       0
       0
       0
       0
       0
       0
       1
       0
       0
       0
       0
       0
       0
       0
       1
       0
       0
       0
       0
       0
       1
       0
       0
       0
       0
       0
       0
       0
       0
       0
       0
       0
       0
       0
       0
       0
       0
       0
       0
       0
       0
       0
       0
       1
       0
       0
       0
       0
       0
       0
       0
       0
       0
       0
       0
       0
       0
       0
       0
       0
       0
       0
       0
       0
       0
       0
       0
       1
       0
       0
       0
       0
       0
       0
       0
       1
       0
       0
       0
       0
       0
       0
       0
       0
       0
       0
       0
       0
       0
       0
       0
       0
       0
       0
       0
       0
       0
       0
       0
       0
       0
       1
       0
       0
       0
       0
       0
       0
       0
       0
       1
       0
       0
       0
       0
       0
       0
       0
       1
       0
       0
       0
       0
       0
       0
       0
       0
       0
       1
       0
       0
       0
       0
       0
       0
       0
       0
       0
       0
       0
       1
       0
       0
       0
       0
       0
       0
       0
       0
       0
       0
       1
       0
       0
       0
       0
       0
       0
       0
       0
       0
       0
       0
       0
       0
       0
       0
       0
       0
       0
       0
       0
       1
       0
       0
       0
       0
       0
       1
       0
       0
       0
       0
       0
       0
       0
       0
       0
       0
       0
       0
       0
       0
       0
       0
       0
       0
       0
       0
       0
       0
       0
       0
       0
       0
       0
       0
       0
       0
       0
       1
       0
       1
       0
       0
       0
       0
       0
       1
       1
       0
       0
       0
       0
       0
       1
       0
       0
       0
       0
       0
       0
       1
       0
       0
       0
       0
       0
       1
       0
       0
       0
       0
       0
       0
       1
       0
       0
       0
       0
       0
       0
       1
       0
       0
       0
       0
       0
       0
       0
       0
       2
       0
       0
       0
       0
       0
       0
       1
       0
       0
       1
       0
       0
       0
       0
       0
       0
       0
       1
       0
       0
       0
       1
       0
       2
       0
       1
       1
       0
       0
       0
       0
       0
       1
       0
       0
       0
       0
       0
       0
       0
       0
       0
       1
       0
       1
       0
       1
       0
       0
       0
       0
       0
       0
       0
       0
       0
       0
       1
       0
       0
       0
       0
       0
       0
       0
       0
       0
       0
       1
       0
       0
       0
       0
       0
       0
       0
       0
       0
       0
       0
       0
       0
       0
       0
       0
       0
       0
       0
       0
       0
       0
       0
       0
       0
       0
       1
       0
       0
       0
       0
       0
       0
       0
       0
       0
       0
       0
       0
       0
       0
       0
       0
       0
       0
       0
       0
       0
       0
       0
       0
       0
       0
       0
       0
       0
       0
       0
       0
       0
       0
       0
       0
       0
       0
       0
       0
       0
       0
       0
       0
       0
       0
       0
       0
       0
       0
       0
       0
       0
       1
       0
       0
       0
       0
       0
       1
       0
       0
       0
       0
       0
       0
       0
       0
       0
       0
       0
       0
       0
       0
       0
       0
       1
       0
       1
       0
       0
       0
       0
       0
       0
       0
       0
       0
       0
       0
       0
       0
       0
       0
       0
       0
       0
       1
       0
       0
       0
       0
       0
       0
       0
       1
       0
       0
       0
       1
       0
       0
       0
       0
       0
       0
       0
       0
       0
       0
       0
       0
       0
       0
       0
       0
       0
       0
       0
       0
       0
       0
       0
       0
       0
       0
       0
       0
       0
       0
       1
       0
       1
       0
       1
       0
       0
       0
       0
       0
       0
       0
       0
       0
       0
       0
       0
       0
       0
       0
       0
       0
       0
       0
       0
       0
       0
       0
       0
       0
       0
       0
       0
       1
       0
       0
       0
       0
       0
       0
       0
       0
       0
       0
       0
       0
       0
       0
       2
       0
       0
       1
       0
       0
       0
       0
       0
       0
       0
       0
       0
       0
       0
       0
       0
       0
       0
       0
       0
       0
       0
       0
       0
       0
       0
       0
       0
       0
       0
       0
       0
       0
       0
       0
       0
       0
       0
       0
       0
       0
       0
       0
       0
       0
       0
       0
       0
       0
       0
       0
       0
       0
       0
       0
       0
       0
       0
       0
       0
       0
       0
       0
       0
       0
       0
       0
       0
       0
       0
       0
       0
       0
       0
       0
       0
       0
       0
       0
       0
       0
       0
       0
       0
       0
       0
       0
       0
       0
       0
       0
       0
       0
       0
       0
       0
       0
       0
       0
       0
       0
       0
       1
       0
       0
       0
       0
       0
       0
       0
       0
       0
       0
       0
       0
       0
       0
       0
       0
       0
       0
       0
       0
       0
       0
       0
       0
       0
       0
       0
       0
       0
       0
       0
       0
       0
       0
       0
       0
       0
       0
       0
       0
       0
       0
       0
       0
       0
       0
       0
       0
       0
       0
       0
       0
       0
       0
       0
       0
       0
       0
       0
       0
       0
       0
       0
       0
       0
       0
       0
       0
       0
       0
       0
       0
       0
       0
       0
       0
       0
       0
       0
       0
       0
       0
       0
       0
       0
       0
       0
       0
       0
       0
       0
       0
       0
       0
       0
       0
       0
       0
       0
       0
       0
       0
       0
       0
       0
       0
       0
       0
       0
       0
       0
       0
       0
       0
       0
       0
       0
       0
       0
       0
       0
       0
       0
       0
       0
       0
       0
       0
       0
       0
       0
       0
       0
       0
       0
       0
       0
       0
       0
       0
       0
       0
       0
       0
       0
       0
       0
       0
       0
       0
       0
       0
       0
       0
       0
       0
       0
       0
       0
       0
       1
       0
       0
       0
       0
       0
       0
       0
       0
       0
       0
       0
       0
       0
       0
       0
       0
       0
       0
       0
       1
       0
       0
       2
       0
       2
       0
       2
       2
       3
       1
       1
       0
       0
       0
       0
       0
       0
       0
       0
       0
       0
       0
       0
       0
       0
       0
       0
       0
       0
       0
       0
       0
       0
       0
       0
       0
       0
       0
       0
       0
       0
       0
       0
       0
       0
       0
       0
       0
       0
       0
       0
       0
       0
       0
       0
       0
       0
       0
       0
       0
       0
       0
       0
       0
       0
       0
       0
       0
       0
       0
       1
       0
       0
       0
       0
       0
       0
       0
       0
       0
       0
       0
       0
       0
       0
       0
       0
       0
       0
       0
       0
       0
       0
       0
       0
       0
       0
       0
       0
       0
       0
       0
       0
       0
       0
       0
       0
       0
       0
       0
       0
       0
       0
       0
       0
       0
       0
       0
       0
       0
       0
       0
       0
       0
       0
       0
       0
       0
       0
       0
       0
       0
       0
       0
       0
       0
       0
       0
       0
       0
       0
       0
       0
       0
       0
       0
       0
       0
       0
       0
       0
       0
       0
       0
       0
       0
       0
       0
       0
       0
       0
       0
       0
       0
       0
       0
       0
       0
       0
       0
       0
       0
       0
       0
       0
       0
       0
       0
       0
       0
       0
       0
       0
       0
       0
       0
       0
       0
       0
       0
       0
       0
       0
       0
       0
       0
       0
       0
       0
       0
       0
       0
       0
       0
       1
       0
       0
       0
       0
       0
       0
       0
       0
       0
       0
       0
       0
       0
       0
       0
       0
       0
       0
       0
       0
       0
       0
       0
       0
       0
       0
       0
       0
       0
       0
       0
       0
       0
       0
       0
       0
       0
       0
       0
       0
       0
       0
       0
       0
       0
       0
       0
       0
       0
       0
       0
       0
       0
       0
       0
       0
       0
       0
       0
       0
       0
       0
       0
       0
       0
       0
       0
       0
       0
       0
       0
       0
       0
       0
       0
       0
       0
       0
       0
       0
       0
       0
       0
       0
       0
       0
       0
       0
       0
       0
       0
       0
       0
       0
       0
       0
       0
       0
       0
       0
       0
       0
       0
       0
       0
       0
       0
       0
       0
       0
       0
       0
       0
       0
       0
       0
       0
       0
       0
       0
       0
       0
       0
       0
       0
       0
       0
       0
       0
       0
       0
       0
       0
       0
       0
       0
       0
       0
       0
       0
       0
       0
       0
       0
       0
       0
       0
       0
       0
       0
       0
       0
       0
       0
       0
       0
       0
       0
       0
       0
       0
       0
       0
       1
       0
       0
       0
       0
       0
       0
       0
       0
       0
       0
       1
       0
       0
       0
       0
       0
       0
       0
       0
       0
       0
       0
       0
       0
       0
       0
       0
       0
       0
       0
       0
       0
       0
       0
       0
       0
       0
       0
       0
       0
       0
       0
       0
       0
       0
       0
       0
       0
       0
       0
       0
       0
       0
       0
       0
       0
       0
       0
       0
       0
       0
       0
       0
       0
       0
       0
       0
       0
       0
       0
       1
       0
       0
       0
       0
       0
       0
       0
       0
       0
       0
       0
       0
       0
       0
       0
       0
       0
       0
       0
       0
       0
       0
       0
       0
       0
       0
       0
       0
       0
       0
       0
       0
       0
       0
       0
       0
       0
       0
       0
       0
       0
       0
       0
       0
       0
       0
       0
       0
       0
       0
       0
       0
       0
       0
       0
       0
       0
       0
       0
       0
       0
       0
       0
       0
       0
       0
       0
       0
       0
       0
       0
       0
       0
       0
       0
       0
       0
       0
       0
       1
       0
       0
       0
       0
       0
       0
       0
       0
       0
       0
       0
       0
       0
       0
       0
       0
       0
       0
       0
       0
       0
       0
       0
       0
       1
       0
       0
       0
       0
       0
       0
       0
       0
       0
       0
       0
       0
       0
       0
       0
       0
       0
       0
       0
       0
       0
       0
       0
       0
       0
       0
       0
       0
       0
       0
       0
       0
       0
       0
       0
       0
       0
       0
       0
       0
       0
       0
       0
       0
       0
       0
       0
       0
       0
       0
       0
       0
       0
       0
       0
       0
       0
       0
       0
       0
       0
       0
       0
       0
       0
       0
       0
       0
       0
       0
       0
       0
       0
       0
       0
       0
       0
       0
       0
       0
       0
       0
       0
       0
       0
       0
       0
       0
       0
       0
       0
       0
       0
       0
       0
       0
       0
       0
       0
       0
       0
       0
       0
       0
       0
       0
       0
       0
       0
       0
       1
       0
       0
       0
       0
       0
       0
       0
       0
       0
       0
       0
       0
       0
       0
       0
       0
       0
       0
       0
       0
       0
       0
       0
       0
       0
       0
       0
       0
       0
       0
       0
       0
       0
       0
       0
       0
       0
       0
       0
       0
       0
       0
       0
       0
       0
       0
       0
       0
       0
       0
       0
       0
       0
       0
       0
       0
       0
       0
       0
       0
       0
       0
       0
       0
       0
       0
       0
       0
       0
       0
       0
       0
       0
       0
       0
       0
       0
       0
       0
       0
       0
       0
       0
       0
       0
       0
       0
       0
       0
       0
       0
       0
       0
       0
       0
       0
       0
       0
       0
       0
       0
       0
       0
       0
       0
       0
       0
       0
       0
       0
       0
       0
       0
       0
       0
       0
       0
       0
       0
       0
       0
       0
       0
       0
       0
       0
       0
       1
       0
       0
       0
       0
       0
       0
       0
       0
       0
       0
       0
       0
       0
       0
       0
       0
       0
       0
       0
       0
       0
       0
       0
       0
       0
       0
       0
       0
       0
       0
       0
       0
       0
       0
       0
       0
       0
       0
       0
       0
       0
       0
       0
       0
       0
       0
       0
       0
       0
       0
       0
       0
       0
       0
       0
       0
       0
       0
       0
       0
       0
       0
       0
       0
       0
       0
       0
       0
       0
       0
       0
       0
       0
       0
       0
       0
       0
       0
       0
       0
       0
       0
       0
       0
       0
       0
       0
       0
       0
       0
       0
       0
       0
       0
       0
       0
       0
       0
       0
       0
       0
       0
       0
       0
       0
       0
       0
       0
       0
       0
       0
       0
       0
       0
       0
       0
       0
       0
       0
       0
       0
       0
       0
       0
       0
       0
       0
       0
       0
       0
       0
       0
       0
       0
       0
       0
       0
       0
       0
       0
       0
       0
       0
       0
       0
       0
       0
       0
       0
       0
       0
       0
       0
       0
       0
       0
       0
       0
       0
       0
       0
       0
       0
       0
       0
       0
       0
       0
       0
       0
       0
       0
       0
       0
       0
       0
       0
       0
       0
       0
       0
       0
       0
       0
       0
       0
       0
       0
       0
       0
       0
       0
       0
       0
       0
       0
       0
       0
       0
       0
       0
       0
       0
       0
       0
       0
       0
       0
       0
       0
       0
       0
       0
       0
       0
       0
       0
       0
       0
       0
       0
       0
       0
       0
       0
       0
       0
       0
       0
       0
       0
       0
       0
       0
       0
       0
       0
       0
       0
       0
       0
       0
       0
       0
       0
       0
       0
       0
       0
       0
       0
       0
       0
       0
       0
       0
       0
       0
       0
       0
       0
       0
       0
       0
       0
       0
       0
       0
       0
       0
       0
       0
       0
       0
       0
       0
       0
       0
       0
       0
       0
       0
       0
       0
       0
       0
       0
       0
       0
       0
       0
       0
       1
       0
       0
       0
       0
       0
       0
       0
       0
       0
       0
       0
       0
       0
       0
       0
       0
       0
       0
       0
       0
       1
       0
       0
       0
       0
       0
       0
       0
       0
       0
       0
       0
       0
       0
       0
       0
       0
       0
       1
       0
       0
       0
       0
       0
       0
       0
       0
       0
       0
       0
       0
       0
       0
       0
       0
       0
       0
       0
       0
       0
       0
       0
       0
       0
       0
       0
       0
       0
       0
       0
       1
       0
       0
       0
       0
       0
       0
       0
       0
       0
       0
       0
       0
       0
       0
       0
       0
       0
       0
       0
       0
       0
       0
       0
       0
       0
       0
       0
       0
       0
       0
       0
       0
       0
       0
       0
       0
       0
       0
       0
       0
       0
       0
       0
       0
       0
       0
       0
       0
       0
       0
       0
       0
       0
       0
       0
       0
       0
       0
       0
       0
       0
       0
       0
       0
       0
       0
       0
       0
       0
       0
       0
       0
       0
       0
       0
       0
       0
       0
       0
       0
       0
       0
       0
       0
       0
       0
       0
       0
       0
       0
       1
       0
       0
       0
       0
       0
       0
       0
       0
       0
       0
       0
       0
       0
       0
       0
       0
       0
       0
       0
       0
       0
       0
       0
       0
       0
       0
       0
       0
       0
       0
       0
       0
       0
       0
       0
       0
       0
       0
       0
       0
       0
       0
       0
       0
       0
       0
       0
       0
       0
       0
       0
       0
       0
       0
       0
       0
       0
       0
       0
       0
       0
       0
       0
       0
       0
       0
       0
       0
       0
       0
       0
       0
       0
       0
       0
       0
       0
       0
       0
       0
       0
       0
       0
       0
       0
       0
       0
       0
       0
       0
       0
       0
       0
       0
       0
       1
       0
       0
       0
       0
       0
       0
       0
       0
       0
       0
       0
       0
       1
       0
       0
       0
       0
       0
       0
       0
       0
       0
       0
       0
       0
       0
       0
       0
       0
       0
       0
       0
       0
       0
       0
       0
       0
       0
       0
       0
       0
       0
       0
       0
       0
       0
       0
       0
       0
       0
       0
       0
       0
       0
       0
       0
       0
       0
       0
       0
       0
       0
       0
       0
       0
       0
       0
       0
       0
       0
       0
       0
       0
       0
       0
       0
       0
       0
       0
       0
       0
       0
       0
       0
       0
       0
       0
       0
       0
       0
       0
       0
       0
       0
       0
       0
       0
       0
       0
       0
       0
       0
       0
       0
       0
       0
       0
       0
       0
       0
       0
       0
       0
       0
       0
       0
       0
       0
       0
       0
       0
       0
       0
       0
       0
       0
       0
       0
       0
       0
       0
       0
       0
       0
       0
       0
       0
       0
       0
       0
       0
       0
       0
       0
       0
       0
       0
       0
       0
       0
       0
       0
       0
       0
       0
       0
       0
       0
       0
       0
       0
       0
       0
       0
       0
       0
       0
$ROI:
0
$PRESETS:
Real Time
180
0
$ENER_FIT:
0.888569 0.390988
$MCA_CAL:
3
8.885689E-001 3.909876E-001 3.191953E-008 keV
$SHAPE_CAL:
3
0.000000E+000 0.000000E+000 0.000000E+000
