$SPEC_ID:
1
$SPEC_REM:
DET# 2
DETDESC# MCB 130 Normal
AP# Maestro Version 7.01
$DATE_MEA:
09/13/2019 15:53:39
$MEAS_TIM:
178 180
$DATA:
0 8191
       0
       0
       0
       0
       0
       0
       0
       0
       0
       0
       0
       0
       0
       0
       0
       0
       0
       0
       0
       0
       0
       0
       0
       0
       0
       0
       7
     230
      76
      33
      31
      47
      75
     114
     148
     105
      57
      50
      53
      75
      74
      76
      73
     118
     122
      72
      67
      59
      44
      38
      59
      59
      67
      56
      49
      50
      55
      42
      56
      65
      61
      42
      59
      52
      39
      50
      44
      42
      50
      46
      47
      50
      44
      59
      37
      40
      50
      32
      42
      45
      42
      37
      47
      38
      49
      39
      48
      38
      68
      63
      37
      41
      44
      47
      38
      38
      45
      53
      35
      41
      43
      40
      44
      52
      35
      44
      54
      42
      41
      38
      49
      40
      40
      48
      72
      59
      48
      59
      40
      43
      47
      37
      38
      47
      51
      40
      42
      61
      59
      49
      63
      62
      59
      61
      54
      46
      51
      45
      59
      53
      56
      58
      59
      45
      71
      66
      52
      55
      62
      75
      83
      77
      55
      71
      72
      76
      72
      68
      59
      69
      86
      63
      74
      59
      75
      76
      73
      70
      76
      77
      75
      86
      69
      80
      83
      71
      67
      81
      82
      78
      88
      82
      80
     106
      91
     102
      88
      83
     100
     113
     123
     116
      67
      93
      99
     105
     107
     114
     103
      98
     102
     102
      94
     104
     107
     100
     104
     102
     107
     103
     110
      76
     110
     107
     144
     132
     108
      92
     100
      97
     117
     139
     112
      99
     102
     110
      71
     111
     102
      96
     110
     104
     106
     114
     135
      98
     109
     120
     110
     101
     124
     103
     100
     105
     112
     108
      97
      97
     108
     108
     114
     154
     222
     301
     217
     142
     110
     105
     107
     125
      91
     120
     198
     310
     386
     293
     146
     102
     170
     330
     473
     302
     152
      95
      73
      68
      89
      80
      87
      89
      76
      91
      98
      94
      76
      99
      82
      84
      80
      70
      85
      85
      95
     101
      72
      96
     105
     142
     149
     134
     109
      86
      91
      75
      89
      96
      96
      95
     101
      93
      85
     103
      86
      83
      70
      91
     111
      71
      60
      89
     102
      91
      90
      79
      78
      77
      71
      74
      69
      80
      86
      91
      63
      86
      80
      75
      66
      86
      72
      85
      73
      68
      71
      66
      81
      83
      68
      85
      71
      66
      78
      75
      79
      64
      64
      56
      75
      69
     102
     102
      69
      88
      67
      68
      81
      54
      69
      66
      65
      71
      82
      73
      89
      80
      47
      57
      71
      58
      54
      64
      66
      72
      57
      64
      69
      48
      59
      57
      52
      52
      49
      71
      59
      43
      71
      54
      70
      58
      59
      73
      38
      63
      54
      41
      55
      61
      63
      49
      57
      56
      50
      47
      55
      52
      66
      52
      51
      61
      57
      47
      54
      45
      56
      63
      59
      53
      50
      47
      58
      63
      59
      40
      43
      46
      41
      49
      58
      47
      45
      56
      49
      45
      62
      51
      56
      55
      58
      47
      41
      48
      49
      42
      39
      40
      47
      58
      45
      59
      45
      41
      40
      50
      40
      50
      50
      50
      42
      40
      40
      30
      46
      54
      47
      52
      42
      52
      42
      36
      29
      38
      41
      35
      45
      33
      40
      36
      45
      43
      51
      42
      43
      44
      40
      31
      41
      41
      31
      37
      30
      33
      37
      49
      41
      60
      42
      34
      42
      36
      30
      47
      40
      39
      30
      37
      44
      39
      36
      40
      30
      31
      33
      37
      34
      39
      38
      38
      34
      44
      32
      53
      32
      34
      39
      27
      46
      52
      59
      48
      34
      45
      30
      32
      26
      30
      32
      27
      44
      34
      33
      35
      32
      44
      35
      31
      27
      23
      30
      32
      28
      27
      34
      25
      32
      31
      27
      31
      26
      26
      23
      37
      34
      26
      28
      19
      27
      35
      34
      27
      36
      36
      37
      98
     110
     142
     108
      52
      34
      31
      32
      36
      27
      30
      20
      31
      30
      24
      27
      28
      24
      31
      31
      31
      29
      30
      36
      29
      22
      35
      39
      44
      40
      38
      14
      26
      41
      32
      40
      20
      38
      28
      34
      24
      23
      27
      22
      25
      25
      21
      26
      16
      22
      16
      18
      28
      20
      25
      24
      44
      55
      42
      37
      24
      17
      14
      28
      19
      24
      33
      20
      30
      22
      25
      20
      10
      24
      23
      23
      21
      20
      23
      18
      18
      14
      30
      21
      19
      23
      24
      16
      15
      25
      29
      19
      13
      18
      23
      18
      15
      14
      19
      18
      21
      24
      14
      15
      16
      26
      22
      21
      15
      19
      18
      18
      14
      23
      17
      16
      28
      19
      19
      15
      16
      15
      20
      17
      16
      23
      28
      65
     100
     132
      71
      41
      26
      16
      22
      18
      20
      19
      17
      19
      23
      21
      19
      14
      16
      15
      17
      19
      27
      17
      20
      11
      18
      15
      15
      22
      10
      23
       7
      16
      17
      17
      15
      15
      12
      25
      22
      20
      27
      24
      15
      10
      29
      33
      28
      32
      27
      20
      17
      13
      24
      28
      51
      39
      29
      13
       9
      11
      18
       9
      17
      14
      15
      12
      10
      12
      10
      12
      16
       9
      14
      11
      15
      10
      14
      16
      15
      23
      21
      23
      14
      13
      11
       7
      12
       9
       8
      17
      18
      12
       8
      10
      10
      12
      11
      20
      21
      36
      51
      44
      40
      14
      12
      13
      12
       6
      11
      13
      16
      13
      10
      12
      13
      11
      13
      11
      11
      15
      15
      14
      11
      13
      10
      10
      11
      10
       9
      17
      12
      11
       7
      11
       7
      13
      12
      11
      14
       9
      10
      18
      12
      19
      20
      20
      23
      23
      11
      13
      11
      16
       8
       8
      17
      15
       9
      11
      13
       7
       8
      11
       7
      20
       9
       8
       8
       9
       9
      10
       8
      14
      13
      10
      10
      10
       9
      10
       7
       7
       9
      10
       6
       9
      13
      18
       8
      11
      13
      15
      19
      38
      27
      11
       6
       7
       9
       9
       8
       8
       9
      14
      11
      13
      11
       7
       8
      11
       6
       6
      10
      10
       6
      10
       8
      10
       7
      11
       8
      11
      13
       7
       4
       8
       7
       9
      11
       6
       6
       3
       6
       7
       9
       6
       3
       7
       3
       4
       4
       7
       6
      13
       8
       5
       6
       6
       8
       7
       4
       9
      13
       5
       8
       8
       8
       7
       5
       5
       9
       2
       9
       6
       6
       7
       8
       6
      10
       5
       9
       4
       7
       3
       7
       8
       4
       7
       9
       4
       5
       9
       7
       5
       6
       8
       6
       6
       7
      11
       4
      13
       8
      10
       4
       6
       2
       4
       7
       6
       3
       4
       6
      14
      10
       8
       1
       4
       8
       6
      10
       7
       7
       6
       8
       6
       5
       3
       7
       5
      11
       9
       6
       7
      10
       6
       8
      10
       6
       4
       8
       7
       8
       1
       7
       7
       5
       8
       9
       9
       9
       4
       2
       8
       4
       4
       6
       7
       4
       8
       8
       5
      14
       6
       9
       9
       4
       9
       7
       5
       4
       4
       8
       4
       6
       3
       4
       4
       8
       4
       7
       6
       7
       5
       7
       9
       6
       3
       3
      10
       6
       4
       5
       4
       8
       7
       7
       4
       9
       9
      10
       6
       9
       4
       6
       6
       6
       4
       8
       6
       3
       9
       3
       5
       3
       9
       5
       4
       7
       7
       7
       2
       9
       3
       5
       8
       4
       6
       7
       5
       4
       4
       4
       3
       7
       4
       4
       4
       5
       4
       4
       9
      10
       7
       4
       3
       4
       3
       5
       8
       6
       5
       5
       6
       3
       9
       7
       7
       6
       6
       4
      10
       4
       4
       8
       6
       4
       4
       8
       5
       7
       4
       7
       1
       6
       3
       4
       4
       9
       6
       2
       4
       7
       2
       5
       5
      13
       5
       4
       7
       7
       5
       8
       4
       2
       6
       7
       6
       8
      14
      21
      19
      12
       9
       6
       7
       4
       4
       2
       4
       3
       6
       2
       3
       6
       8
       4
       4
       7
       4
       8
       3
       3
       6
       2
       8
       6
       4
       3
       1
       6
       3
       7
       6
       6
       5
       1
       9
      10
       4
       5
       9
       9
       5
       5
       5
       2
       6
       4
       6
       8
       7
       3
       3
       4
       2
       6
       6
       5
       3
       3
       5
       5
       6
       9
       2
       4
       5
       4
       8
       8
       3
       2
       7
      10
      17
      17
       9
       7
       2
       5
       1
       5
       4
       7
       6
       4
       3
       5
       1
       6
       4
       8
       7
       4
       1
       4
       2
       2
       4
       7
       6
       5
       1
       4
       6
       6
       6
       8
       7
      13
       6
       5
       5
       4
       2
       1
       5
       7
       7
       2
       5
       4
       3
       3
       2
       3
       6
       8
       3
       3
       4
       2
       3
       2
       4
       4
       3
       3
       4
       6
       3
       6
       6
       0
       2
       4
       5
       6
       1
       5
       1
       7
       6
       3
       2
       6
       9
      16
       6
      15
       4
       7
       9
       4
       5
       4
       7
       4
       3
       2
       5
       6
       4
       2
       3
       6
       1
       6
       7
       9
       2
       4
       2
       5
       0
       5
       7
       5
       1
       3
       1
       3
       3
       2
       4
       3
       5
       4
       5
       4
       8
       3
       1
       4
       2
       6
       8
       0
       3
       3
       0
       1
       4
       3
       2
       3
       3
       3
       0
       4
       3
       6
       6
       7
       3
       3
       2
       3
       2
       3
       1
       2
       2
       4
       1
       3
       3
       4
       3
       4
       2
       4
       5
       4
       6
       5
       6
       6
       2
       2
       2
       1
       5
       7
       7
       0
       3
       4
       6
       6
       5
       3
       3
       3
       2
       3
       8
       3
       2
       2
       0
       2
       1
       2
       1
       6
       1
       3
       3
       4
       4
       3
       4
       1
       2
       6
       3
       2
       3
       3
       5
       5
       4
      11
      10
      11
      11
       3
       4
       1
       3
       2
       5
       3
       3
       3
       5
       5
       3
       3
       9
       5
       4
       2
       1
       1
       3
       2
       1
       6
       1
       3
       4
       0
       2
       3
       4
       4
       5
       3
       3
       3
       4
       2
       3
       2
       2
       2
       8
       2
       0
       1
       1
       1
       5
       4
       6
       3
       7
       5
      13
       2
       2
       0
       3
       4
       6
       2
       3
       9
      17
      21
      23
      15
      15
       3
       3
       2
       4
       1
       4
       5
       6
       2
       3
       2
       2
       1
       1
       2
       2
       3
       1
       1
       0
       1
       3
       3
       2
       2
       2
       1
       3
       1
       0
       1
       1
       4
       3
       0
       3
       3
       2
       2
       1
       1
       2
       1
       1
       4
       2
       1
       4
       1
       2
       2
       2
       1
       3
       5
       3
       1
       2
       3
       2
       9
       4
       4
       1
       2
       5
       3
       5
       5
       2
       5
       3
       5
       0
       3
       0
       3
       0
       2
       3
       3
       2
       2
       2
       1
       1
       3
       2
       2
       3
       2
       3
       2
       4
       4
       1
       2
       2
       6
       1
       2
       2
       0
       3
       5
       2
       7
       3
       2
       6
       4
       2
       2
       2
       4
       1
       0
       2
       5
       7
       8
      10
      16
       9
       3
       4
       3
       3
       2
       8
       4
       7
       2
       6
       2
       1
       1
       5
       4
       1
       1
       5
       3
       4
       3
       5
      10
       8
       3
       2
       5
       2
       1
       3
       1
       4
       2
       6
       2
       1
       5
       2
       5
       3
       2
       0
       5
       3
       2
       1
       3
       1
       2
       0
       2
       2
       4
       0
       1
       1
       4
       2
       1
       1
       2
       4
       4
       0
       1
       4
       1
       2
       3
       3
       5
       1
       1
       1
       1
       3
       2
       3
       1
       3
       2
       3
       2
       1
       0
       2
       5
       2
       0
       6
       2
       0
       2
       1
       1
       2
       1
       3
       2
       2
       3
       3
       2
       0
       3
       3
       3
       1
       0
       3
       1
       3
       2
       4
       3
       2
       2
       1
       3
       5
       3
       3
       3
       1
       2
       4
       0
       2
       1
       1
       0
       1
       3
       2
       2
       1
       7
       0
       2
       2
       1
       6
       3
       0
       3
       2
       3
       2
       2
       1
       2
       0
       0
       1
       1
       0
       5
       1
       4
       2
       2
       2
       2
       2
       4
       4
       1
       2
       2
       6
       1
       2
       2
       1
       3
       3
       3
       4
       1
       0
       4
       0
       1
       3
       0
       3
       1
       2
       1
       0
       2
       2
       1
       1
       3
       4
       3
       2
       2
       2
       4
       4
       1
       2
       1
       0
       2
       2
       0
       1
       2
       3
       4
       7
       5
       5
       7
       4
       5
       1
       2
       0
       3
       3
       2
       0
       1
       1
       3
       2
       5
       1
       2
       1
       4
       3
       0
       2
       4
       2
       1
       2
       3
       3
       3
       0
       1
       2
       2
       1
       3
       1
       1
       3
       2
       0
       2
       0
       1
       5
       0
       1
       4
       1
       2
       1
       1
       2
       1
       2
       1
       2
       2
       1
       0
       2
       1
       1
       5
       3
       5
       5
       2
       2
       0
       1
       1
       4
       2
       6
       7
       6
       1
       2
       1
       0
       1
       2
       1
       4
       1
       2
       4
       4
       3
       4
       2
       4
       2
       0
       2
       2
       1
       5
       2
       2
       2
       1
       2
       5
       1
       4
       0
       1
       3
       1
       3
       1
       3
       2
       0
       3
       2
       0
       1
       1
       2
       2
       2
       0
       1
       1
       2
       0
       0
       1
       0
       1
       5
       4
       6
       3
       0
       3
       1
       5
       1
       1
       4
       1
       3
       1
       1
       0
       2
       1
       3
       2
       1
       1
       0
       3
       1
       2
       2
       4
       0
       4
       3
       1
       1
       2
       1
       0
       2
       4
       0
       1
       1
       1
       2
       4
       0
       1
       2
       2
       2
       2
       3
       0
       3
       3
       1
       0
       4
       1
       1
       4
       2
       1
       2
       2
       3
       1
       0
       0
       0
       2
       1
       0
       0
       0
       1
       3
       3
       1
       3
       0
       1
       1
       1
       0
       0
       4
       1
       2
       2
       0
       4
       3
       3
       3
       2
       5
       3
       1
       1
       2
       2
       3
       1
       1
       3
       1
       2
       3
       0
       0
       0
       1
       2
       0
       0
       1
       2
       0
       1
       4
       0
       2
       1
       0
       1
       2
       3
       1
       4
       2
       2
       0
       0
       4
       2
       1
       2
       1
       2
       2
       2
       1
       1
       2
       4
       2
       2
       2
       1
       0
       3
       1
       0
       1
       0
       4
       0
       3
       0
       2
       5
       1
       3
       3
       1
       1
       1
       4
       3
       2
       1
       4
       2
       1
       0
       3
       3
       1
       1
       0
       0
       1
       0
       1
       2
       1
       0
       2
       1
       3
       2
       3
       2
       1
       1
       0
       1
       0
       3
       1
       2
       4
       1
       1
       2
       0
       2
       3
       2
       0
       2
       2
       1
       3
       8
      14
      16
      16
       7
       5
       3
       2
       2
       0
       1
       1
       1
       1
       2
       2
       0
       1
       2
       2
       0
       0
       2
       4
       2
       3
       2
       9
       8
       3
       3
       3
       3
       1
       0
       1
       0
       2
       0
       0
       0
       0
       2
       1
       3
       1
       1
       1
       0
       1
       3
       2
       3
       3
       2
       2
       0
       1
       2
       1
       1
       0
       5
       3
       2
       3
       1
       3
       3
       3
       0
       1
       2
       3
       2
       0
       1
       1
       1
       2
       0
       2
       3
      10
       3
       9
       2
       3
       4
       4
       2
       1
       2
       0
       1
       3
       1
       3
       2
       2
       2
       2
       0
       0
       0
       2
       1
       3
       3
       1
       1
       1
       1
       2
       3
       2
       0
       3
       0
       1
       3
       3
       4
       2
       0
       1
       2
       1
       3
       0
       1
       1
       1
       3
       1
       1
       1
       2
       4
       1
       2
       1
       0
       1
       5
       3
       1
       4
       0
       2
       1
       1
       2
       0
       1
       2
       2
       1
       1
       1
       2
       3
       1
       1
       2
       0
       2
       0
       0
       0
       3
       3
       1
       0
       1
       2
       4
       0
       1
       2
       1
       3
       2
       0
       1
       0
       1
       2
       1
       1
       2
       2
       0
       2
       1
       0
       1
       1
       0
       1
       0
       4
       1
       0
       1
       3
       1
       1
       0
       0
       1
       4
       3
       6
       7
       7
       4
       5
       1
       2
       3
       5
       5
      10
       7
       6
       3
       6
       6
       3
       2
       4
       0
       0
       0
       1
       1
       1
       0
       1
       3
       1
       0
       3
       1
       0
       3
       0
       1
       0
       0
       1
       0
       0
       0
       2
       0
       1
       1
       1
       2
       0
       1
       0
       2
       2
       0
       0
       2
       0
       1
       1
       0
       0
       5
       4
       1
       1
       1
       1
       3
       4
       0
       0
       1
       0
       1
       1
       0
       0
       2
       1
       1
       1
       0
       0
       2
       0
       4
       4
       1
       0
       0
       2
       0
       2
       1
       0
       0
       0
       2
       2
       0
       3
       1
       1
       1
       0
       2
       2
       0
       1
       1
       0
       0
       1
       3
       2
       1
       1
       0
       0
       2
       0
       0
       0
       0
       1
       1
       5
       0
       0
       0
       0
       2
       1
       2
       0
       4
       1
       0
       0
       0
       0
       0
       2
       2
       0
       1
       0
       0
       1
       1
       3
       0
       1
       3
       0
       1
       0
       3
       2
       2
       1
       3
       2
       1
       0
       0
       1
       0
       0
       1
       2
       1
       1
       1
       1
       1
       2
       1
       2
       0
       0
       1
       1
       0
       0
       0
       0
       0
       2
       0
       1
       0
       0
       2
       2
       4
       2
       1
       2
       1
       0
       4
       0
       1
       0
       3
       0
       1
       0
       0
       0
       0
       1
       0
       1
       0
       0
       0
       1
       1
       1
       1
       2
       2
       1
       0
       2
       2
       0
       1
       2
       1
       0
       2
       1
       0
       1
       0
       0
       2
       0
       1
       0
       0
       1
       1
       1
       1
       0
       0
       0
       0
       2
       1
       0
       1
       1
       2
       0
       0
       0
       3
       1
       1
       1
       0
       0
       2
       2
       2
       1
       0
       2
       1
       0
       1
       0
       2
       0
       0
       1
       0
       2
       1
       1
       1
       0
       0
       1
       2
       1
       0
       0
       2
       1
       2
       0
       0
       1
       0
       3
       1
       0
       2
       0
       0
       0
       1
       0
       0
       1
       0
       1
       2
       0
       3
       1
       1
       3
       0
       1
       0
       0
       0
       2
       2
       1
       1
       0
       2
       1
       0
       0
       1
       0
       0
       0
       0
       1
       0
       0
       1
       1
       2
       2
       2
       2
       0
       1
       0
       0
       1
       4
       0
       3
       0
       1
       0
       0
       2
       0
       0
       0
       1
       0
       0
       1
       0
       0
       0
       1
       2
       2
       0
       1
       1
       2
       0
       0
       0
       0
       0
       0
       1
       0
       3
       4
       2
       1
       0
       0
       5
       0
       1
       1
       3
       3
       1
       1
       2
       1
       2
       1
       3
       4
       8
       8
       4
       6
       4
       2
       2
       2
       0
       2
       0
       0
       1
       0
       0
       1
       3
       1
       0
       2
       1
       0
       0
       0
       0
       4
       0
       0
       2
       0
       0
       0
       0
       2
       0
       0
       0
       0
       0
       1
       0
       0
       5
       3
       1
       3
       1
       1
       3
       2
       2
       3
       1
       1
       2
       0
       4
       1
       0
       1
       0
       1
       1
       1
       0
       0
       1
       0
       2
       0
       1
       0
       0
       1
       3
       0
       0
       2
       0
       2
       3
       1
       1
       1
       0
       1
       1
       0
       2
       2
       1
       1
       3
       0
       0
       0
       0
       0
       1
       0
       2
       0
       0
       1
       0
       0
       3
       0
       0
       1
       0
       2
       0
       0
       1
       1
       2
       0
       1
       1
       0
       1
       1
       0
       1
       0
       2
       0
       0
       1
       0
       0
       0
       0
       2
       4
       3
       4
       4
       2
       1
       2
       0
       0
       0
       1
       0
       4
       3
       8
       7
       3
       1
       0
       3
       0
       2
       0
       0
       0
       0
       0
       0
       2
       0
       3
       1
       1
       2
       0
       3
       0
       0
       2
       0
       1
       0
       0
       0
       0
       0
       1
       0
       1
       1
       1
       1
       2
       1
       0
       1
       1
       0
       0
       0
       0
       0
       1
       1
       0
       0
       1
       3
       0
       0
       1
       2
       2
       1
       4
       2
       0
       1
       0
       0
       0
       0
       0
       1
       0
       1
       2
       2
       1
       2
       1
       1
       1
       0
       0
       1
       2
       1
       1
       2
       3
       1
       2
       2
       0
       0
       1
       0
       0
       1
       0
       0
       1
       0
       2
       1
       3
       3
       1
       1
       1
       0
       0
       0
       0
       0
       1
       0
       1
       0
       1
       1
       0
       0
       2
       0
       0
       1
       0
       0
       0
       0
       0
       0
       0
       0
       0
       0
       1
       0
       0
       2
       1
       0
       1
       1
       0
       0
       1
       1
       1
       0
       0
       0
       2
       1
       1
       1
       4
       2
       1
       2
       1
       1
       0
       0
       2
       2
       0
       1
       2
       0
       1
       1
       1
       1
       0
       0
       0
       0
       1
       0
       0
       0
       1
       0
       1
       1
       0
       0
       0
       0
       2
       1
       1
       0
       1
       2
       0
       2
       0
       2
       1
       0
       0
       0
       0
       3
       0
       0
       0
       0
       1
       1
       1
       2
       3
       1
       0
       1
       0
       0
       1
       0
       0
       1
       1
       0
       0
       0
       0
       0
       0
       1
       0
       0
       0
       0
       0
       1
       0
       4
       2
       3
       5
       1
       2
       1
       2
       0
       1
       0
       0
       0
       0
       0
       1
       0
       0
       1
       0
       0
       0
       2
       0
       1
       1
       0
       3
       0
       0
       1
       0
       0
       0
       0
       1
       0
       1
       0
       1
       1
       0
       0
       1
       2
       1
       0
       0
       1
       0
       0
       0
       0
       0
       2
       2
       0
       1
       1
       1
       0
       1
       1
       2
       0
       0
       0
       0
       1
       0
       1
       0
       0
       0
       0
       1
       0
       0
       1
       0
       1
       0
       0
       0
       0
       0
       0
       0
       0
       0
       0
       0
       1
       1
       0
       1
       0
       0
       0
       2
       0
       0
       0
       0
       1
       1
       1
       0
       2
       1
       0
       0
       2
       0
       0
       2
       0
       0
       0
       0
       0
       0
       0
       1
       2
       0
       0
       1
       0
       3
       1
       1
       0
       0
       1
       0
       0
       1
       0
       0
       1
       0
       0
       1
       1
       1
       0
       0
       1
       0
       0
       1
       0
       1
       1
       1
       2
       4
       3
       7
       7
       1
       5
       0
       0
       0
       0
       1
       2
       0
       0
       0
       0
       0
       0
       1
       0
       0
       1
       0
       0
       0
       0
       0
       0
       0
       0
       1
       1
       0
       1
       0
       1
       0
       0
       1
       0
       0
       1
       0
       0
       0
       0
       0
       0
       2
       0
       2
       0
       0
       0
       0
       0
       0
       1
       0
       1
       1
       0
       0
       0
       0
       1
       0
       1
       0
       0
       1
       0
       0
       0
       0
       0
       2
       1
       0
       0
       0
       1
       0
       2
       0
       0
       0
       0
       1
       0
       0
       0
       0
       0
       0
       0
       0
       0
       0
       0
       0
       0
       0
       0
       0
       0
       0
       0
       0
       0
       0
       1
       0
       0
       0
       1
       1
       1
       3
       3
       1
       0
       0
       0
       1
       0
       0
       0
       0
       1
       0
       0
       0
       0
       0
       0
       0
       1
       0
       1
       0
       0
       1
       0
       2
       0
       0
       0
       0
       1
       0
       0
       0
       0
       0
       1
       0
       0
       0
       0
       0
       0
       0
       0
       0
       0
       1
       0
       0
       1
       0
       0
       1
       0
       0
       0
       0
       1
       1
       0
       0
       0
       0
       1
       1
       0
       0
       0
       0
       0
       0
       0
       2
       0
       0
       1
       2
       2
       1
       0
       0
       1
       1
       1
       0
       0
       0
       0
       0
       0
       1
       0
       0
       0
       0
       0
       0
       0
       0
       0
       0
       0
       0
       1
       0
       0
       0
       0
       0
       0
       1
       1
       0
       0
       0
       0
       1
       1
       1
       0
       0
       0
       0
       0
       1
       1
       0
       0
       0
       0
       0
       0
       0
       0
       0
       0
       0
       0
       0
       1
       1
       0
       0
       0
       0
       0
       0
       0
       0
       0
       2
       0
       0
       1
       0
       0
       1
       0
       0
       2
       0
       0
       0
       0
       0
       1
       0
       0
       0
       0
       0
       0
       0
       0
       1
       0
       0
       0
       0
       0
       0
       0
       0
       0
       0
       0
       1
       0
       0
       0
       0
       1
       0
       0
       0
       0
       0
       2
       0
       0
       0
       0
       2
       0
       0
       2
       3
      11
      14
      21
      24
      17
      24
      14
      10
       4
       1
       1
       0
       0
       0
       0
       0
       0
       0
       0
       0
       0
       0
       0
       0
       1
       0
       0
       0
       0
       0
       0
       0
       0
       0
       0
       0
       0
       0
       0
       0
       0
       0
       0
       0
       1
       0
       0
       0
       0
       0
       1
       0
       0
       0
       1
       1
       0
       0
       0
       0
       0
       0
       0
       1
       0
       0
       0
       0
       0
       0
       0
       0
       0
       0
       0
       0
       0
       0
       0
       0
       0
       0
       1
       0
       0
       0
       0
       0
       0
       0
       0
       1
       0
       0
       0
       0
       0
       0
       0
       2
       0
       0
       2
       0
       0
       0
       0
       0
       0
       0
       0
       0
       1
       1
       0
       0
       0
       0
       0
       0
       0
       0
       0
       0
       1
       0
       0
       1
       0
       1
       0
       0
       0
       0
       0
       0
       0
       0
       1
       0
       0
       0
       0
       0
       0
       0
       0
       0
       0
       0
       0
       0
       0
       0
       2
       0
       0
       0
       0
       0
       0
       1
       0
       0
       0
       0
       0
       0
       0
       0
       0
       0
       0
       0
       0
       0
       1
       0
       0
       0
       0
       0
       0
       0
       0
       0
       0
       0
       0
       0
       0
       0
       0
       0
       0
       1
       1
       0
       0
       0
       0
       1
       1
       1
       0
       0
       0
       0
       0
       1
       0
       0
       0
       0
       0
       1
       0
       0
       0
       0
       0
       1
       0
       0
       0
       1
       0
       0
       0
       0
       0
       0
       0
       0
       0
       0
       0
       0
       0
       0
       0
       0
       1
       0
       0
       0
       0
       0
       0
       1
       1
       0
       0
       0
       1
       0
       0
       0
       0
       0
       0
       0
       0
       0
       0
       0
       1
       0
       0
       1
       2
       0
       1
       0
       0
       0
       0
       0
       0
       0
       0
       0
       0
       0
       0
       0
       0
       0
       0
       0
       0
       0
       0
       0
       0
       0
       1
       0
       0
       0
       0
       0
       0
       0
       0
       0
       1
       0
       0
       0
       0
       0
       0
       1
       0
       0
       0
       0
       0
       0
       0
       1
       0
       0
       0
       0
       0
       1
       0
       0
       0
       1
       0
       0
       0
       0
       0
       0
       0
       0
       0
       0
       0
       1
       1
       0
       0
       1
       0
       1
       1
       0
       0
       0
       1
       0
       0
       0
       0
       0
       0
       0
       0
       0
       0
       0
       0
       0
       0
       0
       0
       0
       0
       0
       0
       0
       1
       0
       0
       0
       0
       0
       0
       0
       0
       0
       0
       0
       0
       0
       0
       1
       0
       0
       0
       0
       0
       0
       0
       0
       0
       0
       0
       0
       0
       0
       0
       0
       0
       0
       0
       0
       0
       0
       0
       0
       1
       0
       1
       0
       0
       0
       0
       0
       0
       0
       0
       0
       0
       0
       0
       1
       0
       0
       0
       0
       0
       0
       1
       0
       0
       0
       0
       0
       0
       0
       0
       0
       0
       0
       0
       0
       0
       0
       0
       0
       0
       1
       0
       0
       0
       0
       0
       0
       0
       0
       0
       0
       0
       0
       0
       0
       0
       0
       0
       0
       0
       0
       0
       0
       0
       0
       0
       0
       0
       0
       0
       0
       0
       0
       0
       0
       0
       0
       0
       0
       0
       0
       0
       0
       0
       0
       1
       0
       0
       0
       0
       0
       0
       0
       0
       0
       0
       0
       0
       0
       0
       0
       0
       0
       0
       0
       0
       0
       0
       0
       0
       0
       0
       0
       2
       0
       0
       0
       0
       0
       0
       1
       0
       0
       0
       0
       0
       0
       1
       0
       0
       0
       0
       0
       0
       0
       0
       0
       0
       0
       0
       0
       0
       0
       0
       0
       0
       0
       0
       0
       0
       0
       0
       0
       0
       0
       0
       0
       0
       0
       0
       0
       0
       1
       0
       0
       0
       0
       0
       0
       0
       0
       0
       0
       0
       0
       0
       0
       1
       0
       0
       0
       0
       0
       0
       0
       0
       0
       0
       0
       0
       0
       0
       0
       0
       0
       0
       0
       0
       0
       0
       0
       0
       0
       0
       0
       0
       0
       0
       0
       0
       0
       0
       1
       0
       0
       0
       0
       0
       0
       0
       0
       0
       0
       0
       0
       0
       0
       0
       0
       0
       0
       0
       0
       0
       0
       0
       0
       0
       0
       0
       0
       0
       0
       0
       0
       0
       0
       0
       0
       1
       0
       0
       0
       0
       0
       0
       0
       1
       0
       0
       0
       0
       0
       1
       0
       0
       0
       0
       0
       0
       0
       0
       0
       0
       1
       0
       0
       0
       0
       0
       1
       0
       0
       0
       0
       0
       0
       0
       0
       0
       1
       0
       1
       0
       0
       0
       1
       0
       0
       0
       0
       0
       0
       0
       0
       0
       0
       0
       0
       0
       0
       0
       0
       0
       0
       1
       0
       0
       0
       0
       0
       0
       0
       1
       0
       0
       0
       0
       0
       0
       0
       0
       0
       0
       0
       0
       0
       0
       0
       0
       0
       0
       0
       0
       0
       0
       0
       0
       0
       0
       0
       1
       0
       0
       1
       0
       0
       0
       0
       1
       1
       0
       2
       3
       0
       2
       3
       1
       2
       2
       0
       1
       0
       0
       0
       0
       0
       0
       0
       0
       0
       0
       0
       0
       0
       0
       0
       0
       0
       0
       0
       0
       0
       0
       0
       0
       0
       0
       0
       0
       0
       0
       0
       0
       0
       0
       0
       0
       0
       0
       0
       0
       0
       0
       1
       0
       0
       0
       0
       0
       0
       0
       0
       0
       0
       0
       0
       0
       0
       0
       0
       0
       0
       0
       0
       0
       0
       0
       0
       0
       0
       0
       1
       0
       0
       0
       0
       0
       0
       0
       0
       0
       0
       0
       1
       0
       0
       1
       0
       0
       0
       0
       0
       0
       0
       0
       0
       0
       0
       0
       0
       0
       1
       0
       0
       0
       0
       0
       0
       0
       0
       1
       0
       0
       0
       0
       0
       1
       0
       0
       0
       0
       0
       0
       0
       0
       0
       0
       0
       0
       0
       0
       0
       0
       0
       0
       0
       0
       0
       0
       1
       0
       0
       0
       1
       0
       0
       0
       0
       0
       0
       0
       1
       0
       0
       0
       0
       0
       0
       0
       0
       0
       0
       0
       1
       0
       0
       0
       0
       0
       0
       0
       0
       1
       0
       0
       0
       0
       0
       0
       0
       0
       0
       0
       0
       0
       0
       0
       0
       0
       0
       0
       0
       0
       0
       0
       0
       0
       0
       0
       1
       0
       0
       0
       0
       0
       0
       0
       2
       0
       0
       0
       0
       0
       0
       0
       0
       0
       0
       0
       0
       0
       0
       0
       0
       0
       0
       0
       0
       0
       0
       0
       1
       0
       0
       0
       0
       0
       0
       0
       0
       0
       0
       0
       0
       0
       0
       0
       0
       0
       0
       0
       0
       0
       0
       0
       0
       0
       0
       0
       1
       0
       0
       0
       0
       0
       0
       0
       0
       0
       0
       0
       0
       0
       0
       0
       0
       0
       0
       0
       0
       0
       0
       0
       0
       0
       0
       0
       0
       0
       0
       0
       0
       0
       0
       0
       0
       0
       0
       0
       0
       0
       0
       0
       1
       0
       1
       0
       0
       0
       0
       0
       0
       0
       0
       1
       1
       0
       0
       0
       0
       0
       0
       0
       0
       0
       0
       0
       0
       0
       0
       0
       0
       0
       0
       0
       0
       0
       0
       0
       0
       0
       0
       0
       0
       0
       1
       0
       0
       0
       0
       0
       0
       0
       0
       0
       0
       0
       0
       0
       0
       0
       0
       0
       0
       0
       0
       1
       0
       0
       0
       0
       0
       0
       0
       0
       0
       0
       0
       0
       0
       0
       0
       0
       0
       0
       0
       0
       0
       0
       0
       0
       0
       1
       0
       0
       0
       0
       0
       1
       0
       0
       0
       0
       0
       0
       0
       0
       0
       0
       0
       0
       0
       1
       0
       1
       0
       0
       0
       0
       0
       0
       0
       0
       0
       0
       0
       0
       0
       0
       0
       0
       0
       0
       0
       0
       0
       0
       0
       0
       0
       0
       0
       0
       0
       0
       0
       0
       0
       0
       0
       0
       0
       0
       0
       0
       0
       0
       0
       0
       0
       0
       0
       0
       0
       0
       0
       0
       0
       0
       0
       0
       0
       0
       0
       0
       0
       0
       0
       0
       0
       1
       0
       0
       0
       0
       0
       0
       0
       0
       0
       0
       0
       0
       0
       0
       0
       0
       0
       0
       0
       0
       0
       0
       0
       0
       0
       0
       0
       0
       1
       0
       0
       0
       0
       0
       0
       0
       0
       0
       1
       0
       0
       1
       0
       0
       0
       0
       0
       0
       0
       0
       0
       0
       0
       0
       0
       0
       0
       0
       0
       0
       0
       0
       0
       0
       0
       0
       0
       0
       0
       0
       0
       0
       0
       0
       0
       0
       0
       0
       0
       0
       0
       0
       0
       0
       0
       0
       0
       0
       0
       0
       0
       0
       0
       0
       0
       0
       0
       0
       0
       0
       0
       0
       0
       0
       0
       0
       0
       0
       0
       0
       0
       0
       0
       0
       0
       0
       0
       0
       0
       0
       0
       0
       0
       0
       0
       0
       0
       0
       0
       0
       0
       0
       0
       0
       0
       0
       0
       0
       0
       0
       0
       0
       0
       0
       0
       0
       0
       0
       0
       0
       0
       0
       0
       0
       0
       0
       1
       0
       0
       0
       0
       1
       0
       0
       1
       1
       0
       0
       0
       1
       0
       0
       0
       0
       1
       0
       0
       1
       0
       0
       0
       0
       0
       0
       0
       0
       0
       0
       0
       0
       0
       1
       0
       0
       0
       0
       0
       1
       0
       0
       0
       0
       0
       0
       0
       1
       0
       0
       0
       0
       0
       0
       0
       0
       0
       1
       0
       0
       0
       0
       0
       0
       0
       0
       0
       0
       0
       0
       0
       0
       0
       0
       0
       0
       0
       0
       0
       0
       0
       0
       0
       0
       0
       0
       0
       0
       1
       0
       1
       0
       1
       0
       0
       0
       0
       0
       0
       0
       0
       1
       0
       0
       0
       0
       0
       0
       0
       0
       0
       0
       0
       0
       0
       0
       0
       0
       0
       0
       0
       0
       0
       0
       0
       0
       0
       0
       0
       0
       0
       2
       1
       0
       0
       1
       0
       0
       0
       0
       0
       1
       0
       0
       0
       0
       0
       0
       0
       1
       0
       0
       0
       0
       0
       0
       1
       0
       0
       0
       0
       1
       0
       0
       0
       0
       0
       0
       0
       0
       0
       1
       0
       1
       0
       0
       0
       0
       0
       1
       0
       0
       0
       1
       0
       0
       0
       0
       0
       0
       0
       1
       0
       0
       0
       0
       1
       0
       0
       0
       0
       0
       0
       0
       0
       0
       0
       0
       0
       1
       0
       0
       0
       0
       1
       0
       0
       0
       0
       0
       0
       0
       0
       0
       0
       0
       0
       0
       0
       0
       0
       0
       0
       0
       0
       0
       0
       0
       0
       0
       1
       0
       0
       0
       0
       0
       0
       0
       0
       0
       0
       0
       0
       0
       0
       0
       0
       0
       0
       0
       0
       1
       0
       0
       0
       0
       0
       0
       0
       0
       0
       0
       0
       0
       0
       0
       0
       0
       0
       0
       0
       0
       0
       0
       0
       1
       0
       0
       0
       0
       0
       0
       0
       0
       0
       0
       0
       0
       0
       0
       0
       0
       0
       0
       0
       0
       0
       0
       0
       0
       0
       0
       0
       1
       0
       0
       0
       0
       0
       1
       0
       0
       0
       0
       0
       0
       0
       0
       0
       0
       0
       0
       0
       0
       0
       0
       1
       0
       0
       0
       0
       0
       1
       0
       0
       0
       0
       0
       0
       0
       0
       0
       0
       0
       0
       0
       0
       0
       0
       0
       0
       0
       0
       0
       0
       0
       0
       0
       1
       0
       0
       0
       0
       0
       0
       0
       0
       0
       1
       1
       0
       0
       0
       1
       0
       0
       0
       0
       0
       0
       0
       0
       0
       0
       0
       0
       0
       0
       0
       0
       0
       0
       0
       0
       0
       0
       0
       0
       0
       0
       0
       0
       0
       0
       0
       1
       0
       0
       0
       0
       0
       0
       0
       0
       0
       0
       0
       0
       0
       0
       0
       1
       0
       0
       0
       0
       0
       0
       0
       0
       0
       0
       0
       0
       0
       0
       0
       1
       0
       0
       0
       0
       0
       0
       0
       1
       0
       0
       0
       0
       0
       0
       0
       0
       0
       0
       0
       0
       0
       0
       0
       0
       0
       0
       0
       0
       0
       0
       0
       0
       1
       1
       1
       0
       0
       0
       0
       0
       0
       0
       0
       0
       0
       0
       0
       0
       0
       0
       0
       0
       0
       0
       0
       0
       0
       0
       0
       0
       0
       0
       0
       0
       0
       0
       0
       0
       0
       0
       1
       0
       0
       0
       0
       0
       0
       0
       1
       0
       0
       0
       0
       0
       0
       0
       0
       0
       0
       0
       0
       0
       0
       0
       0
       0
       0
       0
       0
       0
       0
       0
       0
       0
       0
       0
       0
       0
       1
       0
       0
       0
       0
       0
       0
       0
       0
       1
       0
       0
       0
       0
       0
       0
       0
       0
       0
       0
       0
       0
       0
       0
       0
       0
       1
       0
       0
       0
       0
       0
       0
       0
       0
       2
       0
       1
       0
       0
       0
       0
       0
       0
       0
       0
       0
       0
       0
       0
       0
       0
       1
       0
       0
       0
       0
       0
       0
       0
       0
       0
       0
       0
       0
       0
       0
       0
       1
       0
       0
       0
       0
       0
       1
       0
       0
       0
       0
       0
       0
       0
       0
       0
       0
       0
       0
       0
       0
       0
       0
       0
       0
       0
       0
       0
       0
       0
       0
       0
       0
       0
       0
       0
       0
       0
       0
       0
       0
       0
       0
       0
       1
       0
       1
       0
       0
       0
       0
       0
       0
       0
       0
       0
       0
       0
       0
       1
       0
       0
       0
       0
       0
       0
       0
       0
       0
       0
       0
       0
       0
       0
       0
       0
       0
       0
       0
       0
       0
       0
       0
       0
       0
       1
       0
       0
       0
       0
       0
       0
       0
       0
       0
       0
       0
       0
       0
       0
       0
       0
       0
       0
       0
       0
       0
       0
       0
       1
       0
       0
       0
       0
       0
       0
       0
       1
       0
       0
       0
       0
       0
       0
       1
       0
       0
       0
       0
       0
       0
       0
       0
       0
       0
       0
       0
       0
       0
       1
       0
       1
       0
       0
       0
       0
       0
       0
       1
       0
       0
       0
       0
       0
       0
       0
       0
       0
       0
       0
       1
       0
       0
       0
       0
       0
       1
       0
       0
       0
       0
       0
       0
       0
       1
       0
       0
       0
       0
       0
       0
       0
       0
       0
       0
       0
       1
       0
       0
       0
       0
       0
       0
       0
       0
       0
       1
       0
       0
       0
       0
       0
       0
       0
       0
       0
       0
       0
       0
       0
       0
       1
       0
       0
       0
       0
       0
       0
       0
       0
       0
       0
       1
       0
       0
       0
       0
       0
       0
       0
       0
       0
       0
       0
       0
       0
       0
       0
       0
       0
       0
       1
       0
       0
       0
       0
       0
       0
       0
       0
       0
       0
       0
       0
       0
       0
       0
       0
       0
       0
       0
       0
       1
       0
       0
       0
       0
       1
       0
       0
       1
       0
       0
       0
       0
       0
       0
       0
       0
       0
       0
       0
       0
       0
       0
       0
       1
       0
       0
       1
       0
       0
       0
       0
       0
       0
       0
       0
       0
       0
       0
       0
       0
       0
       0
       0
       0
       0
       0
       0
       0
       0
       0
       0
       1
       0
       0
       0
       0
       0
       0
       0
       0
       0
       0
       0
       0
       0
       1
       0
       0
       0
       0
       0
       0
       0
       0
       0
       0
       0
       0
       0
       0
       0
       0
       0
       0
       0
       0
       0
       0
       0
       0
       0
       0
       0
       0
       0
       0
       0
       0
       0
       0
       0
       0
       1
       0
       0
       0
       0
       0
       0
       0
       0
       0
       0
       0
       0
       0
       0
       0
       0
       0
       0
       0
       0
       0
       0
       0
       0
       0
       1
       0
       0
       0
       0
       1
       1
       0
       0
       0
       0
       0
       0
       0
       0
       0
       0
       0
       0
       0
       0
       0
       0
       0
       0
       0
       0
       0
       0
       0
       0
       0
       0
       0
       0
       0
       0
       0
       0
       0
       0
       0
       0
       1
       0
       0
       0
       0
       0
       0
       0
       0
       0
       0
       0
       0
       0
       0
       0
       0
       0
       0
       0
       0
       0
       0
       0
       0
       0
       0
       0
       0
       0
       0
       0
       0
       0
       0
       0
       0
       0
       0
       0
       0
       0
       0
       0
       0
       0
       0
       0
       0
       0
       0
       0
       0
       0
       0
       0
       0
       0
       0
       0
       0
       0
       1
       0
       0
       0
       0
       0
       0
       0
       0
       0
       0
       0
       0
       0
       0
       0
       0
       0
       0
       0
       0
       0
       0
       0
       0
       0
       0
       0
       0
       0
       0
       0
       0
       0
       0
       0
       0
       0
       0
       0
       0
       0
       0
       0
       0
       0
       0
       0
       1
       1
       0
       0
       0
       0
       0
       0
       0
       0
       0
       0
       0
       0
       0
       0
       0
       0
       0
       0
       0
       0
       0
       0
       0
       0
       0
       0
       0
       1
       0
       0
       0
       0
       0
       0
       0
       0
       0
       0
       0
       0
       0
       0
       1
       0
       0
       0
       0
       0
       0
       0
       0
       0
       0
       0
       0
       0
       0
       0
       0
       0
       0
       0
       0
       0
       0
       0
       0
       0
       0
       0
       0
       0
       0
       0
       0
       0
       0
       0
       0
       0
       0
       0
       0
       0
       0
       0
       0
       0
       0
       0
       0
       0
       0
       0
       0
       0
       0
       0
       0
       0
       0
       0
       0
       0
       0
       0
       0
       0
       0
       0
       0
       0
       0
       0
       0
       0
       0
       0
       0
       0
       0
       0
       0
       0
       0
       0
       0
       0
       0
       0
       0
       0
       0
       0
       0
       0
       0
       0
       0
       0
       0
       0
       0
       0
       0
       0
       0
       0
       0
       0
       0
       0
       0
       0
       0
       0
       0
       0
       0
       0
       0
       0
       0
       0
       0
       0
       0
       0
       0
       0
       0
       1
       0
       0
       0
       0
       0
       0
       0
       0
       0
       0
       0
       0
       0
       0
       0
       0
       0
       0
       0
       0
       0
       0
       0
       0
       0
       0
       0
       0
       0
       0
       0
       0
       0
       0
       0
       0
       0
       0
       0
       0
       0
       0
       0
       0
       0
       0
       0
       0
       0
       0
       0
       0
       0
       0
       0
       0
       0
       0
       0
       0
       0
       0
       0
       0
       0
       0
       0
       0
       0
       0
       0
       0
       0
       0
       0
       0
       0
       0
       0
       0
       0
       0
       0
       0
       0
       0
       0
       0
       0
       0
       0
       0
       0
       0
       0
       0
       0
       0
       0
       0
       0
       0
       0
       0
       0
       0
       0
       0
       0
       0
       0
       0
       0
       0
       0
       0
       0
       0
       0
       0
       0
       0
       0
       0
       0
       0
       0
       0
       0
       0
       0
       0
       0
       0
       0
       0
       0
       0
       0
       0
       0
       0
       0
       0
       0
       0
       0
       0
       0
       0
       0
       0
       0
       0
       0
       0
       0
       0
       0
       0
       0
       0
       0
       0
       0
       0
       0
       0
       0
       0
       0
       0
       0
       0
       0
       0
       0
       1
       0
       0
       0
       0
       0
       0
       2
       1
       1
       1
       1
       1
       5
       1
       1
       0
       0
       0
       0
       0
       0
       0
       0
       0
       0
       0
       0
       0
       0
       0
       0
       0
       0
       0
       0
       0
       0
       0
       0
       0
       0
       0
       0
       0
       0
       0
       0
       0
       0
       0
       0
       0
       0
       0
       0
       0
       0
       0
       0
       0
       0
       0
       0
       0
       0
       0
       0
       0
       0
       0
       0
       0
       0
       0
       0
       0
       0
       0
       0
       0
       0
       0
       0
       0
       0
       0
       0
       0
       0
       0
       0
       0
       0
       0
       0
       0
       0
       0
       0
       0
       0
       0
       0
       0
       0
       0
       0
       0
       0
       0
       0
       0
       0
       0
       0
       0
       0
       0
       0
       0
       0
       0
       0
       0
       0
       0
       0
       0
       0
       0
       0
       0
       0
       0
       0
       0
       0
       0
       0
       0
       0
       0
       0
       0
       0
       0
       0
       0
       0
       0
       0
       0
       0
       0
       0
       0
       0
       0
       0
       0
       0
       0
       0
       0
       0
       0
       0
       0
       0
       0
       0
       0
       0
       0
       0
       0
       0
       0
       0
       0
       0
       0
       0
       0
       0
       0
       0
       0
       0
       0
       0
       0
       0
       0
       0
       0
       0
       0
       0
       0
       0
       0
       0
       0
       0
       0
       0
       0
       0
       0
       0
       0
       0
       0
       0
       0
       0
       0
       0
       0
       0
       0
       0
       0
       0
       0
       0
       0
       0
       0
       0
       0
       0
       0
       0
       0
       0
       0
       0
       0
       0
       0
       0
       0
       0
       0
       0
       0
       0
       0
       0
       0
       0
       0
       0
       0
       0
       0
       0
       0
       0
       0
       0
       0
       0
       0
       0
       0
       0
       0
       0
       0
       0
       0
       0
       0
       0
       0
       0
       0
       0
       0
       0
       0
       0
       0
       0
       0
       0
       0
       0
       0
       0
       0
       0
       0
       0
       0
       0
       0
       0
       0
       0
       0
       0
       0
       0
       0
       0
       0
       0
       0
       0
       0
       0
       0
       0
       0
       0
       0
       0
       0
       0
       0
       0
       0
       0
       0
       0
       0
       0
       0
       0
       0
       0
       0
       0
       0
       0
       0
       0
       0
       0
       0
       0
       0
       0
       0
       0
       0
       0
       0
       0
       0
       0
       0
       0
       0
       0
       0
       0
       0
       0
       0
       0
       0
       0
       0
       0
       0
       0
       0
       0
       0
       0
       0
       0
       0
       0
       0
       0
       1
       0
       0
       0
       0
       0
       0
       0
       0
       0
       0
       0
       0
       0
       0
       0
       0
       0
       0
       0
       0
       0
       0
       0
       0
       0
       1
       0
       0
       0
       0
       0
       0
       0
       0
       0
       0
       0
       0
       0
       0
       0
       0
       0
       0
       0
       0
       0
       0
       0
       0
       0
       0
       0
       0
       0
       0
       0
       0
       0
       0
       0
       0
       0
       0
       0
       0
       0
       0
       0
       0
       0
       0
       0
       0
       0
       0
       0
       0
       0
       0
       0
       1
       0
       0
       0
       0
       0
       0
       0
       0
       0
       0
       0
       0
       0
       0
       0
       0
       0
       0
       0
       0
       0
       0
       0
       0
       0
       0
       0
       0
       0
       0
       0
       0
       0
       0
       0
       0
       0
       0
       0
       0
       0
       0
       0
       0
       0
       0
       0
       0
       0
       0
       0
       0
       0
       0
       0
       0
       0
       0
       0
       0
       0
       0
       0
       0
       0
       0
       0
       0
       0
       0
       0
       0
       0
       0
       0
       0
       0
       0
       0
       0
       0
       0
       0
       0
       0
       0
       0
       0
       0
       0
       0
       0
       0
       0
       0
       0
       0
       0
       0
       0
       0
       0
       0
       0
       0
       0
       0
       0
       0
       0
       0
       0
       0
       0
       0
       0
       0
       0
       0
       0
       0
       0
       0
       0
       0
       0
       0
       0
       0
       0
       0
       0
       0
       0
       0
       0
       0
       0
       0
       0
       0
       0
       0
       0
       0
       0
       0
       0
       0
       0
       0
       0
       0
       0
       0
       0
       0
       0
       0
       0
       0
       0
       0
       0
       0
       0
       0
       0
       0
       0
       0
       0
       0
       0
       0
       0
       0
       0
       0
       0
       0
       0
       0
       0
       0
       0
       0
       0
       0
       0
       0
       0
       0
       0
       0
       0
       0
       0
       0
       0
       0
       0
       0
       0
       0
       0
       0
       0
       0
       0
       0
       0
       0
       0
       0
       0
       0
       0
       0
       0
       0
       0
       0
       0
       0
       0
       0
       0
       0
       0
       0
       0
       0
       0
       0
       0
       0
       0
       0
       0
       0
       0
       0
       0
       0
       0
       0
       0
       0
       0
       0
       0
       0
       0
       0
       0
       0
       0
       0
       0
       0
       0
       0
       0
       0
       0
       0
       0
       0
       0
       0
       0
       0
       0
       0
       0
       0
       0
       0
       0
       0
       0
       0
       0
       0
       0
       0
       0
       0
       0
       0
       0
       0
       0
       0
       1
       0
       0
       0
       0
       0
       0
       0
       0
       0
       0
       0
       0
       0
       0
       0
       0
       0
       0
       0
       0
       0
       0
       0
       0
       0
       0
       0
       0
       0
       0
       0
       0
       0
       0
       0
       0
       0
       0
       0
       0
       0
       0
       0
       0
       0
       0
       0
       0
       0
       0
       0
       0
       0
       0
       0
       0
       0
       0
       0
       0
       0
       0
       0
       0
       0
       0
       0
       1
       0
       0
       0
       0
       0
       0
       0
       0
       0
       0
       0
       0
       0
       0
       0
       0
       0
       0
       0
       0
       0
       0
       0
       0
       0
       0
       0
       0
       0
       0
       0
       0
       0
       0
       0
       0
       0
       0
       0
       0
       0
       0
       0
       0
       0
       0
       0
       0
       0
       0
       0
       0
       0
       0
       0
       0
       0
       0
       0
       0
       0
       0
       0
       0
       0
       0
       0
       0
       0
       0
       0
       0
       0
       0
       0
       0
       0
       0
       0
       0
       0
       0
       0
       0
       0
       0
       0
       0
       0
       0
       0
       0
       0
       0
       0
       0
       0
       0
       0
       0
       0
       0
       0
       0
       0
       0
       0
       0
       0
       0
       0
       0
       0
       0
       0
       0
       0
       0
       0
       0
       0
       0
       0
       0
       0
       0
       0
       0
       0
       0
       0
       0
       0
       0
       0
       0
       0
       0
       0
       0
       0
       0
       0
       0
       0
       0
       0
       0
       0
       0
       0
       0
       0
       0
       0
       0
       0
       0
       0
       0
       0
       0
       0
       0
       0
       0
       0
       0
       0
       0
       0
       0
       0
       0
       0
       0
       0
       0
       0
       0
       0
       0
       0
       0
       0
       0
       0
       0
       0
       0
       0
       0
       0
       0
       0
       0
       0
       0
       0
       0
       0
       0
       0
       0
       0
       0
       0
       0
       0
       0
       0
       0
       0
       0
       0
       0
       0
       0
       0
       0
       0
       0
       0
       0
       0
       0
       0
       0
       0
       0
       0
       0
       0
       0
       0
       0
       0
       0
       0
       0
       0
       0
       0
       0
       0
       0
       0
       0
       0
       0
       0
       0
       0
       0
       0
       0
       0
       0
       0
       0
       0
       0
       0
       0
       0
       0
       0
       0
       0
       0
       0
       0
       0
       0
       0
       0
       0
       0
       0
       0
       0
       0
       0
       0
       0
       0
       0
       0
       0
       0
       1
       0
       0
       0
       0
       0
       0
       0
       0
       0
       0
       0
       0
       0
       0
       0
       0
       0
       0
       0
       0
       0
       0
       0
       0
       0
       0
       0
       0
       0
       0
       0
       0
       0
       0
       0
       0
       0
       0
       0
       0
       0
       0
       0
       0
       0
       0
       0
       0
       0
       0
       0
       0
       0
       0
       0
       0
       0
       0
       0
       0
       0
       0
       0
       0
       0
       0
       0
       0
       0
       0
       0
       0
       0
       0
       0
       0
       0
       0
       0
       0
       0
       0
       0
       0
       0
       0
       0
       0
       0
       0
       0
       0
       0
       0
       0
       0
       0
       0
       0
       0
       0
       0
       0
       1
       0
       0
       0
       0
       0
       0
       0
       0
       0
       0
       0
       0
       0
       0
       0
       0
       0
       0
       0
       0
       0
       0
       0
       0
       0
       0
       0
       0
       0
       0
       0
       0
       0
       0
       0
       0
       0
       0
       0
       0
       0
       0
       0
       0
       0
       0
       0
       0
       0
       0
       0
       0
       0
       0
       0
       0
       0
       0
       0
       0
       0
       0
       0
       1
       0
       0
       0
       0
       0
       0
       0
       0
       0
       0
       0
       0
       0
       0
       0
       0
       0
       0
       0
       0
       0
       0
       0
       0
       0
       0
       0
       0
       0
       0
       0
       0
       0
       0
       0
       0
       0
       0
       0
       0
       0
       0
       0
       0
       0
       0
       0
       0
       0
       0
       0
       0
       0
       0
       0
       0
       0
       0
       0
       0
       0
       0
       0
       0
       0
       0
       0
       0
       0
       0
       0
       0
       0
       0
       0
       0
       0
       0
       0
       0
       0
       0
       0
       0
       0
       0
       0
       0
       0
       0
       0
       0
       0
       0
       0
       0
       0
       0
       0
       0
       0
       0
       0
       0
       0
       0
       0
       0
       0
       0
       0
       0
       0
       0
       0
       0
       0
       0
       0
       0
       0
       0
       0
       0
       0
       0
       0
       0
       0
       0
       0
       0
       0
       0
       0
       0
       0
       0
       0
       0
       0
       0
       0
       0
       0
       0
       0
       0
       0
       0
       0
       0
       0
       0
       0
       0
       0
       0
       0
       0
       0
       0
       0
       0
       0
       0
       0
       0
       0
       0
       0
       0
       0
       0
       0
       0
       0
       0
       0
       0
       0
       0
       0
       0
       0
       0
       0
       0
       0
       0
       0
       0
       0
       0
       0
       0
       0
       0
       0
       0
       0
       0
       0
       0
       0
       0
       0
       0
       0
       0
       0
       0
       0
       0
       0
       0
       0
       0
       0
       0
       0
$ROI:
0
$PRESETS:
Real Time
180
0
$ENER_FIT:
0.888569 0.390988
$MCA_CAL:
3
8.885689E-001 3.909876E-001 3.191953E-008 keV
$SHAPE_CAL:
3
0.000000E+000 0.000000E+000 0.000000E+000
