$SPEC_ID:
1
$SPEC_REM:
DET# 2
DETDESC# MCB 130 Normal
AP# Maestro Version 7.01
$DATE_MEA:
09/13/2019 01:52:09
$MEAS_TIM:
178 180
$DATA:
0 8191
       0
       0
       0
       0
       0
       0
       0
       0
       0
       0
       0
       0
       0
       0
       0
       0
       0
       0
       0
       0
       0
       0
       0
       0
       0
       0
      15
     271
      69
      38
      34
      75
      89
     151
     141
     103
      52
      58
      73
      71
      76
      82
     104
     136
     128
      89
      74
      39
      36
      58
      67
      77
      75
      67
      56
      53
      39
      62
      52
      75
      64
      52
      67
      40
      46
      47
      48
      53
      52
      54
      34
      41
      52
      52
      41
      57
      47
      44
      38
      47
      29
      54
      51
      39
      42
      38
      31
      45
      54
      53
      63
      53
      31
      39
      47
      49
      42
      44
      45
      50
      43
      41
      48
      52
      39
      34
      40
      50
      55
      37
      49
      47
      51
      56
      55
      51
      71
      57
      42
      41
      42
      69
      50
      46
      53
      52
      51
      60
      57
      58
      56
      58
      67
      46
      54
      55
      44
      57
      55
      51
      56
      59
      62
      61
      76
      59
      73
      67
      57
      75
      77
      68
      83
      67
      74
      90
      87
      77
      61
      87
      63
      72
      61
      70
      85
      72
      83
      80
      87
      95
      89
      93
      72
      67
      78
      85
      85
      78
      76
      74
      83
      86
      89
      86
     114
     109
      90
      78
     105
     103
     133
     118
      90
      93
     108
     131
     104
     103
      87
     100
      84
     113
     110
     109
      86
     101
      84
     120
     102
      95
      97
     112
     113
     120
     120
     129
     122
     107
     112
     134
     121
     149
     130
      90
     108
     128
     108
     117
     102
     108
     104
     107
     120
     115
     119
     103
     110
     110
     125
     121
     114
     121
     119
     115
     103
     105
      99
     135
     125
     120
     150
     200
     280
     329
     250
     153
     112
     125
     129
     107
     124
     151
     226
     387
     423
     281
     154
     105
     194
     418
     521
     351
     182
      95
     102
     100
      94
      93
      96
      95
      91
     102
     110
      98
      94
     102
      77
      96
      99
      97
      76
     101
      92
      94
     106
     126
     132
     123
     155
     156
     110
     107
      92
      98
      62
      91
     103
     109
     117
     104
      99
      82
      83
      89
      70
      71
      79
      78
      82
      73
      58
      86
      65
      91
      97
      83
      76
      68
      90
      90
      79
      80
      76
      82
      69
      70
      65
      69
     106
      85
      69
      75
      81
      79
      87
      79
      74
      70
      71
      81
      75
      88
      62
      64
      67
      79
      74
     104
     107
      97
      84
      78
      62
      66
      67
      55
      70
      79
      60
      76
      56
      86
      76
      63
      55
      80
      60
      71
      65
      63
      55
      63
      66
      66
      66
      63
      77
      56
      53
      72
      49
      69
      69
      58
      69
      63
      59
      56
      62
      48
      55
      63
      60
      80
      58
      62
      53
      45
      56
      61
      48
      69
      51
      47
      56
      57
      61
      48
      42
      59
      57
      64
      51
      40
      51
      54
      49
      62
      54
      59
      67
      63
      56
      51
      55
      37
      52
      45
      50
      59
      45
      37
      40
      45
      56
      61
      49
      50
      46
      52
      47
      58
      55
      37
      47
      47
      38
      46
      52
      34
      45
      56
      43
      51
      45
      49
      47
      43
      44
      44
      44
      42
      44
      43
      50
      51
      49
      51
      34
      41
      47
      36
      38
      39
      35
      40
      33
      38
      40
      34
      40
      42
      40
      42
      48
      50
      50
      50
      45
      40
      30
      49
      49
      48
      48
      36
      37
      36
      40
      31
      30
      34
      39
      43
      37
      50
      44
      36
      44
      42
      39
      38
      39
      32
      41
      45
      49
      38
      35
      32
      30
      33
      49
      36
      53
      64
      72
      55
      34
      39
      32
      44
      30
      24
      52
      35
      44
      34
      41
      45
      43
      32
      38
      31
      34
      35
      36
      36
      32
      29
      25
      24
      30
      29
      40
      27
      32
      25
      36
      30
      45
      34
      36
      19
      34
      33
      39
      39
      31
      35
      36
      75
     135
     158
     126
      47
      47
      20
      34
      34
      24
      20
      28
      28
      30
      20
      24
      28
      18
      24
      22
      29
      21
      22
      21
      18
      32
      21
      32
      44
      49
      27
      30
      23
      33
      24
      27
      30
      30
      26
      35
      35
      28
      30
      24
      27
      21
      33
      29
      25
      26
      30
      36
      24
      17
      32
      38
      55
      70
      70
      36
      30
      26
       7
      22
      23
      17
      24
      27
      28
      24
      27
      16
      35
      18
      16
      28
      26
      24
      17
      27
      18
      26
      28
      22
      23
      15
      17
      36
      18
      30
      23
      28
      17
      18
      22
      22
      28
      15
      22
      23
      24
      31
      18
      21
      26
      16
      17
      15
      20
      23
      18
      18
      14
      15
      18
      21
      21
      18
      21
      20
      22
      21
      17
      20
      27
      24
      39
      77
     160
     126
      71
      32
      20
      10
      14
      17
      15
      20
      18
      13
      16
      20
      21
      17
      21
      15
      21
      20
      22
      26
      18
      17
      18
      20
      20
      15
      20
      22
      20
      18
       9
      17
      18
      16
      14
      20
      16
      27
      18
      26
      34
      21
      21
      30
      37
      32
      34
      15
      18
      11
      25
      41
      39
      40
      31
      23
      12
      10
      12
      13
      19
      15
      20
      19
      13
       6
      16
      17
      11
      10
      12
      12
      15
      10
       8
      26
      19
      32
      30
      22
      17
      14
      17
      17
      18
      13
      11
      19
       9
      21
       9
      11
      14
      18
      15
      17
      32
      53
      45
      45
      28
      20
       8
      11
       8
      11
      12
       8
       9
       9
      17
      17
      11
      10
       8
       6
      13
      18
      11
      15
      10
       7
      14
      11
      11
      12
      11
       9
      14
      17
       9
       6
      14
       9
      19
      14
       9
      12
       9
      10
       9
      18
       8
      24
      39
      22
      17
      11
       6
       9
      12
      12
      12
      12
      14
      14
      12
       4
       4
      12
      10
      16
       8
       9
       9
       7
      14
       6
      16
       7
      10
       8
       7
      11
       8
       7
       4
      13
      11
       7
      10
       9
      16
      12
       7
       9
      17
      24
      26
      33
      28
      15
       6
       7
      10
      11
      10
       7
       7
       9
       6
      12
       8
      10
       7
      10
       9
       9
      12
       8
      15
       3
       7
       6
       7
       6
       7
       9
       7
       9
       9
       9
      14
       7
       6
       6
       9
       6
       3
       8
       9
       7
       5
       7
      10
       8
      11
      12
       9
       2
       6
       4
       6
      12
       6
      10
       8
       9
      11
       7
      10
       5
       2
       5
       5
       8
       6
      12
       9
       6
      10
      11
       9
       5
       7
      10
       9
       5
      11
       9
       5
       5
       8
       7
       7
       5
       9
       4
       6
      11
       9
       2
       6
       7
      14
       8
       7
       5
      10
       4
      10
       5
       7
       9
       7
      10
      12
       6
       5
       5
       6
       7
       9
       9
      11
      11
       9
       4
      10
       7
       8
       9
       7
       9
       7
       7
       8
       7
       7
       5
       7
       8
       6
       4
       6
       7
      10
       6
       5
      11
       9
       3
       8
       4
      10
      12
       5
      10
       6
       4
       7
       8
       4
       8
       5
      13
       6
       6
       5
       0
       4
       3
       5
       4
       7
      13
       9
      10
       7
       9
       5
       3
       3
       5
       9
       1
      12
      14
      10
      12
       8
       8
       5
       5
       9
      11
       7
       5
       4
       8
       9
       5
       8
       3
       3
       9
       4
       5
       8
       3
       7
       7
       9
       8
       7
       4
       5
      12
       7
       7
       6
      10
       6
       7
       5
       4
      10
       3
       5
       7
       3
       8
       9
       7
       1
       2
       4
       4
       4
       5
       8
      11
       3
       5
       4
       8
      10
       4
      10
       5
       4
       5
       3
       8
      10
       9
       8
       9
       8
       7
       2
       7
       5
      11
       3
       6
       5
       4
       3
       4
       4
       6
       4
       7
       1
       7
       3
       9
       2
       6
       8
       6
       6
       3
       2
       8
       6
       4
       5
      10
       6
       7
      10
       2
       9
       4
      10
       7
       7
       4
       8
       3
       5
       3
       4
      12
      13
      13
      10
       5
      10
       7
       3
       6
       4
       4
       4
       4
       6
       6
       5
       5
       5
       7
       7
       8
       8
       6
      10
       6
      11
       5
       4
       4
       6
       6
       4
       1
       5
       6
       5
       5
       3
       3
       8
       8
       6
       8
       8
       5
       4
       1
       3
       7
       7
       7
       8
       2
       8
       8
       3
       8
       1
       7
       6
       8
       5
       3
       7
       5
       9
       6
       7
       6
       3
       8
       3
       0
       4
       6
      16
      14
      13
       7
       7
       4
       3
       3
       7
       4
       4
       1
       6
       6
       4
       3
       7
       3
       6
       4
       8
       6
       4
       6
       0
       8
       1
       6
       9
       6
       4
       5
       4
       2
       5
       5
       6
       8
       5
       2
       5
       5
       3
       5
       6
       2
       5
       1
       3
       4
       4
       1
       9
       1
       2
       4
       7
       7
       7
       5
       8
       3
       8
       1
       6
       6
       6
       6
      11
       4
       3
       7
       6
       3
       1
       4
       1
       5
       8
       4
       4
       4
       4
      13
      10
      13
      18
      14
       6
       6
       3
       3
       4
       5
       3
       5
       6
       5
       2
       3
       3
       2
       6
       3
       3
       5
       3
       2
       7
       6
       5
       4
       5
       2
       8
       5
       5
       4
       2
       3
       5
       6
       3
       5
       6
       4
       3
       5
       6
       4
       4
       8
       6
       2
       4
       4
       7
       8
       2
       4
       2
       5
       0
       4
       0
       3
       5
       4
       4
       7
       5
      17
      15
       6
       4
       2
       2
       1
       2
       1
       2
       2
       2
       3
       4
       7
       4
       2
       4
       2
       5
       5
       5
       2
       3
       4
       4
       7
       4
       5
       5
       4
       2
       1
       1
       3
       3
       5
       2
       4
       6
       2
       4
       5
       5
       2
       2
       4
       2
       1
       4
       3
       6
       7
       4
       6
       5
       4
       3
       3
       1
       5
       8
       4
       4
       5
       4
       3
       5
       6
       6
       7
      13
       3
       6
       4
       1
       5
       5
       3
       2
       4
       1
       5
       0
       4
       1
       3
       8
       3
       3
       0
       3
       1
       0
       5
       5
       3
       5
       5
       4
       1
       2
       5
       9
       3
       4
       2
       6
       4
       2
       6
       5
       7
       1
       3
       2
       5
       4
       6
       8
       4
       1
       5
       2
       7
      10
      10
       4
       4
       1
       1
       2
       0
       6
       7
       6
      17
      26
      15
      19
       8
       6
       3
       4
       5
       4
       3
       0
       4
       1
       5
       2
       3
       1
       1
       2
       6
       2
       3
       5
       4
       4
       4
       3
       6
       2
       3
       3
       5
       5
       1
       6
       1
       2
       4
       2
       1
       2
       3
       3
       3
       2
       3
       2
       1
       1
       1
       4
       2
       1
       2
       4
       1
       7
       1
       2
       4
       2
       2
       2
       3
       3
       0
       3
       2
       5
       6
       3
       4
       2
       3
       2
       8
       2
       1
       2
       3
       3
       3
       5
       1
       3
       2
       1
       2
       5
       7
       3
       4
       4
       6
       3
       3
       1
       2
       1
       2
       2
       1
       2
       3
       4
       3
       1
       2
       2
       5
       2
       7
       6
       5
       3
       3
       2
       2
       4
       1
       8
       1
       5
       4
      15
      15
      15
       8
       8
       4
       3
       2
       4
       5
       5
       9
       7
       4
       3
       2
       1
       2
       4
       1
       3
       2
       2
       0
       7
       4
       1
      14
       7
       3
       3
       4
       3
      10
       3
       2
       1
       5
       2
       3
       3
       2
       4
       0
       1
       1
       2
       2
       2
       3
       2
       2
       2
       2
       2
       3
       2
       3
       2
       3
       2
       2
       5
       4
       4
       2
       4
       3
       1
       2
       3
       4
       2
       4
       3
       2
       4
       1
       2
       1
       3
       4
       1
       3
       1
       2
       2
       3
       1
       1
       1
       1
       1
       7
       2
       1
       1
       3
       1
       7
       2
       2
       0
       0
       4
       4
       1
       0
       2
       4
       1
       1
       4
       1
       2
       2
       4
       4
       4
       2
       2
       4
       5
       1
       4
       7
       5
       0
       4
       5
       3
       4
       3
       4
       4
       2
       3
       4
       4
       4
       7
       1
       3
       2
       4
       3
       2
       3
       1
       1
       2
       2
       0
       1
       3
       1
       2
       1
       2
       2
       1
       2
       5
       3
       4
       2
       3
       4
       3
       1
       2
       4
       3
       2
       2
       1
       1
       4
       4
       4
       3
       2
       0
       1
       1
       2
       4
       3
       0
       1
       0
       1
       1
       1
       1
       1
       1
       0
       2
       2
       3
       4
       5
       4
       3
       3
       3
       3
       1
       3
       6
       1
       1
       0
       2
       1
       2
       0
      12
      14
      11
      15
      10
       7
       4
       3
       1
       2
       3
       1
       3
       6
       1
       3
       5
       3
       3
      10
       2
       2
       1
       2
       1
       4
       2
       4
       2
       2
       3
       4
       1
       5
       0
       2
       1
       4
       7
       3
       1
       3
       3
       5
       3
       1
       1
       3
       3
       3
       3
       1
       5
       3
       2
       3
       2
       0
       3
       0
       4
       1
       2
       2
       2
       5
       1
       4
       3
       1
       1
       1
       2
       5
       0
       4
       8
       2
       5
       3
       3
       2
       1
       3
       1
       1
       2
       1
       4
       3
       0
       2
       2
       3
       3
       2
       5
       0
       3
       2
       1
       1
       2
       3
       0
       0
       2
       1
       1
       2
       1
       4
       1
       1
       2
       3
       4
       0
       1
       0
       3
       1
       0
       4
       2
       0
       0
       1
       0
       2
       2
       2
       2
       3
       1
       2
       2
       4
       4
       1
       1
       0
       0
       0
       2
       1
       3
       0
       2
       2
       1
       4
       1
       1
       3
       0
       1
       4
       3
       0
       2
       1
       5
       3
       3
       2
       1
       2
       5
       1
       4
       5
       1
       2
       2
       6
       5
       2
       2
       1
       3
       2
       0
       2
       2
       4
       0
       2
       2
       1
       0
       0
       1
       1
       2
       2
       1
       3
       1
       2
       2
       2
       1
       1
       1
       3
       0
       4
       2
       5
       3
       2
       5
       0
       2
       0
       2
       1
       2
       0
       5
       1
       2
       2
       3
       0
       1
       1
       1
       4
       3
       0
       2
       1
       1
       3
       2
       6
       5
       4
       3
       1
       1
       3
       0
       2
       2
       1
       4
       2
       3
       0
       3
       0
       1
       2
       4
       2
       2
       0
       0
       3
       3
       1
       0
       2
       4
       2
       1
       2
       2
       1
       1
       4
       2
       1
       2
       1
       0
       2
       0
       0
       2
       2
       2
       1
       2
       1
       2
       2
       1
       4
       0
       0
       2
       2
       1
       2
       2
       0
       0
       5
       5
       0
       4
       2
       0
       2
       1
       2
       0
       0
       5
       1
       2
       0
       0
       5
       3
       3
       4
       5
       3
       2
       3
       1
       1
       1
       4
       0
       2
       3
       1
       2
       0
       0
       2
       3
       3
       1
       1
       3
       2
       0
       0
       1
       3
       6
       8
       5
      16
      14
      13
       6
       2
       2
       3
       3
       2
       0
       2
       1
       1
       1
       1
       1
       1
       1
       0
       4
       3
       0
       4
       1
       8
       4
       4
       4
       3
       3
       1
       2
       3
       1
       0
       2
       2
       1
       0
       2
       3
       2
       3
       2
       2
       0
       1
       2
       1
       0
       3
       1
       0
       0
       1
       2
       2
       2
       3
       0
       1
       0
       1
       2
       0
       2
       1
       3
       2
       0
       2
       3
       4
       1
       0
       1
       3
       1
       3
       5
       1
       6
      10
       6
       3
       3
       0
       3
       2
       1
       3
       0
       3
       1
       3
       1
       0
       4
       3
       1
       2
       3
       4
       1
       2
       1
       1
       2
       1
       0
       2
       2
       1
       1
       1
       3
       2
       3
       2
       0
       3
       4
       0
       3
       1
       2
       2
       0
       2
       2
       1
       1
       2
       2
       1
       0
       1
       3
       2
       3
       1
       4
       3
       1
       0
       1
       3
       2
       2
       4
       1
       2
       2
       3
       2
       2
       0
       2
       1
       2
       0
       0
       1
       2
       2
       1
       2
       2
       3
       3
       1
       2
       0
       2
       1
       1
       0
       0
       4
       2
       0
       1
       1
       1
       1
       3
       1
       0
       0
       2
       0
       2
       1
       0
       0
       1
       0
       3
       0
       2
       0
       3
       1
       2
       3
       2
       0
       4
       3
       1
       5
       3
       2
       8
       3
       5
       1
       5
       5
       5
       6
      10
      10
      12
      12
      10
       5
       2
       2
       1
       4
       2
       3
       1
       1
       2
       0
       0
       1
       1
       0
       4
       1
       1
       0
       3
       2
       2
       2
       0
       1
       0
       1
       0
       0
       1
       0
       1
       2
       1
       2
       0
       2
       1
       0
       0
       2
       0
       1
       0
       1
       1
       4
       0
       0
       1
       0
       0
       1
       0
       2
       2
       0
       3
       2
       1
       2
       2
       1
       0
       0
       1
       1
       2
       1
       2
       2
       1
       1
       1
       2
       1
       2
       0
       1
       2
       0
       1
       1
       0
       3
       0
       0
       1
       1
       3
       0
       3
       0
       2
       1
       1
       1
       2
       1
       1
       1
       1
       0
       2
       1
       0
       1
       2
       3
       1
       0
       0
       0
       1
       0
       1
       3
       0
       0
       0
       1
       3
       0
       2
       0
       0
       3
       0
       0
       1
       0
       3
       2
       0
       4
       2
       2
       3
       1
       0
       1
       1
       2
       3
       2
       3
       6
       5
       2
       3
       3
       0
       0
       1
       0
       1
       1
       1
       1
       1
       1
       0
       2
       0
       4
       1
       1
       1
       2
       1
       1
       0
       1
       1
       2
       0
       0
       0
       2
       1
       1
       1
       3
       1
       1
       2
       2
       3
       1
       1
       1
       1
       0
       3
       1
       0
       2
       2
       1
       0
       1
       0
       1
       4
       0
       2
       2
       0
       1
       3
       1
       1
       2
       2
       1
       1
       0
       1
       3
       1
       1
       1
       0
       2
       1
       2
       2
       0
       1
       0
       1
       3
       3
       1
       0
       1
       0
       3
       4
       1
       1
       2
       0
       0
       0
       2
       0
       2
       3
       1
       1
       0
       1
       2
       0
       2
       0
       1
       0
       0
       1
       1
       1
       0
       0
       1
       2
       2
       1
       2
       2
       0
       0
       2
       0
       0
       0
       1
       1
       1
       2
       4
       1
       4
       1
       0
       0
       1
       0
       1
       0
       0
       1
       1
       2
       0
       0
       0
       1
       0
       1
       0
       1
       3
       1
       2
       0
       2
       1
       0
       0
       0
       1
       2
       1
       3
       1
       1
       0
       1
       1
       2
       0
       1
       1
       0
       0
       0
       3
       0
       0
       2
       0
       2
       4
       1
       1
       2
       0
       1
       2
       0
       0
       0
       0
       2
       2
       3
       1
       0
       1
       2
       1
       1
       0
       2
       3
       0
       2
       0
       1
       2
       0
       3
       0
       2
       0
       2
       3
       2
       1
       1
       0
       1
       1
       1
       2
       2
       2
       4
       0
       4
       1
       1
       0
       1
       0
       1
       1
       1
       2
       8
       8
       7
      10
       3
       3
       1
       0
       0
       0
       0
       1
       1
       0
       0
       1
       0
       1
       1
       0
       1
       1
       0
       0
       0
       0
       0
       3
       5
       2
       3
       2
       4
       1
       3
       0
       0
       2
       0
       1
       1
       0
       2
       1
       1
       0
       1
       2
       0
       0
       2
       0
       0
       1
       1
       1
       0
       0
       2
       0
       2
       3
       0
       3
       1
       1
       1
       2
       0
       0
       0
       2
       1
       4
       0
       3
       2
       0
       0
       1
       0
       0
       0
       0
       0
       0
       0
       2
       3
       0
       1
       1
       0
       2
       2
       2
       0
       1
       3
       1
       2
       1
       2
       3
       0
       0
       3
       0
       0
       1
       0
       1
       0
       2
       0
       0
       0
       0
       1
       2
       2
       0
       0
       1
       0
       4
       2
       0
       3
       0
       1
       2
       2
       4
       3
       6
       5
       5
       7
       3
       0
       2
       2
       0
       4
       0
       6
       7
       7
       6
       4
       1
       1
       0
       2
       2
       0
       2
       0
       0
       1
       1
       1
       0
       0
       1
       3
       2
       0
       1
       0
       0
       3
       0
       1
       2
       2
       0
       0
       2
       2
       1
       1
       0
       1
       0
       0
       1
       0
       0
       1
       0
       0
       1
       1
       3
       0
       1
       0
       0
       1
       2
       5
       4
       2
       2
       1
       2
       0
       0
       0
       1
       0
       0
       0
       3
       0
       1
       1
       1
       1
       2
       0
       0
       2
       0
       1
       0
       2
       2
       2
       1
       0
       0
       0
       3
       0
       0
       0
       1
       1
       2
       1
       2
       0
       0
       0
       0
       5
       0
       1
       0
       1
       0
       0
       0
       3
       1
       0
       0
       0
       0
       1
       1
       0
       2
       0
       2
       2
       0
       1
       1
       0
       0
       1
       0
       0
       0
       1
       0
       1
       0
       1
       0
       0
       1
       0
       1
       1
       2
       1
       0
       0
       0
       0
       0
       1
       0
       0
       1
       1
       0
       4
       2
       2
       1
       1
       1
       1
       0
       2
       0
       4
       0
       0
       1
       0
       1
       0
       0
       2
       0
       0
       0
       0
       2
       0
       0
       0
       0
       2
       1
       1
       1
       0
       1
       1
       2
       1
       0
       1
       1
       2
       1
       0
       1
       2
       1
       1
       1
       0
       0
       2
       0
       0
       3
       3
       0
       1
       1
       1
       0
       1
       0
       1
       2
       2
       1
       0
       0
       2
       1
       1
       2
       0
       2
       1
       0
       0
       0
       1
       3
       2
       0
       0
       1
       1
       2
       3
       3
       1
       3
       0
       1
       2
       2
       0
       1
       0
       0
       0
       0
       0
       0
       1
       0
       0
       0
       0
       1
       0
       0
       2
       1
       0
       0
       0
       0
       0
       0
       1
       1
       0
       1
       0
       0
       0
       0
       1
       1
       1
       0
       1
       1
       2
       0
       2
       1
       1
       0
       3
       0
       0
       0
       1
       1
       0
       0
       2
       0
       1
       1
       0
       1
       1
       1
       0
       0
       0
       2
       0
       2
       1
       0
       0
       0
       0
       1
       0
       0
       1
       0
       2
       0
       0
       1
       1
       0
       1
       2
       1
       0
       1
       0
       0
       1
       0
       0
       1
       1
       0
       5
       0
       1
       0
       2
       0
       0
       1
       1
       1
       1
       0
       1
       0
       0
       1
       0
       1
       0
       0
       0
       3
       1
       0
       2
       0
       0
       0
       0
       2
       1
       1
       1
       0
       1
       1
       0
       1
       2
       0
       0
       1
       1
       2
       2
       0
       0
       0
       0
       0
       1
       5
       5
       5
       5
       3
       1
       0
       0
       0
       0
       1
       1
       0
       0
       0
       1
       0
       1
       0
       0
       0
       1
       0
       0
       0
       0
       0
       0
       0
       0
       0
       0
       1
       0
       1
       0
       0
       0
       0
       0
       1
       0
       0
       0
       3
       0
       0
       0
       0
       1
       0
       0
       0
       0
       0
       0
       2
       1
       1
       0
       0
       1
       0
       0
       0
       0
       0
       0
       0
       0
       0
       0
       0
       0
       0
       0
       1
       0
       0
       0
       1
       0
       0
       0
       0
       2
       0
       0
       1
       0
       0
       1
       2
       0
       1
       2
       1
       0
       1
       1
       0
       1
       2
       1
       1
       0
       1
       0
       0
       0
       0
       0
       0
       1
       1
       0
       2
       2
       0
       1
       0
       0
       1
       0
       0
       2
       0
       1
       0
       0
       1
       0
       2
       0
       2
       2
       0
       2
       1
       1
       0
       0
       0
       0
       0
       0
       0
       0
       0
       0
       1
       0
       1
       0
       1
       0
       0
       0
       0
       0
       0
       0
       1
       1
       1
       0
       0
       2
       0
       0
       2
       0
       0
       1
       0
       2
       0
       1
       0
       0
       0
       0
       1
       1
       0
       0
       2
       0
       1
       1
       1
       0
       1
       0
       0
       2
       1
       1
       0
       0
       1
       0
       1
       0
       0
       1
       2
       1
       0
       0
       0
       1
       0
       0
       0
       1
       0
       1
       0
       0
       0
       0
       1
       0
       0
       1
       1
       0
       0
       2
       0
       0
       0
       0
       0
       1
       1
       0
       0
       0
       0
       0
       1
       1
       0
       0
       1
       0
       1
       1
       0
       0
       1
       0
       1
       0
       0
       0
       0
       0
       2
       1
       1
       0
       0
       0
       0
       0
       0
       0
       0
       1
       0
       0
       1
       0
       2
       0
       0
       0
       0
       0
       0
       0
       1
       1
       1
       0
       0
       0
       0
       0
       0
       0
       1
       0
       0
       1
       0
       0
       0
       0
       0
       1
       0
       0
       0
       1
       0
       1
       0
       0
       1
       0
       0
       0
       0
       1
       0
       0
       0
       2
       2
       1
       1
       0
       2
       9
      12
      19
      26
      25
      13
      16
      12
       2
       1
       0
       0
       0
       0
       0
       0
       0
       0
       1
       0
       0
       0
       0
       0
       1
       0
       1
       0
       1
       0
       0
       0
       0
       1
       0
       1
       0
       0
       0
       0
       0
       0
       0
       0
       0
       0
       0
       0
       0
       0
       0
       0
       0
       0
       0
       1
       0
       1
       0
       0
       0
       0
       0
       0
       1
       0
       0
       1
       0
       0
       0
       0
       0
       0
       0
       1
       0
       0
       0
       1
       1
       0
       0
       0
       0
       0
       0
       0
       0
       0
       0
       1
       0
       1
       0
       0
       1
       0
       0
       0
       0
       0
       0
       1
       0
       0
       0
       0
       0
       0
       1
       0
       0
       0
       0
       0
       0
       0
       0
       0
       1
       0
       1
       0
       0
       0
       0
       2
       0
       1
       0
       0
       0
       0
       0
       0
       0
       0
       0
       0
       0
       0
       0
       0
       0
       0
       0
       0
       0
       1
       0
       0
       1
       0
       0
       1
       0
       0
       1
       0
       0
       0
       0
       1
       1
       0
       2
       1
       1
       0
       1
       0
       0
       0
       0
       0
       0
       0
       0
       0
       0
       0
       0
       1
       0
       0
       1
       0
       0
       0
       0
       0
       1
       0
       0
       0
       0
       1
       1
       0
       0
       1
       0
       1
       0
       1
       0
       1
       0
       0
       1
       0
       0
       0
       0
       0
       1
       0
       0
       1
       1
       0
       0
       0
       0
       0
       0
       0
       1
       0
       1
       0
       0
       0
       0
       0
       1
       0
       0
       0
       1
       0
       1
       0
       0
       0
       0
       0
       0
       0
       0
       0
       0
       2
       0
       1
       0
       0
       0
       0
       0
       0
       0
       0
       1
       2
       0
       0
       0
       0
       0
       0
       1
       1
       1
       0
       0
       0
       0
       0
       0
       1
       1
       0
       0
       0
       0
       0
       0
       0
       0
       0
       1
       0
       0
       0
       0
       0
       0
       0
       0
       0
       0
       0
       0
       0
       0
       0
       0
       0
       0
       0
       0
       0
       0
       0
       0
       0
       0
       0
       0
       0
       1
       0
       2
       1
       1
       0
       0
       0
       0
       1
       0
       0
       0
       0
       0
       0
       0
       0
       0
       1
       0
       0
       1
       2
       0
       1
       1
       0
       0
       0
       0
       1
       0
       0
       0
       0
       0
       0
       0
       0
       0
       0
       0
       0
       1
       0
       0
       0
       0
       0
       0
       0
       1
       0
       0
       0
       0
       0
       0
       0
       0
       0
       0
       0
       0
       1
       0
       0
       0
       0
       0
       0
       0
       0
       1
       0
       0
       0
       0
       0
       0
       0
       0
       0
       0
       0
       0
       0
       1
       1
       0
       1
       0
       0
       1
       0
       1
       0
       0
       0
       1
       0
       0
       0
       0
       2
       0
       0
       0
       0
       0
       0
       0
       0
       0
       0
       0
       2
       0
       1
       0
       0
       1
       0
       0
       0
       1
       0
       0
       0
       0
       0
       0
       2
       0
       0
       0
       0
       1
       0
       0
       0
       0
       0
       0
       0
       0
       0
       0
       0
       0
       0
       0
       0
       0
       0
       0
       0
       1
       0
       0
       0
       0
       0
       0
       0
       0
       0
       0
       0
       0
       0
       0
       0
       0
       0
       0
       0
       0
       0
       0
       0
       0
       1
       0
       0
       0
       0
       0
       0
       0
       0
       0
       0
       0
       1
       0
       0
       0
       0
       0
       0
       0
       0
       0
       0
       0
       0
       0
       0
       0
       0
       0
       0
       0
       0
       0
       1
       0
       0
       0
       0
       0
       0
       0
       0
       0
       0
       1
       0
       0
       1
       0
       0
       1
       0
       1
       0
       1
       1
       0
       1
       0
       0
       0
       0
       0
       0
       0
       0
       0
       0
       0
       1
       0
       0
       0
       0
       0
       0
       0
       0
       0
       0
       1
       0
       1
       0
       0
       1
       0
       0
       1
       0
       1
       1
       1
       0
       0
       0
       0
       0
       0
       0
       0
       0
       1
       0
       1
       0
       0
       0
       1
       0
       1
       0
       0
       0
       1
       0
       0
       0
       0
       0
       0
       0
       0
       0
       0
       1
       0
       1
       0
       0
       0
       0
       0
       0
       0
       0
       0
       0
       0
       0
       0
       0
       0
       0
       0
       0
       0
       1
       0
       0
       0
       0
       0
       0
       0
       2
       0
       0
       0
       0
       0
       0
       0
       0
       0
       0
       0
       0
       0
       0
       0
       0
       0
       1
       0
       0
       0
       1
       0
       0
       0
       0
       0
       2
       1
       0
       2
       0
       0
       0
       0
       0
       0
       0
       0
       0
       0
       0
       0
       0
       0
       1
       0
       0
       0
       0
       0
       0
       0
       0
       1
       0
       1
       0
       0
       0
       0
       0
       1
       0
       0
       1
       0
       0
       0
       0
       0
       0
       0
       0
       0
       0
       0
       0
       0
       0
       1
       1
       0
       0
       0
       0
       0
       0
       0
       0
       0
       0
       0
       0
       0
       0
       0
       1
       1
       0
       0
       0
       0
       0
       1
       0
       0
       0
       0
       0
       1
       0
       0
       0
       0
       0
       1
       2
       2
       4
       2
       2
       1
       3
       1
       0
       0
       0
       1
       0
       0
       0
       0
       0
       0
       0
       0
       0
       0
       0
       0
       0
       0
       0
       0
       0
       0
       0
       0
       0
       0
       0
       0
       0
       0
       0
       0
       0
       0
       0
       0
       0
       0
       0
       0
       0
       1
       0
       1
       0
       0
       0
       0
       1
       0
       0
       0
       0
       0
       0
       0
       0
       0
       0
       0
       0
       1
       0
       1
       1
       0
       0
       0
       0
       0
       0
       0
       0
       0
       0
       0
       0
       0
       0
       1
       0
       0
       1
       0
       0
       0
       0
       0
       0
       0
       0
       0
       0
       1
       0
       0
       0
       0
       0
       0
       0
       0
       0
       0
       0
       0
       0
       0
       1
       0
       1
       0
       0
       0
       0
       0
       0
       0
       0
       0
       0
       0
       0
       0
       1
       0
       0
       0
       0
       0
       0
       1
       0
       0
       0
       0
       0
       0
       0
       0
       0
       0
       0
       0
       0
       0
       0
       1
       0
       0
       0
       0
       0
       0
       0
       1
       0
       0
       0
       1
       0
       0
       0
       0
       0
       0
       0
       0
       0
       1
       0
       1
       0
       0
       0
       0
       0
       0
       0
       0
       0
       0
       1
       0
       0
       0
       0
       0
       0
       0
       0
       0
       0
       0
       0
       0
       0
       0
       0
       0
       0
       0
       0
       0
       2
       0
       0
       0
       0
       1
       0
       0
       0
       0
       0
       0
       0
       0
       0
       0
       0
       0
       0
       0
       0
       0
       0
       0
       0
       0
       0
       0
       0
       0
       1
       0
       0
       0
       0
       0
       1
       0
       0
       0
       0
       1
       0
       0
       0
       0
       0
       0
       0
       0
       0
       0
       0
       0
       1
       0
       0
       0
       0
       1
       0
       0
       0
       0
       1
       0
       0
       0
       0
       0
       0
       1
       0
       0
       0
       0
       0
       0
       0
       1
       0
       0
       0
       0
       0
       0
       1
       0
       1
       0
       0
       0
       0
       0
       0
       0
       0
       0
       0
       0
       0
       0
       0
       0
       0
       0
       1
       0
       0
       0
       0
       0
       0
       0
       0
       0
       0
       0
       0
       0
       0
       0
       0
       0
       0
       0
       0
       0
       0
       0
       0
       0
       0
       0
       0
       2
       0
       0
       0
       0
       0
       0
       0
       0
       0
       0
       0
       0
       0
       1
       0
       1
       0
       0
       0
       0
       0
       0
       0
       0
       1
       0
       0
       0
       0
       0
       0
       0
       0
       0
       0
       0
       0
       0
       0
       0
       0
       0
       0
       0
       0
       0
       0
       0
       0
       0
       0
       0
       0
       0
       0
       1
       0
       0
       0
       0
       0
       0
       0
       0
       0
       0
       0
       0
       1
       0
       0
       0
       0
       0
       0
       0
       0
       1
       0
       0
       0
       0
       0
       0
       0
       0
       1
       0
       0
       0
       0
       0
       0
       0
       0
       0
       0
       0
       0
       0
       0
       0
       0
       0
       0
       1
       0
       0
       0
       0
       0
       0
       0
       0
       0
       0
       0
       0
       0
       1
       0
       0
       0
       0
       0
       0
       0
       0
       0
       0
       0
       0
       0
       0
       0
       0
       0
       0
       0
       0
       0
       1
       0
       0
       0
       0
       1
       0
       0
       0
       0
       1
       0
       0
       0
       0
       0
       0
       0
       0
       1
       0
       0
       0
       0
       0
       0
       2
       0
       0
       0
       0
       0
       0
       0
       0
       0
       1
       0
       0
       0
       0
       0
       0
       0
       0
       0
       0
       0
       0
       1
       0
       0
       0
       0
       0
       0
       0
       1
       0
       0
       1
       0
       0
       0
       0
       0
       0
       0
       0
       0
       0
       0
       0
       0
       0
       0
       0
       0
       0
       0
       0
       1
       0
       0
       0
       0
       1
       0
       0
       0
       0
       0
       0
       1
       0
       0
       0
       0
       0
       0
       0
       0
       0
       0
       0
       0
       0
       0
       0
       0
       0
       0
       0
       0
       0
       0
       0
       0
       0
       0
       0
       0
       0
       0
       0
       0
       1
       0
       0
       0
       0
       0
       0
       0
       0
       1
       0
       0
       0
       0
       0
       0
       0
       1
       0
       0
       0
       0
       0
       0
       0
       0
       0
       0
       0
       0
       0
       0
       0
       0
       0
       0
       0
       0
       0
       0
       0
       0
       0
       0
       0
       0
       0
       0
       0
       0
       0
       1
       1
       0
       0
       0
       0
       0
       0
       0
       0
       0
       0
       0
       0
       0
       1
       0
       0
       0
       0
       0
       0
       0
       0
       0
       0
       0
       0
       0
       0
       0
       0
       0
       0
       0
       0
       0
       0
       0
       0
       0
       1
       0
       0
       0
       0
       0
       0
       0
       0
       0
       0
       0
       0
       0
       0
       0
       0
       0
       0
       0
       1
       0
       0
       0
       0
       0
       0
       0
       0
       0
       0
       0
       0
       0
       0
       0
       0
       0
       0
       0
       0
       0
       0
       0
       1
       0
       0
       0
       0
       0
       0
       0
       0
       0
       0
       0
       0
       0
       0
       0
       0
       0
       0
       0
       0
       0
       0
       0
       0
       0
       0
       0
       0
       1
       0
       0
       0
       0
       0
       0
       0
       0
       0
       0
       0
       0
       0
       0
       1
       1
       0
       0
       0
       0
       1
       0
       0
       0
       0
       0
       0
       0
       0
       0
       0
       0
       0
       0
       0
       1
       0
       0
       0
       0
       0
       0
       0
       0
       1
       1
       0
       0
       0
       0
       1
       0
       0
       0
       0
       0
       0
       1
       0
       0
       0
       0
       0
       0
       0
       0
       0
       0
       0
       0
       0
       0
       0
       0
       1
       0
       0
       0
       0
       0
       1
       1
       0
       0
       1
       0
       1
       0
       1
       0
       1
       0
       0
       0
       0
       0
       0
       1
       0
       0
       0
       0
       0
       0
       1
       0
       0
       0
       0
       0
       0
       0
       0
       0
       0
       0
       0
       1
       1
       0
       0
       0
       0
       0
       0
       0
       0
       0
       0
       0
       0
       0
       0
       0
       0
       1
       0
       0
       0
       0
       0
       0
       0
       0
       0
       0
       0
       0
       0
       0
       0
       0
       0
       0
       0
       0
       0
       0
       0
       0
       0
       0
       0
       0
       0
       1
       0
       0
       0
       0
       0
       0
       0
       0
       0
       0
       0
       0
       0
       1
       0
       0
       0
       0
       0
       0
       0
       2
       0
       0
       0
       0
       1
       0
       0
       0
       0
       0
       0
       1
       0
       0
       0
       0
       0
       0
       0
       0
       0
       0
       0
       0
       0
       0
       0
       0
       0
       0
       0
       0
       0
       0
       0
       0
       0
       0
       0
       0
       0
       0
       0
       0
       0
       0
       1
       0
       0
       0
       0
       0
       0
       0
       0
       0
       0
       1
       2
       0
       1
       0
       0
       0
       0
       0
       0
       0
       0
       0
       0
       0
       0
       0
       0
       0
       0
       0
       0
       0
       0
       0
       0
       0
       0
       0
       0
       0
       0
       0
       0
       0
       1
       0
       0
       0
       0
       0
       1
       0
       0
       0
       0
       0
       0
       0
       0
       1
       0
       0
       0
       0
       0
       1
       0
       0
       0
       0
       0
       0
       0
       0
       1
       0
       0
       0
       1
       0
       0
       0
       0
       0
       0
       0
       1
       0
       0
       0
       0
       0
       0
       0
       0
       0
       0
       0
       0
       0
       0
       0
       1
       0
       0
       0
       0
       0
       0
       1
       2
       2
       1
       0
       0
       0
       0
       0
       0
       0
       0
       0
       0
       0
       0
       1
       0
       0
       0
       0
       0
       0
       1
       0
       0
       1
       1
       0
       1
       0
       0
       0
       0
       0
       0
       0
       0
       0
       0
       0
       0
       0
       0
       0
       0
       0
       0
       0
       0
       0
       0
       0
       0
       0
       0
       0
       0
       0
       1
       0
       0
       0
       0
       1
       0
       0
       0
       0
       0
       0
       1
       0
       0
       1
       0
       0
       0
       0
       0
       0
       0
       0
       0
       0
       0
       0
       0
       0
       0
       0
       0
       0
       0
       0
       0
       0
       0
       0
       0
       0
       0
       0
       0
       0
       0
       0
       0
       0
       0
       0
       0
       1
       0
       0
       0
       0
       0
       0
       0
       0
       1
       0
       0
       0
       1
       0
       0
       0
       0
       0
       0
       0
       0
       0
       0
       0
       0
       0
       0
       0
       0
       0
       0
       0
       0
       0
       0
       0
       0
       0
       0
       0
       0
       0
       0
       0
       1
       0
       0
       0
       0
       0
       0
       0
       0
       0
       0
       0
       0
       0
       0
       0
       0
       0
       0
       0
       0
       0
       0
       0
       0
       0
       0
       0
       0
       0
       0
       0
       0
       0
       0
       0
       0
       0
       0
       0
       0
       0
       0
       0
       0
       0
       0
       0
       0
       0
       0
       0
       0
       0
       1
       0
       0
       0
       0
       0
       0
       0
       0
       0
       0
       0
       0
       0
       0
       0
       0
       1
       0
       0
       1
       0
       0
       0
       0
       0
       0
       0
       0
       0
       0
       1
       0
       0
       0
       0
       0
       0
       0
       0
       0
       0
       0
       0
       0
       0
       0
       1
       0
       0
       0
       0
       0
       0
       0
       0
       0
       0
       0
       0
       0
       0
       0
       0
       0
       0
       0
       0
       0
       0
       0
       1
       0
       0
       1
       0
       0
       0
       0
       0
       0
       0
       0
       0
       0
       0
       0
       0
       0
       0
       0
       0
       0
       0
       0
       0
       0
       0
       0
       1
       0
       0
       0
       0
       0
       0
       0
       1
       0
       0
       0
       0
       0
       0
       0
       1
       0
       0
       0
       1
       0
       0
       0
       0
       0
       0
       0
       0
       0
       0
       0
       0
       0
       1
       0
       0
       0
       1
       0
       0
       0
       0
       0
       0
       0
       0
       0
       0
       0
       0
       1
       0
       0
       0
       0
       0
       0
       0
       0
       0
       0
       0
       0
       0
       0
       0
       0
       0
       0
       0
       0
       0
       3
       0
       0
       0
       0
       0
       0
       0
       0
       0
       0
       0
       0
       0
       0
       0
       0
       0
       0
       0
       0
       0
       0
       0
       0
       0
       0
       0
       0
       0
       0
       0
       0
       0
       0
       0
       0
       0
       0
       0
       0
       0
       0
       0
       0
       0
       0
       0
       0
       1
       0
       0
       0
       0
       0
       0
       0
       0
       0
       0
       0
       0
       0
       0
       0
       0
       0
       1
       0
       0
       0
       1
       0
       0
       0
       0
       0
       0
       0
       0
       0
       0
       0
       0
       0
       0
       0
       0
       0
       0
       0
       0
       0
       0
       1
       0
       0
       0
       0
       0
       0
       0
       0
       0
       0
       0
       0
       0
       0
       0
       0
       0
       1
       0
       0
       0
       0
       0
       0
       0
       0
       0
       0
       0
       0
       0
       0
       0
       0
       0
       0
       0
       1
       0
       0
       0
       1
       0
       0
       1
       0
       0
       0
       0
       0
       0
       0
       1
       0
       0
       0
       0
       0
       0
       0
       0
       0
       0
       0
       0
       0
       0
       0
       0
       0
       0
       0
       0
       0
       0
       0
       0
       0
       0
       0
       0
       0
       0
       0
       0
       0
       0
       0
       0
       0
       0
       0
       0
       0
       0
       0
       0
       0
       0
       0
       0
       0
       0
       0
       0
       0
       0
       0
       0
       0
       0
       0
       0
       0
       0
       0
       0
       0
       0
       0
       0
       0
       0
       0
       0
       0
       0
       0
       0
       0
       0
       1
       0
       0
       0
       0
       0
       0
       0
       0
       0
       0
       0
       0
       0
       1
       0
       0
       0
       0
       1
       0
       0
       0
       0
       0
       0
       0
       0
       0
       0
       0
       0
       0
       0
       0
       0
       0
       0
       0
       0
       0
       0
       0
       0
       0
       0
       0
       0
       0
       0
       0
       0
       0
       0
       0
       0
       0
       0
       0
       0
       0
       0
       0
       0
       0
       0
       0
       0
       0
       0
       0
       0
       0
       0
       1
       0
       0
       0
       0
       0
       0
       0
       0
       0
       0
       0
       0
       0
       0
       0
       0
       0
       0
       0
       0
       0
       0
       0
       0
       0
       0
       0
       0
       0
       0
       0
       1
       0
       0
       0
       0
       0
       0
       0
       0
       0
       0
       0
       0
       0
       0
       0
       0
       0
       0
       0
       0
       0
       0
       0
       0
       0
       0
       0
       0
       0
       0
       0
       0
       0
       0
       0
       0
       0
       0
       0
       0
       0
       0
       0
       0
       0
       0
       0
       0
       0
       0
       0
       0
       0
       0
       1
       0
       0
       0
       0
       0
       0
       0
       0
       0
       0
       0
       0
       1
       0
       0
       0
       0
       0
       0
       0
       0
       1
       0
       0
       0
       0
       0
       0
       0
       0
       0
       0
       0
       0
       0
       0
       0
       0
       0
       0
       0
       0
       0
       0
       0
       1
       0
       0
       0
       0
       1
       0
       0
       0
       0
       0
       1
       0
       0
       0
       0
       0
       0
       0
       0
       0
       0
       0
       0
       0
       0
       0
       0
       0
       0
       0
       0
       0
       0
       0
       0
       0
       0
       0
       0
       0
       0
       0
       0
       0
       0
       0
       0
       0
       0
       0
       0
       0
       0
       0
       0
       0
       0
       0
       0
       0
       0
       0
       0
       0
       0
       0
       0
       0
       0
       0
       0
       0
       0
       0
       0
       0
       0
       0
       0
       0
       0
       0
       0
       0
       0
       0
       0
       0
       0
       0
       0
       0
       0
       0
       0
       0
       0
       0
       0
       0
       0
       0
       0
       0
       0
       0
       0
       0
       0
       0
       0
       0
       0
       0
       0
       0
       0
       0
       0
       0
       0
       0
       0
       0
       1
       0
       0
       0
       0
       0
       0
       0
       0
       0
       0
       0
       0
       0
       0
       0
       0
       0
       0
       0
       0
       0
       0
       0
       0
       0
       0
       0
       0
       0
       0
       0
       0
       0
       0
       0
       0
       0
       0
       0
       0
       0
       0
       0
       0
       0
       0
       0
       0
       0
       0
       0
       0
       0
       0
       0
       0
       0
       0
       0
       0
       0
       0
       0
       0
       0
       0
       0
       0
       0
       0
       0
       0
       0
       0
       1
       0
       0
       0
       0
       0
       0
       0
       0
       0
       0
       0
       0
       0
       0
       0
       0
       0
       0
       0
       0
       0
       0
       0
       0
       0
       0
       0
       0
       0
       0
       2
       1
       2
       2
       3
       2
       6
       2
       4
       0
       0
       0
       1
       0
       0
       1
       0
       0
       0
       0
       0
       0
       0
       0
       0
       0
       0
       0
       0
       0
       0
       0
       0
       0
       0
       0
       0
       0
       0
       0
       0
       0
       0
       0
       0
       0
       0
       0
       0
       0
       0
       0
       0
       0
       0
       0
       0
       0
       0
       0
       0
       0
       0
       0
       0
       0
       0
       0
       0
       0
       0
       0
       0
       0
       0
       0
       0
       0
       0
       0
       0
       0
       0
       0
       0
       0
       0
       0
       0
       0
       0
       0
       0
       0
       0
       0
       0
       0
       0
       0
       0
       0
       0
       0
       0
       0
       0
       0
       0
       0
       0
       0
       0
       0
       0
       0
       0
       0
       0
       0
       0
       0
       0
       0
       0
       0
       0
       0
       0
       0
       0
       0
       0
       0
       0
       0
       0
       0
       0
       0
       0
       0
       0
       0
       0
       1
       0
       0
       0
       0
       0
       0
       0
       0
       0
       0
       0
       0
       0
       0
       0
       0
       0
       0
       0
       0
       0
       0
       0
       0
       0
       0
       0
       0
       0
       0
       0
       0
       0
       0
       0
       0
       0
       0
       0
       0
       0
       0
       0
       0
       0
       0
       0
       0
       0
       0
       0
       0
       0
       0
       0
       0
       0
       0
       0
       0
       0
       0
       0
       0
       0
       0
       0
       0
       0
       0
       0
       0
       0
       0
       0
       0
       0
       0
       0
       0
       0
       0
       0
       0
       0
       0
       0
       0
       0
       0
       0
       0
       0
       0
       0
       0
       0
       0
       0
       0
       0
       0
       0
       0
       0
       0
       0
       0
       0
       0
       0
       0
       0
       0
       0
       0
       0
       0
       0
       0
       0
       0
       0
       0
       0
       0
       0
       0
       0
       0
       0
       0
       0
       0
       0
       0
       0
       0
       0
       0
       0
       0
       0
       0
       0
       0
       0
       0
       0
       0
       0
       0
       0
       0
       0
       0
       0
       0
       0
       0
       0
       0
       0
       0
       0
       0
       0
       0
       0
       0
       1
       0
       0
       0
       0
       0
       0
       0
       0
       0
       0
       0
       0
       0
       0
       0
       0
       0
       0
       0
       0
       0
       0
       0
       0
       0
       0
       0
       0
       0
       0
       0
       0
       0
       0
       0
       0
       0
       0
       0
       0
       0
       0
       0
       0
       0
       0
       0
       1
       0
       0
       0
       0
       0
       0
       0
       0
       0
       0
       0
       0
       0
       0
       0
       0
       0
       0
       0
       0
       0
       0
       0
       0
       0
       0
       0
       0
       0
       0
       0
       0
       0
       0
       0
       0
       0
       0
       0
       0
       0
       0
       0
       0
       0
       0
       0
       0
       0
       0
       0
       0
       0
       0
       0
       0
       0
       0
       0
       0
       0
       0
       0
       0
       0
       0
       0
       0
       0
       0
       0
       0
       0
       0
       0
       0
       0
       0
       0
       0
       0
       0
       0
       0
       0
       0
       0
       0
       0
       0
       0
       0
       0
       0
       0
       0
       0
       0
       0
       0
       0
       0
       0
       0
       0
       0
       0
       0
       0
       0
       0
       0
       0
       0
       0
       0
       0
       0
       0
       0
       0
       0
       0
       0
       0
       0
       0
       0
       0
       0
       0
       0
       0
       0
       0
       0
       0
       0
       0
       1
       0
       0
       0
       0
       0
       0
       0
       0
       0
       0
       0
       0
       0
       0
       0
       0
       0
       0
       0
       0
       0
       0
       0
       0
       0
       1
       0
       0
       0
       0
       0
       0
       0
       0
       0
       0
       0
       0
       0
       0
       0
       0
       0
       0
       0
       0
       0
       0
       0
       0
       0
       0
       0
       0
       0
       0
       0
       0
       0
       0
       0
       0
       0
       0
       0
       0
       0
       0
       0
       0
       0
       0
       0
       0
       0
       0
       0
       0
       0
       0
       0
       0
       0
       0
       0
       0
       0
       0
       0
       0
       0
       0
       0
       0
       0
       0
       0
       0
       0
       0
       0
       0
       0
       0
       0
       0
       0
       0
       0
       0
       0
       0
       1
       0
       0
       0
       0
       0
       0
       0
       0
       0
       0
       0
       0
       0
       0
       0
       0
       0
       0
       0
       0
       0
       0
       0
       0
       0
       0
       0
       0
       0
       0
       0
       0
       0
       0
       0
       0
       0
       0
       0
       0
       0
       0
       0
       0
       0
       0
       0
       0
       0
       0
       0
       0
       0
       0
       0
       0
       0
       0
       0
       0
       0
       0
       0
       0
       0
       0
       0
       0
       0
       0
       0
       0
       0
       0
       0
       0
       0
       0
       0
       0
       0
       0
       0
       0
       0
       0
       0
       0
       0
       0
       0
       0
       0
       0
       0
       0
       0
       0
       0
       0
       0
       0
       0
       0
       0
       0
       0
       0
       0
       0
       0
       0
       0
       0
       0
       0
       0
       0
       0
       0
       0
       0
       1
       0
       0
       0
       0
       0
       0
       0
       0
       0
       0
       0
       0
       0
       0
       0
       0
       0
       0
       0
       0
       0
       0
       0
       0
       0
       0
       0
       0
       0
       0
       0
       0
       0
       0
       0
       0
       0
       1
       0
       0
       0
       0
       0
       0
       0
       0
       0
       0
       0
       0
       0
       0
       0
       0
       0
       0
       0
       0
       0
       0
       0
       0
       0
       0
       0
       0
       0
       0
       0
       0
       0
       0
       0
       0
       0
       0
       0
       0
       0
       0
       0
       0
       0
       0
       0
       0
       0
       0
       0
       0
       0
       0
       0
       0
       0
       0
       0
       0
       0
       0
       0
       0
       0
       0
       0
       0
       0
       0
       0
       0
       0
       0
       0
       0
       0
       0
       0
       0
       0
       0
       0
       0
       0
       0
       0
       0
       0
       0
       0
       0
       0
       0
       0
       0
       0
       0
       0
       0
       0
       0
       0
       0
       0
       0
       0
       0
       0
       0
       0
       0
       0
       0
       0
       0
       0
       0
       0
       0
       0
       0
       0
       0
       0
       0
       0
       0
       0
       0
       0
       0
       0
       0
       0
       0
       0
       0
       0
       0
       0
       0
       0
       0
       0
       0
       0
       0
       0
       0
       0
       0
       1
       0
       0
       0
       0
       0
       0
       0
       0
       0
       0
       0
       0
       0
       0
       0
       0
       0
       0
       0
       0
       0
       0
       0
       0
       0
       0
       0
       0
       0
       0
       0
       0
       0
       0
       0
       0
       0
       0
       0
       0
       1
       0
       0
       0
       0
       0
       0
       0
       0
       0
       0
       0
       0
       0
       0
       0
       0
       0
       0
       0
       0
       0
       0
       0
       0
       0
       0
       0
       0
       0
       0
       1
       0
       0
       0
       0
       0
       0
       0
       0
       0
       0
       0
       0
       0
       0
       0
       0
       0
       0
       0
       0
       0
       0
       0
       0
       0
       0
       0
       0
       0
       0
       0
       0
       0
       0
       0
       0
       1
       0
       0
       0
       0
       0
       0
       0
       0
       0
       0
       0
       0
       0
       0
       0
       0
       0
       0
       0
       0
       0
       0
       0
       0
       0
       0
       0
       0
       0
       0
       0
       0
       0
       0
       0
       0
       0
       0
       0
       0
       0
       0
       0
       0
       0
       0
       0
       0
       0
       0
       0
       0
       0
       0
       0
       0
       0
       0
       0
       0
       0
       0
       0
       0
       0
       0
       0
       0
       0
       0
       0
       0
       0
       0
       0
       0
       0
       0
       0
       0
       0
       0
       0
       0
       0
       0
       0
       0
       0
       0
       0
       0
       0
       0
       0
       0
       0
       0
       0
       0
       0
       0
       0
       0
       0
       0
       0
       0
       0
       0
       0
       0
       0
       1
       0
       0
       0
       0
       0
       0
       0
       0
       0
       0
       0
       0
       0
       0
       0
       0
       0
       0
       0
       0
       0
       0
       0
       0
       0
       0
       0
       0
       0
       0
       0
       0
       0
       0
       0
       0
       0
       0
       0
       0
       0
       0
       0
       0
       0
       0
       0
       0
       0
       0
       0
       0
       0
       0
       0
       0
       0
       0
       0
       0
       0
       0
       0
       0
       0
       0
       0
       0
       0
       0
       0
       0
       0
       0
       0
       0
       0
       0
       0
       0
       0
       0
       0
       0
       0
       0
       0
       0
       0
       0
       0
       0
       0
       0
       0
       0
       0
       0
       0
       0
       0
       0
       0
       0
       0
       0
       0
       0
       0
       0
       0
       0
       0
       0
       0
       0
       0
       0
       0
       0
       0
       0
       0
       0
       0
       0
       0
       0
       0
       0
       0
       0
       0
       0
       0
       0
       0
       0
       0
       0
       0
       0
       0
       0
       0
       0
       0
       0
       0
       0
       0
       0
       0
       0
       0
       0
       0
       0
       0
       0
       0
       0
       0
       0
       0
       0
       0
       0
       0
       0
       0
       0
       0
       0
       0
       0
       0
       0
       0
       0
       0
       0
       0
       0
       0
       0
       0
       0
       0
       0
       0
       0
       0
       0
       0
       0
       0
       0
       0
       0
       0
       0
       0
       0
       0
       0
       0
       0
       0
       0
       0
       0
       0
       0
       0
       0
       0
       0
       0
       0
       0
       0
       0
       0
       0
       0
       0
       0
       0
       0
       0
       0
       0
       0
       0
       0
       0
       0
       0
       0
       0
       0
       0
       0
       0
       0
       0
       0
       0
       0
       0
       0
       0
       0
       0
       0
       0
       0
       0
       0
       0
       0
       0
       0
       0
       0
       0
       0
       0
       0
       0
       0
       0
       0
       0
       0
       0
       0
       0
       0
       0
       0
       0
       0
       0
       0
       0
       0
       0
       0
       0
       0
       0
       0
       0
       0
       0
       0
       0
       0
       0
       0
       0
       0
       0
       0
       0
       0
       0
       0
       0
       0
       0
       0
       0
       0
       0
       0
       0
       0
       0
       0
       0
       0
       0
       0
       0
       0
       0
       0
       0
       0
       0
       0
       0
       0
       0
       0
       0
       0
       0
       0
       0
       0
       0
       0
       0
       0
$ROI:
0
$PRESETS:
Real Time
180
0
$ENER_FIT:
0.888569 0.390988
$MCA_CAL:
3
8.885689E-001 3.909876E-001 3.191953E-008 keV
$SHAPE_CAL:
3
0.000000E+000 0.000000E+000 0.000000E+000
