$SPEC_ID:
1
$SPEC_REM:
DET# 2
DETDESC# MCB 130 Normal
AP# Maestro Version 7.01
$DATE_MEA:
09/12/2019 17:30:18
$MEAS_TIM:
178 180
$DATA:
0 8191
       0
       0
       0
       0
       0
       0
       0
       0
       0
       0
       0
       0
       0
       0
       0
       0
       0
       0
       0
       0
       0
       0
       0
       0
       0
       0
      13
     269
      89
      40
      42
      66
      85
     143
     153
     105
      63
      54
      80
      68
      87
     106
     136
     130
     157
      84
      63
      49
      58
      53
      68
      65
      92
      77
      66
      49
      60
      49
      52
      81
      64
      45
      41
      51
      47
      52
      62
      53
      73
      64
      43
      50
      50
      48
      46
      48
      49
      55
      39
      45
      41
      54
      46
      40
      40
      60
      51
      54
      59
      72
      78
      62
      41
      52
      47
      55
      47
      55
      45
      45
      44
      58
      50
      41
      52
      40
      43
      51
      54
      52
      47
      48
      59
      49
      57
      55
      66
      58
      48
      48
      51
      42
      56
      53
      52
      46
      60
      56
      50
      65
      57
      73
      59
      67
      43
      59
      47
      54
      54
      50
      61
      68
      63
      55
      58
      70
      61
      65
      73
      64
      87
      82
      85
      76
      78
      81
      95
      71
      85
      75
      83
      76
      65
      77
      75
      79
      69
     102
      84
      81
      98
      95
      81
      84
      87
      89
      91
      84
      94
      82
      91
      82
      91
      86
     114
      94
      93
     102
     116
     131
     137
     132
      94
     100
     120
      88
     104
     111
      92
     110
     109
      94
     123
     109
     108
     114
     130
      84
     114
     106
      84
     115
     104
     115
     133
     129
     136
     108
      89
     108
     134
     127
     108
     117
     113
     106
     126
     115
     127
     119
     112
     112
     107
     108
     137
     122
     108
     103
     119
     114
     118
     123
     113
     108
     123
     124
     130
     105
     106
     137
     157
     164
     272
     361
     300
     181
     131
     114
     119
     110
     110
     140
     235
     425
     474
     325
     184
     124
     226
     476
     555
     393
     197
     114
      91
      98
     107
      97
      91
      97
     107
      89
     101
      91
     110
     107
      90
      92
      77
      78
      80
      93
     100
     105
     117
     116
     132
     151
     175
     164
     116
     107
      93
      93
      92
      94
     101
     121
     114
      92
     102
      71
      90
      77
      93
      89
      73
      90
      90
      69
      80
      79
      71
      94
      78
     100
      86
      79
      80
      83
      84
      72
      85
      84
      89
      66
      97
      73
      72
      92
      69
      82
      82
      72
      85
      76
      75
      91
      73
      82
      80
      80
      64
      60
      80
      58
      85
      88
      94
      75
      82
      70
      80
      96
      74
      72
      70
      75
      84
      62
      62
      73
      66
      68
      70
      65
      79
      55
      71
      69
      73
      77
      68
      73
      60
      64
      92
      76
      56
      71
      67
      57
      76
      54
      67
      62
      54
      65
      53
      58
      63
      48
      75
      56
      63
      75
      59
      56
      58
      61
      60
      59
      61
      56
      54
      73
      54
      56
      47
      53
      56
      42
      60
      52
      76
      53
      47
      58
      75
      56
      53
      67
      57
      49
      58
      66
      50
      46
      59
      50
      55
      47
      53
      66
      42
      53
      52
      48
      56
      46
      52
      48
      50
      53
      37
      51
      49
      48
      56
      46
      42
      44
      49
      38
      55
      42
      56
      57
      50
      40
      45
      39
      53
      46
      41
      49
      50
      42
      51
      47
      52
      41
      41
      40
      45
      45
      39
      50
      45
      51
      34
      46
      56
      47
      47
      43
      47
      36
      40
      43
      48
      54
      62
      45
      44
      60
      38
      33
      46
      40
      53
      37
      39
      38
      46
      43
      35
      40
      40
      35
      41
      29
      38
      36
      40
      41
      40
      46
      43
      40
      38
      31
      41
      42
      53
      70
      88
      57
      25
      38
      38
      35
      41
      42
      37
      48
      37
      37
      33
      34
      33
      45
      36
      23
      38
      36
      30
      34
      25
      33
      37
      28
      28
      25
      34
      40
      36
      31
      43
      36
      36
      46
      48
      28
      23
      34
      29
      37
      34
      41
      32
      90
     148
     163
     110
      59
      36
      26
      26
      36
      33
      36
      29
      29
      30
      32
      25
      32
      28
      32
      26
      36
      34
      40
      32
      32
      29
      22
      34
      58
      52
      28
      33
      25
      30
      38
      33
      24
      45
      36
      28
      24
      37
      28
      24
      23
      30
      32
      27
      25
      29
      27
      31
      24
      18
      25
      44
      82
      97
      69
      54
      28
      22
      22
      20
      25
      26
      32
      33
      29
      23
      24
      21
      22
      21
      20
      33
      21
      22
      30
      30
      22
      23
      22
      38
      23
      23
      29
      18
      27
      32
      30
      20
      26
      15
      16
      23
      25
      19
      18
      21
      23
      28
      26
      19
      13
      29
      20
      17
      20
      14
      25
      19
      14
      24
      26
      26
      29
      18
       9
      25
      27
      23
      18
      16
      19
      29
      42
     120
     161
     175
      89
      38
      24
      18
      20
      11
      17
      25
      14
      14
      19
      22
      18
      21
      17
      19
      26
      29
      22
      32
      20
      31
      21
      20
      18
      16
      18
      22
      12
      12
      14
      22
      24
      16
      19
      25
      15
      19
      31
      26
      22
      20
      23
      20
      27
      29
      39
      22
      15
      29
      33
      36
      45
      52
      23
      27
      16
      16
      17
      15
      13
      16
      15
      15
      15
      16
      16
      18
      14
      17
      19
      27
      11
      12
      15
      15
      17
      27
      27
      23
      14
      19
      11
      15
      22
      18
      13
      11
      20
      17
      13
       9
      14
      15
      10
      30
      34
      44
      43
      50
      27
      18
      10
      11
      14
      13
      16
      12
      16
       7
      13
      10
      15
      14
       8
      17
       8
       8
      18
      15
      12
      13
      13
      16
      10
      10
      16
      16
       7
      13
      20
      22
      13
      20
      13
      13
      14
      12
      15
      12
      10
      21
      11
      31
      22
      23
       9
      15
      13
      11
      13
       7
      12
      18
      21
      18
      10
      16
       9
      11
      12
       8
      13
      11
      15
      14
      13
      15
      12
      10
      18
      12
      14
      14
       8
      11
      11
       8
       7
       8
      10
      14
       9
       9
      15
      10
      10
      27
      28
      34
      29
      13
      11
      16
      13
       9
       9
      11
      11
      15
      10
       6
       6
       7
      18
       9
      10
       9
      13
      11
      18
       5
      18
      10
       6
      14
       5
      11
      13
      10
      10
      10
       7
       8
      19
      10
       8
       9
       5
      12
      12
       8
       7
      12
      13
      12
      12
       9
      12
       9
       8
      12
       7
       9
      10
       9
      14
      10
       9
       9
       6
       7
       6
      18
       5
      11
      11
      10
      17
      13
       8
       6
       9
       5
      12
       9
       9
      13
       9
      11
      13
       9
      12
       8
       9
      10
       7
       7
       6
      10
       6
       2
       6
       8
      14
       8
       8
       6
       7
      11
       7
      10
       4
       6
       8
       6
      15
       9
       6
      10
       5
      10
      10
       9
       7
       5
       8
       9
       8
       7
       7
       5
      11
      13
       4
       9
       3
      11
      11
       9
       9
       9
       8
       8
       8
       5
      12
      12
      10
       3
      10
      10
       8
       5
       8
       7
       6
      10
       7
       7
       5
       3
       9
      12
       9
       4
       5
       8
      12
       0
      11
      11
       3
       7
       5
       9
       9
       9
      12
       7
      10
       8
       7
       6
       8
       6
      10
       8
      10
       4
       9
       4
      13
       7
       9
      13
       9
       5
       5
       7
      10
       7
      10
      10
       4
       7
       8
       9
       9
       5
       6
      17
      10
       6
       8
       7
       7
       7
       8
       8
      10
       7
       5
       2
       8
       8
       8
       8
       8
       6
       2
       4
       8
       9
       8
       6
       9
      10
       6
       7
       5
       7
       8
      11
       9
      10
       3
       6
       4
       3
      10
       8
      10
      10
       6
      10
      13
       7
       7
       9
      10
      12
       9
       7
       6
       6
       5
       7
       7
       5
       9
      11
       6
       5
       1
       6
       6
       6
       6
       3
       9
       5
       6
      11
       6
       4
       5
       9
       5
       1
       7
       1
       8
       6
      11
       3
      11
       5
       9
       4
       6
       5
       5
       6
      15
      11
      27
      19
       8
       8
       6
       9
       8
       7
       7
       8
       9
       8
      12
       7
       8
       3
      13
       6
       3
       5
       4
       8
      11
       7
       7
       6
       5
       6
       5
       6
       9
       5
       4
      13
       4
      10
      10
       8
       9
       6
       4
      11
       3
       8
       7
       5
       8
       9
      10
       3
       7
       4
       7
       5
       5
       4
       6
       8
       5
       9
       4
       9
       3
       6
       9
       6
       4
       5
       8
       6
       2
       3
       6
       8
      14
      13
      10
       7
       1
       2
       3
       6
       8
       6
       7
       2
       5
       1
       2
       3
       6
       3
       5
       5
       6
       5
       1
       3
       4
       8
       6
       7
       6
       7
       7
       6
       7
       7
       8
      11
       8
      13
       9
       6
       9
      11
       5
       2
      11
       6
       7
       7
       4
       4
       4
       3
       1
       7
      10
       5
       3
       7
       6
       6
       8
       1
       5
       3
       7
       1
       5
       3
       2
       4
       5
       4
       4
       3
       6
       2
       6
       5
       5
       2
       3
       6
      12
      14
      24
      24
      21
      14
       7
       7
       6
       4
       5
       6
       2
      12
       4
       5
       3
       4
       4
       4
       4
       6
       2
       5
       3
       4
       2
       5
       7
       6
       4
       7
       9
       8
       5
       6
       2
       6
       4
       2
       2
       6
       3
       5
       5
      10
       8
       9
       8
       2
       5
       5
       3
       4
       3
       4
       9
       6
       7
       2
       8
       2
       3
       5
       8
       8
      14
      16
      21
      24
      24
      13
      12
       4
       1
       6
       4
       6
       4
       4
       5
       5
       3
       2
       2
       3
       6
       4
       7
      11
       8
       9
       7
       3
       0
       2
       3
       4
       4
       3
       8
       4
       8
       3
       4
       9
       7
       6
       1
       6
       6
       4
       9
       4
       0
       6
       3
       6
       6
       7
       4
       2
       3
       1
       3
       1
       5
       3
       2
       2
       7
       4
       1
       3
       4
       4
       0
       7
       6
       5
       6
       9
       5
       2
       3
       1
       4
       5
       4
       5
       4
       4
       1
       1
       8
       2
       4
       6
       2
       3
       3
       3
       4
       3
       2
       3
       5
       7
       7
       5
       3
       5
       2
       5
       3
       3
       6
       5
       5
       6
       7
       7
       5
       3
       1
       9
       6
       4
       6
       3
       6
       6
       6
      10
      10
       6
       8
       4
       1
       4
       4
       3
       3
       5
       7
      14
      20
      21
      13
       4
       5
       1
       4
       4
       3
       5
       4
       3
       1
       2
       2
       2
       5
       3
       7
      10
       5
       4
       1
       2
       3
       2
       5
       6
       2
       4
       7
       3
       3
       3
       5
       3
       5
       4
       4
       3
       4
       3
       3
       5
       7
       3
       6
       2
       3
       5
       5
       4
       3
       5
       8
       3
       5
       3
       0
       2
       2
       1
       4
       0
       4
       3
       4
       0
       4
       3
       5
       6
       4
       5
       4
       5
       4
       3
       6
       1
       3
       3
       8
       5
       3
       1
       4
       4
       3
       4
       2
       3
       1
       2
       1
       4
       5
       4
       0
       3
       5
       3
       5
       3
       2
       8
       3
       4
       7
       2
       2
       2
       4
       6
       1
       5
       5
       2
       2
       2
       2
       4
       4
       9
      15
      15
      29
      18
      11
       3
       6
       4
       4
       2
       6
       6
       9
       3
       3
       2
       3
       3
       9
       5
       5
       2
       1
       2
       2
       9
       4
       7
       2
       2
       4
       4
       0
       2
       4
       4
       4
       1
       3
       5
       2
       5
       4
       1
       6
       3
       5
       2
      10
       3
       4
       2
       3
       2
       4
       5
       5
       1
       1
       3
       7
       0
       4
      10
       4
       4
       6
       3
       0
       3
       4
       4
       4
       3
       3
       0
       3
       1
       7
       2
       2
       1
       2
       6
       4
       3
       2
       5
       0
       4
       0
       3
       3
      10
       1
       2
       4
       3
       3
       1
       2
       2
       4
       2
       2
       2
       3
       4
       3
       3
       5
       1
       1
       1
       3
       2
       5
       4
       0
       5
       0
       2
       3
       5
       7
       0
       5
       1
       2
       4
       3
       4
       4
       1
       2
       2
       2
       2
       1
       5
       2
       4
       5
       4
       2
       5
       1
       3
       3
       4
       0
       1
       2
       5
       3
       4
       2
       2
       5
       5
       1
       5
       3
       3
       0
       4
       2
       6
       4
       9
       8
       3
       4
       4
       1
       4
       2
       7
       5
       5
       4
       2
       3
       6
       4
       3
       3
       3
       4
       2
       1
       6
       3
       1
       5
       7
       3
       4
       1
       7
       1
       2
       1
       4
       1
       5
       3
       5
       2
       3
       5
       2
       2
       1
       4
       1
       4
       6
      16
      12
       8
      12
       9
       2
       1
       4
       2
       3
       1
       3
       3
       2
       2
       3
       4
      12
       9
      10
      11
       5
       2
       2
       4
       4
       5
       1
       2
       1
       2
       1
       5
       3
       9
       5
       3
       2
       4
       3
       5
       4
       2
       2
       7
       5
       7
       4
       6
       3
       4
       3
       3
       4
       0
       4
       2
       5
       2
       4
       3
       3
       1
       1
       4
       4
       0
       3
       2
       8
       2
       2
       1
       2
       4
       6
       2
      10
       5
       5
       6
       3
       2
       3
       4
       2
       1
       2
       2
       1
       1
       3
       0
       1
       4
       4
       1
       5
       2
       1
       1
       0
       4
       1
       1
       3
       3
       4
       5
       2
       2
       3
       5
       3
       4
       2
       2
       4
       2
       1
       6
       4
       1
       5
       5
       4
       4
       3
       6
       3
       1
       6
       4
       6
       5
       5
       2
       6
       4
       3
       1
       2
       4
       1
       2
       3
       2
       2
       1
       2
       2
       2
       1
       2
       2
       5
       3
       2
       5
       2
       2
       1
       3
       1
       1
       5
       1
       2
       2
       3
       2
       3
       1
       3
       2
       0
       3
       2
       0
       6
       3
       2
       2
       2
       5
       1
       3
       2
       4
       2
       5
       4
       2
       1
       2
       2
       1
       2
       1
       3
       3
       0
       2
       4
       2
       0
       3
       1
       0
       0
       1
       2
       3
       0
       3
       3
       0
       4
       2
       1
       4
       0
       1
       3
       2
       2
       1
       2
       4
       0
       1
       2
       2
       0
       1
       3
       6
       3
       2
       0
       4
       5
       8
       6
       3
       1
       3
       0
       4
       0
       2
       3
       2
       2
       0
       1
       2
       3
       5
       1
       3
       1
       3
       1
       1
       2
       3
       3
       5
       2
       0
       0
       2
       3
       2
       2
       4
       2
       3
       5
       0
       1
       1
       2
       3
       1
       0
       3
       0
       3
       2
       2
       7
       5
       0
       3
       1
       1
       3
       3
       3
       2
       2
       2
       2
       2
       3
       6
       3
       3
       0
       4
       3
       4
       1
       2
       1
       3
       1
       3
       3
       2
       1
       1
       0
       4
       8
       1
       5
       7
       1
       5
       2
       2
       5
       2
       1
       2
       1
       3
       1
       2
       1
       2
       2
       3
       7
       5
       7
      11
      19
      17
      14
       8
       5
       2
       1
       4
       2
       2
       2
       3
       4
       1
       2
       1
       1
       2
       0
       0
       1
       5
       5
       5
       4
       5
       3
       2
       3
       2
       2
       2
       2
       0
       1
       3
       4
       1
       1
       2
       2
       0
       1
       3
       0
       3
       2
       3
       2
       4
       4
       4
       2
       0
       1
       2
       0
       2
       2
       2
       1
       0
       2
       6
       1
       2
       3
       0
       1
       1
       3
       1
       0
       1
       2
       3
       3
       1
       7
       1
       2
       6
       7
       5
       1
       3
       2
       2
       2
       1
       3
       2
       2
       1
       3
       1
       4
       3
       3
       1
       1
       0
       2
       2
       2
       3
       0
       1
       0
       3
       5
       2
       1
       4
       1
       3
       4
       3
       1
       2
       0
       1
       3
       1
       0
       1
       0
       1
       1
       2
       4
       1
       0
       2
       1
       0
       2
       3
       3
       0
       6
       4
       2
       4
       3
       3
       4
       1
       2
       3
       3
       3
       1
       2
       1
       1
       1
       1
       2
       1
       0
       2
       1
       1
       2
       0
       1
       1
       1
       1
       1
       2
       4
       1
       2
       3
       0
       0
       1
       1
       0
       3
       3
       0
       2
       1
       2
       2
       1
       3
       1
       1
       1
       2
       1
       2
       1
       3
       2
       2
       2
       2
       2
       2
       1
       2
       0
       9
       2
       1
       4
       3
       9
       6
       5
       4
       4
       7
       3
       7
       7
       8
      12
      17
       6
       3
       5
       3
       3
       4
       3
       5
       3
       1
       3
       2
       1
       3
       5
       2
       2
       2
       3
       3
       0
       1
       0
       2
       2
       4
       1
       2
       3
       3
       1
       0
       2
       2
       1
       1
       1
       1
       6
       4
       2
       1
       4
       2
       2
       2
       2
       0
       0
       1
       2
       0
       2
       1
       2
       2
       2
       1
       1
       1
       2
       2
       2
       1
       1
       2
       0
       2
       2
       0
       4
       3
       2
       3
       1
       0
       1
       2
       1
       1
       2
       1
       2
       0
       1
       2
       2
       3
       3
       3
       0
       2
       2
       1
       3
       3
       1
       0
       1
       5
       2
       0
       0
       0
       0
       1
       2
       4
       2
       1
       3
       1
       1
       3
       2
       1
       1
       4
       2
       1
       0
       2
       2
       1
       1
       0
       1
       0
       3
       2
       1
       0
       2
       1
       0
       0
       1
       3
       3
       1
       1
       1
       1
       1
       2
       3
       7
       5
       5
       1
       2
       0
       1
       1
       0
       0
       2
       3
       1
       1
       2
       4
       1
       1
       2
       1
       4
       2
       2
       0
       4
       1
       1
       2
       2
       1
       2
       4
       1
       2
       3
       3
       4
       4
       2
       4
       4
       0
       5
       6
       7
       0
       3
       3
       0
       4
       1
       0
       3
       4
       1
       1
       1
       2
       1
       1
       1
       0
       1
       1
       0
       4
       1
       1
       1
       1
       2
       3
       1
       2
       0
       1
       1
       0
       2
       2
       4
       3
       1
       3
       2
       1
       3
       0
       0
       1
       3
       0
       1
       2
       2
       1
       1
       1
       1
       1
       5
       0
       1
       0
       1
       2
       0
       4
       4
       1
       0
       1
       1
       0
       3
       1
       0
       0
       1
       1
       1
       1
       3
       2
       3
       1
       4
       0
       1
       1
       2
       3
       3
       2
       0
       2
       1
       2
       1
       5
       1
       0
       0
       1
       3
       0
       0
       0
       0
       0
       2
       1
       2
       0
       2
       1
       2
       0
       1
       4
       4
       3
       2
       1
       0
       0
       3
       2
       0
       2
       2
       2
       1
       1
       0
       0
       3
       1
       1
       1
       3
       0
       2
       0
       2
       0
       0
       0
       2
       0
       2
       2
       1
       2
       3
       5
       2
       0
       2
       3
       0
       2
       2
       0
       0
       6
       3
       1
       2
       1
       1
       0
       0
       0
       0
       1
       0
       2
       3
       1
       2
       0
       1
       0
       2
       2
       2
       2
       2
       5
       2
       2
       3
       4
       2
       3
       2
       0
       1
       0
       0
       0
       1
       2
       3
       2
       8
       7
       7
       6
       4
       4
       0
       2
       0
       2
       1
       1
       1
       1
       3
       3
       0
       1
       2
       2
       1
       2
       2
       1
       1
       1
       0
       2
       2
       5
       7
       1
       2
       2
       0
       2
       3
       0
       0
       1
       0
       2
       1
       2
       0
       1
       2
       3
       3
       0
       5
       1
       3
       4
       1
       2
       4
       2
       1
       1
       2
       0
       0
       1
       1
       0
       4
       1
       0
       1
       4
       0
       2
       4
       2
       0
       1
       2
       3
       2
       1
       1
       0
       1
       0
       2
       1
       1
       3
       1
       1
       2
       2
       0
       0
       2
       1
       1
       1
       1
       0
       1
       3
       3
       0
       0
       0
       0
       0
       2
       0
       1
       3
       0
       1
       1
       4
       1
       1
       1
       0
       2
       2
       1
       0
       1
       2
       0
       3
       2
       0
       1
       2
       3
       5
       6
       3
       4
       5
       4
       5
       0
       0
       1
       0
       2
       3
       4
       7
       8
       1
       4
       4
       2
       3
       0
       0
       1
       0
       3
       0
       0
       1
       4
       3
       0
       4
       1
       1
       1
       0
       2
       0
       0
       0
       1
       1
       2
       2
       2
       1
       1
       1
       1
       2
       2
       1
       0
       3
       1
       1
       3
       1
       1
       1
       2
       1
       2
       1
       2
       0
       1
       1
       1
       1
       4
       0
       2
       1
       3
       0
       1
       2
       1
       2
       0
       0
       0
       1
       3
       3
       1
       0
       2
       2
       2
       2
       2
       0
       4
       1
       1
       1
       0
       0
       1
       0
       0
       3
       2
       0
       4
       1
       1
       1
       1
       5
       0
       2
       1
       0
       4
       1
       0
       1
       2
       2
       2
       2
       0
       2
       1
       2
       1
       3
       0
       0
       2
       3
       3
       1
       0
       4
       0
       1
       3
       2
       1
       1
       2
       0
       0
       2
       0
       1
       0
       0
       1
       0
       0
       1
       1
       0
       1
       0
       0
       0
       1
       0
       1
       2
       2
       2
       1
       2
       1
       2
       3
       0
       2
       2
       1
       1
       2
       0
       1
       1
       2
       2
       0
       1
       1
       1
       1
       2
       1
       0
       1
       0
       2
       0
       0
       1
       1
       1
       0
       0
       4
       0
       0
       1
       1
       2
       0
       0
       3
       0
       0
       0
       1
       1
       2
       0
       1
       0
       0
       1
       1
       2
       4
       3
       6
       3
       4
       0
       4
       1
       1
       0
       0
       1
       3
       0
       1
       2
       1
       1
       0
       0
       0
       2
       0
       0
       2
       0
       3
       2
       0
       4
       1
       3
       3
       0
       3
       2
       1
       1
       1
       0
       3
       1
       0
       1
       0
       1
       2
       0
       1
       0
       0
       0
       2
       0
       1
       0
       0
       1
       2
       0
       1
       0
       0
       1
       0
       0
       1
       2
       0
       1
       1
       2
       2
       0
       0
       1
       1
       1
       0
       0
       1
       2
       1
       3
       5
       3
       1
       0
       2
       2
       2
       2
       2
       0
       1
       0
       2
       0
       1
       0
       2
       1
       0
       1
       1
       1
       0
       2
       1
       0
       1
       1
       0
       0
       0
       1
       2
       0
       1
       1
       0
       0
       0
       0
       0
       0
       0
       0
       1
       1
       1
       1
       1
       3
       1
       1
       0
       2
       1
       1
       0
       1
       0
       1
       0
       1
       0
       2
       0
       0
       0
       1
       0
       0
       0
       2
       0
       0
       0
       0
       1
       0
       0
       0
       0
       0
       0
       0
       0
       1
       0
       0
       3
       1
       2
       0
       0
       1
       0
       0
       2
       3
       1
       1
       4
       7
       4
       3
       5
       2
       0
       2
       0
       0
       0
       0
       0
       0
       1
       2
       0
       1
       2
       0
       0
       0
       1
       1
       0
       0
       1
       1
       1
       0
       0
       3
       0
       0
       2
       0
       1
       0
       0
       0
       0
       1
       1
       3
       1
       0
       1
       1
       0
       0
       0
       0
       1
       0
       0
       0
       0
       2
       0
       0
       0
       2
       0
       0
       0
       0
       0
       2
       0
       0
       1
       1
       0
       1
       0
       0
       0
       0
       0
       1
       2
       1
       1
       0
       0
       0
       0
       1
       0
       0
       1
       3
       1
       1
       0
       1
       1
       1
       3
       0
       0
       0
       0
       0
       0
       2
       2
       0
       1
       0
       0
       0
       0
       0
       1
       0
       0
       2
       4
       3
       1
       0
       1
       1
       1
       0
       0
       0
       0
       1
       2
       3
       2
       8
       5
       7
       1
       0
       1
       1
       0
       0
       2
       0
       0
       0
       0
       0
       0
       1
       0
       2
       1
       0
       0
       0
       0
       1
       0
       0
       0
       0
       1
       0
       0
       0
       2
       0
       0
       0
       0
       0
       1
       1
       0
       0
       1
       1
       0
       1
       1
       1
       0
       1
       0
       1
       0
       2
       4
       2
       0
       1
       2
       0
       1
       1
       0
       0
       0
       0
       0
       1
       1
       0
       0
       0
       0
       1
       0
       0
       2
       0
       3
       0
       0
       0
       0
       1
       1
       1
       0
       1
       0
       0
       0
       0
       1
       1
       2
       1
       0
       0
       1
       1
       0
       0
       0
       0
       0
       1
       1
       0
       1
       0
       0
       0
       1
       0
       1
       0
       0
       1
       0
       0
       0
       0
       0
       0
       2
       2
       0
       1
       0
       0
       1
       1
       1
       1
       0
       1
       1
       0
       0
       1
       0
       0
       0
       0
       0
       2
       0
       1
       1
       1
       1
       0
       1
       1
       4
       0
       0
       0
       1
       1
       1
       0
       2
       1
       1
       0
       1
       0
       0
       1
       1
       0
       1
       0
       1
       0
       1
       1
       1
       1
       0
       0
       0
       0
       0
       1
       2
       2
       4
       1
       1
       1
       4
      10
      22
      23
      20
      19
      20
      10
      12
       4
       2
       1
       2
       1
       0
       2
       0
       0
       0
       0
       0
       2
       0
       1
       1
       0
       0
       1
       2
       0
       0
       2
       1
       1
       0
       1
       1
       0
       0
       1
       0
       0
       1
       0
       1
       0
       0
       0
       1
       1
       0
       0
       0
       1
       0
       1
       1
       0
       0
       0
       0
       1
       0
       0
       0
       0
       0
       0
       0
       1
       0
       1
       1
       0
       0
       0
       0
       1
       0
       0
       0
       2
       0
       1
       0
       0
       0
       0
       1
       0
       1
       3
       0
       0
       0
       0
       0
       0
       0
       0
       1
       0
       0
       1
       1
       0
       0
       0
       1
       0
       0
       0
       0
       0
       0
       1
       1
       0
       1
       2
       1
       0
       1
       0
       0
       0
       1
       0
       0
       3
       0
       1
       0
       0
       1
       0
       0
       0
       0
       0
       1
       0
       0
       0
       0
       0
       0
       0
       1
       1
       1
       1
       0
       0
       0
       0
       0
       0
       2
       1
       0
       0
       0
       0
       1
       0
       0
       0
       1
       0
       0
       1
       0
       0
       0
       1
       0
       0
       0
       1
       0
       0
       0
       1
       2
       0
       0
       0
       1
       1
       0
       0
       0
       0
       0
       0
       1
       0
       0
       0
       0
       0
       0
       0
       0
       0
       0
       2
       1
       0
       0
       0
       0
       0
       1
       0
       1
       1
       0
       1
       0
       0
       0
       0
       0
       0
       0
       0
       0
       1
       0
       0
       1
       0
       1
       0
       1
       0
       0
       0
       0
       2
       0
       1
       0
       0
       0
       0
       0
       0
       0
       0
       0
       0
       0
       0
       1
       0
       0
       0
       0
       0
       0
       0
       0
       2
       0
       1
       0
       0
       1
       0
       0
       1
       0
       0
       0
       0
       0
       0
       0
       1
       0
       0
       0
       0
       0
       1
       0
       0
       0
       1
       0
       0
       0
       0
       0
       0
       0
       1
       1
       0
       0
       0
       0
       0
       0
       0
       0
       0
       0
       0
       0
       0
       0
       1
       0
       0
       0
       0
       1
       0
       0
       0
       2
       1
       2
       0
       0
       2
       1
       1
       0
       0
       0
       1
       0
       0
       0
       0
       1
       0
       1
       0
       1
       0
       1
       2
       0
       1
       0
       0
       0
       0
       0
       0
       1
       0
       0
       0
       0
       0
       0
       0
       0
       2
       0
       0
       0
       1
       0
       0
       0
       0
       0
       0
       1
       0
       0
       0
       0
       0
       0
       2
       1
       0
       2
       0
       0
       0
       1
       1
       0
       0
       0
       0
       0
       0
       1
       0
       0
       1
       0
       0
       0
       0
       0
       0
       1
       0
       0
       0
       0
       0
       0
       0
       0
       0
       0
       1
       1
       0
       1
       0
       1
       0
       0
       0
       0
       1
       0
       0
       1
       0
       0
       0
       0
       0
       1
       0
       1
       0
       0
       0
       0
       1
       0
       0
       0
       0
       0
       0
       0
       0
       0
       0
       1
       0
       1
       0
       0
       0
       0
       0
       0
       1
       1
       0
       0
       1
       1
       0
       0
       0
       0
       0
       2
       1
       0
       0
       1
       0
       0
       1
       1
       0
       0
       0
       1
       0
       0
       0
       0
       0
       0
       0
       1
       0
       0
       0
       1
       0
       0
       0
       2
       0
       0
       0
       0
       1
       0
       0
       0
       0
       0
       0
       2
       1
       0
       0
       0
       0
       0
       0
       0
       0
       1
       0
       0
       1
       0
       2
       0
       0
       0
       0
       0
       0
       1
       0
       0
       0
       0
       1
       0
       0
       0
       0
       0
       0
       0
       0
       0
       0
       0
       0
       0
       0
       1
       0
       1
       1
       1
       0
       0
       0
       2
       0
       0
       0
       0
       0
       0
       0
       0
       0
       0
       1
       0
       0
       0
       0
       2
       0
       0
       0
       0
       0
       0
       0
       0
       0
       0
       0
       0
       1
       1
       0
       0
       0
       2
       1
       0
       1
       0
       0
       0
       0
       0
       0
       0
       0
       0
       1
       1
       0
       1
       0
       0
       0
       0
       0
       2
       0
       0
       0
       1
       0
       0
       1
       1
       0
       1
       1
       1
       0
       0
       0
       0
       0
       0
       0
       0
       0
       0
       0
       0
       0
       0
       0
       3
       0
       1
       0
       0
       0
       0
       0
       0
       0
       1
       0
       0
       0
       0
       0
       0
       0
       0
       0
       0
       0
       2
       0
       0
       0
       0
       0
       0
       1
       0
       0
       0
       1
       1
       0
       0
       0
       0
       0
       0
       0
       0
       0
       1
       0
       0
       1
       0
       1
       0
       0
       0
       0
       0
       0
       0
       1
       0
       0
       0
       0
       1
       0
       1
       0
       0
       0
       1
       0
       0
       0
       0
       0
       0
       0
       1
       0
       0
       1
       0
       0
       0
       0
       0
       0
       0
       0
       0
       0
       0
       0
       1
       0
       1
       1
       0
       0
       0
       0
       2
       0
       1
       0
       1
       0
       1
       0
       0
       0
       0
       1
       0
       0
       0
       0
       0
       0
       0
       1
       0
       0
       0
       0
       0
       1
       0
       0
       1
       1
       1
       6
       4
       1
       2
       0
       1
       0
       1
       0
       0
       0
       0
       0
       0
       1
       0
       0
       1
       0
       0
       2
       1
       1
       0
       1
       0
       0
       0
       1
       0
       0
       0
       0
       0
       0
       0
       0
       0
       0
       1
       0
       0
       0
       0
       0
       0
       0
       0
       0
       0
       0
       0
       0
       0
       0
       0
       0
       0
       0
       0
       0
       0
       0
       1
       0
       1
       0
       2
       1
       1
       0
       1
       1
       0
       0
       0
       0
       0
       0
       0
       0
       1
       0
       0
       0
       0
       0
       0
       0
       1
       0
       0
       0
       0
       0
       0
       0
       0
       0
       0
       0
       0
       0
       0
       0
       0
       0
       0
       1
       0
       0
       0
       0
       0
       0
       0
       0
       0
       0
       1
       0
       1
       1
       0
       0
       0
       0
       0
       1
       0
       2
       0
       0
       1
       1
       0
       0
       0
       0
       0
       0
       0
       0
       1
       0
       0
       0
       0
       0
       0
       0
       0
       0
       0
       0
       0
       0
       0
       0
       0
       0
       0
       0
       0
       0
       0
       0
       0
       0
       0
       0
       0
       0
       0
       0
       0
       0
       0
       0
       0
       0
       0
       1
       1
       1
       1
       2
       1
       1
       0
       0
       2
       0
       0
       1
       0
       1
       0
       0
       0
       0
       0
       0
       0
       1
       0
       0
       0
       0
       1
       0
       0
       0
       0
       1
       0
       0
       0
       0
       0
       0
       0
       0
       0
       0
       1
       0
       1
       0
       0
       1
       0
       0
       0
       0
       0
       0
       0
       0
       0
       1
       0
       0
       0
       0
       0
       0
       0
       0
       0
       0
       0
       0
       0
       0
       1
       0
       0
       0
       0
       0
       0
       0
       0
       0
       1
       0
       0
       1
       0
       0
       0
       0
       1
       0
       0
       0
       0
       0
       0
       0
       0
       0
       0
       0
       0
       0
       0
       2
       0
       0
       0
       1
       0
       0
       0
       0
       0
       0
       0
       0
       0
       1
       3
       2
       0
       0
       0
       0
       1
       1
       0
       0
       0
       1
       0
       0
       1
       0
       0
       0
       1
       1
       0
       1
       0
       0
       0
       0
       0
       0
       0
       1
       1
       0
       0
       0
       0
       0
       0
       0
       0
       0
       0
       1
       0
       0
       0
       0
       0
       1
       0
       0
       0
       0
       0
       0
       0
       0
       0
       0
       0
       0
       0
       0
       0
       0
       0
       0
       0
       0
       0
       0
       0
       0
       0
       0
       0
       0
       0
       0
       1
       0
       1
       0
       0
       0
       0
       0
       0
       0
       0
       0
       0
       0
       0
       0
       1
       0
       0
       0
       1
       0
       0
       0
       0
       0
       0
       0
       0
       1
       0
       0
       0
       0
       2
       0
       0
       0
       0
       0
       0
       0
       0
       0
       0
       0
       0
       0
       1
       0
       0
       0
       0
       0
       1
       0
       0
       2
       0
       0
       0
       1
       0
       0
       1
       0
       0
       0
       0
       0
       0
       0
       0
       0
       0
       0
       0
       0
       0
       0
       0
       0
       0
       0
       0
       0
       0
       0
       0
       0
       0
       0
       0
       0
       1
       1
       1
       0
       0
       0
       0
       0
       0
       0
       0
       0
       0
       0
       0
       0
       0
       0
       1
       0
       0
       0
       0
       0
       0
       0
       0
       0
       0
       0
       0
       0
       0
       1
       0
       0
       0
       0
       0
       0
       0
       0
       0
       0
       0
       1
       0
       0
       0
       0
       0
       0
       0
       1
       0
       0
       0
       0
       0
       0
       1
       0
       0
       0
       0
       0
       0
       0
       2
       0
       0
       0
       1
       0
       0
       0
       0
       1
       0
       0
       0
       0
       1
       0
       0
       0
       1
       0
       0
       0
       0
       0
       0
       0
       1
       0
       0
       0
       2
       1
       0
       0
       0
       0
       1
       1
       0
       0
       0
       0
       0
       0
       1
       0
       1
       1
       0
       0
       0
       0
       0
       0
       1
       0
       0
       0
       0
       0
       0
       0
       0
       0
       1
       0
       0
       1
       0
       0
       1
       0
       1
       0
       0
       1
       0
       0
       0
       1
       1
       0
       0
       0
       1
       0
       0
       0
       0
       1
       0
       0
       1
       0
       0
       0
       0
       0
       0
       2
       0
       0
       0
       0
       0
       0
       1
       0
       0
       0
       1
       0
       0
       0
       0
       1
       0
       0
       0
       0
       1
       1
       0
       0
       0
       0
       0
       1
       0
       1
       0
       0
       0
       0
       0
       0
       0
       1
       0
       0
       0
       0
       1
       0
       0
       0
       0
       0
       0
       0
       1
       0
       0
       0
       1
       0
       0
       0
       0
       0
       0
       0
       0
       0
       0
       0
       1
       1
       0
       0
       0
       0
       0
       0
       1
       0
       0
       0
       0
       0
       0
       0
       0
       1
       0
       0
       0
       2
       0
       0
       0
       0
       0
       0
       0
       0
       0
       0
       0
       0
       0
       1
       0
       0
       0
       1
       0
       0
       0
       0
       0
       0
       0
       0
       0
       0
       0
       0
       0
       0
       0
       0
       0
       1
       0
       0
       0
       1
       1
       0
       0
       0
       0
       0
       0
       0
       0
       1
       0
       0
       0
       0
       0
       0
       0
       0
       0
       0
       0
       0
       0
       0
       1
       0
       0
       0
       0
       0
       0
       0
       0
       0
       0
       0
       0
       0
       2
       0
       0
       0
       0
       0
       0
       0
       0
       0
       0
       0
       0
       1
       1
       0
       1
       1
       0
       0
       0
       0
       0
       0
       0
       0
       0
       0
       0
       0
       0
       0
       0
       0
       0
       0
       0
       0
       0
       0
       0
       0
       0
       0
       0
       0
       0
       0
       0
       0
       1
       0
       0
       0
       0
       0
       1
       0
       0
       1
       0
       0
       0
       0
       0
       0
       0
       0
       1
       0
       0
       1
       0
       0
       0
       0
       0
       0
       0
       0
       0
       0
       0
       0
       0
       0
       0
       0
       0
       0
       1
       0
       0
       0
       0
       0
       0
       0
       1
       0
       1
       1
       0
       0
       0
       0
       0
       0
       0
       0
       1
       0
       0
       0
       0
       0
       0
       1
       0
       0
       0
       0
       0
       0
       0
       0
       0
       0
       0
       0
       0
       0
       0
       0
       2
       0
       0
       0
       0
       0
       0
       0
       1
       0
       0
       0
       0
       1
       0
       0
       0
       1
       0
       0
       0
       0
       0
       0
       1
       1
       1
       0
       0
       0
       0
       1
       0
       0
       0
       0
       0
       0
       1
       3
       0
       0
       0
       0
       0
       0
       0
       0
       0
       0
       0
       1
       0
       0
       0
       0
       0
       0
       0
       0
       0
       0
       0
       0
       0
       0
       0
       0
       0
       0
       0
       0
       0
       0
       0
       0
       0
       0
       0
       0
       0
       1
       0
       0
       1
       0
       0
       0
       0
       0
       0
       0
       0
       0
       0
       0
       0
       1
       0
       1
       0
       0
       0
       0
       1
       0
       0
       0
       0
       0
       0
       1
       0
       0
       0
       0
       0
       0
       0
       0
       0
       1
       0
       0
       0
       0
       1
       0
       0
       0
       0
       0
       0
       0
       0
       0
       0
       0
       0
       0
       0
       0
       0
       0
       0
       0
       0
       0
       0
       0
       0
       1
       0
       0
       0
       0
       0
       0
       1
       0
       0
       0
       1
       2
       0
       0
       1
       0
       0
       0
       0
       0
       0
       0
       0
       0
       1
       0
       1
       0
       1
       1
       0
       0
       1
       1
       1
       0
       0
       0
       0
       0
       0
       0
       0
       0
       0
       0
       0
       0
       0
       0
       0
       0
       0
       0
       0
       0
       0
       0
       0
       1
       0
       1
       0
       0
       0
       0
       0
       0
       0
       1
       0
       0
       0
       0
       1
       0
       0
       0
       0
       0
       0
       0
       0
       0
       0
       0
       0
       0
       0
       0
       0
       0
       0
       0
       0
       0
       0
       0
       0
       0
       0
       0
       0
       0
       0
       0
       0
       0
       0
       0
       0
       0
       0
       0
       0
       0
       0
       1
       1
       0
       0
       0
       0
       0
       0
       0
       0
       0
       0
       0
       0
       0
       1
       0
       0
       0
       0
       0
       0
       0
       1
       0
       0
       0
       0
       0
       1
       0
       0
       0
       0
       0
       0
       0
       0
       0
       0
       0
       0
       0
       0
       0
       0
       0
       0
       0
       0
       0
       1
       0
       0
       0
       0
       1
       0
       0
       0
       0
       0
       1
       0
       0
       0
       1
       0
       0
       0
       1
       0
       0
       0
       0
       0
       0
       0
       0
       0
       0
       0
       0
       1
       0
       0
       0
       0
       0
       0
       1
       0
       0
       0
       0
       0
       0
       0
       0
       0
       0
       0
       0
       1
       0
       0
       0
       0
       0
       0
       1
       1
       0
       0
       0
       0
       0
       0
       1
       0
       0
       1
       0
       0
       0
       0
       1
       0
       0
       0
       0
       0
       0
       0
       0
       0
       0
       0
       0
       0
       1
       1
       0
       0
       0
       0
       0
       0
       0
       0
       0
       0
       0
       0
       0
       0
       1
       1
       1
       1
       0
       0
       0
       0
       0
       0
       0
       0
       0
       0
       0
       0
       2
       0
       0
       0
       0
       0
       0
       0
       1
       0
       0
       0
       0
       0
       0
       0
       0
       0
       0
       0
       0
       0
       0
       0
       1
       0
       0
       0
       0
       0
       0
       0
       0
       0
       0
       0
       0
       0
       0
       0
       0
       0
       0
       0
       1
       1
       0
       0
       0
       0
       0
       0
       0
       0
       0
       1
       0
       0
       0
       0
       0
       0
       0
       0
       0
       0
       0
       1
       0
       0
       0
       1
       0
       0
       0
       0
       0
       0
       0
       0
       0
       0
       0
       1
       0
       0
       0
       0
       0
       0
       0
       0
       0
       0
       1
       0
       0
       0
       2
       0
       0
       0
       0
       0
       0
       0
       0
       0
       0
       1
       0
       0
       0
       0
       0
       0
       0
       0
       0
       0
       0
       0
       0
       0
       1
       1
       0
       1
       1
       0
       0
       0
       0
       0
       0
       0
       0
       0
       0
       0
       0
       0
       0
       0
       0
       2
       0
       0
       0
       0
       0
       0
       0
       1
       0
       0
       0
       1
       0
       0
       0
       0
       0
       0
       0
       0
       0
       0
       0
       0
       1
       0
       0
       0
       1
       0
       0
       0
       0
       0
       0
       1
       0
       1
       0
       0
       0
       0
       0
       0
       0
       0
       0
       0
       0
       0
       0
       0
       0
       0
       0
       0
       0
       0
       0
       0
       0
       0
       0
       0
       0
       0
       0
       0
       0
       0
       0
       0
       0
       0
       0
       0
       0
       0
       0
       0
       0
       1
       1
       0
       0
       0
       1
       0
       0
       0
       0
       0
       0
       1
       0
       0
       0
       0
       0
       0
       0
       0
       0
       0
       0
       0
       0
       0
       0
       0
       0
       0
       0
       0
       0
       0
       1
       0
       0
       0
       0
       0
       0
       1
       0
       0
       0
       0
       0
       0
       0
       0
       1
       0
       0
       0
       0
       0
       0
       1
       0
       0
       0
       0
       0
       0
       0
       0
       0
       0
       0
       0
       0
       0
       0
       0
       0
       1
       0
       0
       0
       0
       0
       0
       1
       0
       0
       0
       0
       0
       1
       0
       0
       0
       0
       0
       1
       0
       0
       0
       1
       0
       0
       0
       0
       0
       0
       0
       1
       0
       0
       0
       0
       0
       0
       0
       0
       0
       0
       0
       0
       0
       0
       0
       0
       0
       0
       0
       0
       0
       0
       0
       0
       1
       1
       0
       0
       0
       0
       0
       1
       0
       0
       0
       0
       1
       1
       0
       0
       0
       0
       0
       0
       0
       0
       0
       0
       0
       0
       0
       0
       0
       0
       0
       0
       0
       0
       0
       0
       0
       0
       0
       0
       0
       0
       0
       0
       0
       0
       0
       0
       1
       0
       0
       0
       0
       0
       0
       0
       0
       0
       0
       0
       1
       0
       0
       1
       0
       0
       0
       0
       0
       0
       0
       0
       0
       0
       0
       0
       0
       0
       0
       0
       0
       0
       0
       0
       0
       0
       0
       0
       0
       0
       0
       0
       0
       0
       1
       0
       0
       0
       0
       0
       0
       0
       0
       0
       0
       0
       0
       0
       0
       0
       0
       0
       0
       0
       0
       0
       0
       0
       0
       0
       0
       0
       0
       0
       0
       0
       0
       0
       0
       0
       0
       0
       1
       0
       0
       0
       0
       0
       0
       0
       0
       0
       0
       0
       0
       0
       0
       0
       0
       0
       0
       0
       0
       0
       0
       0
       1
       0
       0
       0
       0
       0
       0
       0
       0
       0
       0
       0
       1
       0
       0
       0
       0
       0
       0
       0
       0
       1
       0
       0
       0
       0
       0
       0
       0
       0
       0
       0
       0
       0
       0
       0
       0
       0
       0
       0
       0
       0
       0
       0
       0
       0
       0
       0
       0
       0
       0
       0
       0
       0
       0
       0
       0
       0
       0
       0
       0
       0
       0
       0
       0
       0
       0
       0
       0
       0
       0
       0
       1
       0
       1
       0
       0
       0
       0
       0
       0
       0
       0
       0
       0
       0
       0
       0
       0
       0
       0
       0
       0
       0
       0
       0
       0
       0
       0
       1
       0
       0
       0
       0
       0
       0
       0
       0
       0
       0
       0
       0
       0
       0
       0
       0
       0
       0
       0
       0
       1
       0
       0
       0
       0
       0
       0
       0
       0
       0
       0
       0
       0
       0
       0
       0
       0
       0
       0
       0
       0
       0
       0
       0
       0
       0
       0
       0
       0
       0
       1
       0
       0
       0
       0
       0
       0
       0
       0
       0
       0
       0
       0
       0
       0
       0
       0
       0
       0
       0
       0
       0
       0
       1
       0
       0
       0
       0
       0
       0
       0
       0
       0
       0
       0
       1
       0
       0
       0
       0
       0
       0
       0
       0
       0
       0
       0
       0
       0
       1
       0
       0
       0
       0
       0
       0
       0
       0
       0
       0
       0
       0
       0
       0
       0
       0
       0
       0
       0
       0
       0
       0
       0
       0
       0
       0
       0
       0
       0
       0
       0
       0
       0
       0
       0
       0
       0
       0
       0
       0
       0
       0
       0
       0
       0
       0
       0
       0
       0
       0
       0
       0
       0
       0
       0
       0
       0
       0
       0
       0
       0
       0
       0
       0
       1
       0
       0
       0
       0
       0
       0
       0
       0
       1
       1
       0
       3
       0
       4
       5
       2
       0
       2
       0
       1
       0
       0
       0
       0
       0
       0
       0
       0
       0
       0
       0
       0
       0
       0
       0
       0
       0
       0
       0
       0
       0
       0
       0
       0
       0
       0
       0
       0
       0
       0
       0
       0
       0
       0
       0
       0
       0
       0
       0
       0
       0
       0
       0
       0
       0
       0
       0
       0
       0
       0
       0
       1
       0
       0
       0
       0
       0
       0
       0
       0
       0
       0
       0
       0
       0
       0
       0
       0
       0
       0
       0
       0
       0
       0
       0
       0
       0
       0
       0
       0
       0
       0
       0
       0
       0
       0
       1
       0
       1
       0
       0
       0
       0
       0
       0
       0
       0
       0
       0
       0
       0
       0
       0
       0
       0
       0
       0
       0
       0
       0
       0
       0
       0
       0
       0
       0
       0
       0
       0
       0
       0
       0
       0
       0
       0
       0
       0
       0
       0
       0
       0
       0
       0
       0
       0
       0
       0
       0
       0
       0
       0
       0
       0
       0
       0
       0
       0
       0
       0
       0
       0
       0
       0
       0
       0
       0
       0
       0
       0
       0
       0
       1
       0
       0
       0
       0
       0
       0
       0
       0
       0
       0
       0
       0
       0
       0
       0
       0
       0
       0
       0
       0
       0
       1
       0
       0
       0
       0
       0
       0
       0
       0
       0
       0
       0
       0
       0
       0
       0
       0
       0
       0
       0
       0
       0
       0
       0
       0
       0
       0
       0
       0
       0
       0
       0
       0
       0
       0
       0
       0
       0
       0
       0
       0
       0
       0
       0
       0
       0
       0
       0
       0
       0
       0
       0
       0
       0
       0
       0
       0
       0
       0
       0
       0
       0
       0
       0
       0
       0
       0
       0
       0
       0
       0
       0
       0
       0
       0
       0
       0
       0
       0
       0
       0
       0
       0
       0
       0
       0
       0
       1
       0
       0
       0
       0
       0
       0
       0
       0
       0
       0
       0
       0
       0
       0
       0
       0
       0
       0
       0
       0
       0
       0
       0
       0
       0
       0
       0
       0
       0
       0
       0
       0
       0
       0
       0
       0
       0
       0
       0
       0
       0
       0
       0
       0
       0
       0
       0
       0
       0
       0
       0
       0
       0
       0
       0
       0
       0
       0
       0
       0
       0
       0
       0
       0
       0
       0
       0
       0
       0
       0
       0
       0
       0
       0
       0
       0
       1
       0
       0
       0
       0
       1
       0
       0
       0
       0
       0
       0
       0
       0
       0
       0
       0
       0
       0
       0
       0
       0
       0
       0
       0
       0
       0
       0
       0
       0
       0
       0
       0
       0
       0
       0
       0
       0
       0
       0
       0
       0
       0
       0
       0
       0
       0
       1
       0
       0
       0
       0
       0
       0
       0
       0
       0
       0
       0
       0
       0
       0
       0
       0
       0
       0
       0
       0
       0
       0
       0
       0
       0
       0
       0
       0
       0
       0
       0
       0
       0
       0
       0
       0
       0
       0
       0
       0
       0
       0
       0
       0
       0
       0
       0
       0
       0
       0
       0
       0
       0
       0
       0
       0
       0
       0
       0
       0
       0
       0
       0
       0
       0
       0
       0
       0
       0
       0
       0
       0
       0
       0
       0
       0
       0
       0
       0
       0
       0
       0
       0
       0
       0
       0
       0
       0
       0
       0
       0
       0
       0
       0
       0
       0
       0
       0
       0
       0
       0
       0
       0
       0
       0
       0
       0
       0
       0
       0
       1
       0
       0
       0
       0
       0
       0
       0
       0
       0
       0
       0
       0
       0
       0
       0
       0
       0
       0
       0
       0
       0
       0
       0
       0
       0
       0
       0
       0
       0
       0
       0
       0
       0
       0
       0
       0
       0
       0
       1
       0
       0
       0
       0
       0
       0
       0
       1
       0
       0
       0
       0
       0
       0
       0
       0
       0
       0
       0
       0
       0
       0
       0
       0
       0
       0
       0
       0
       0
       0
       0
       1
       0
       0
       0
       0
       0
       0
       0
       0
       0
       0
       0
       0
       0
       0
       0
       0
       0
       0
       0
       0
       0
       0
       0
       0
       0
       0
       0
       0
       0
       0
       0
       0
       0
       0
       0
       0
       0
       0
       0
       0
       0
       0
       0
       0
       0
       0
       0
       0
       0
       0
       0
       0
       0
       0
       0
       0
       0
       0
       0
       0
       0
       0
       0
       0
       0
       0
       0
       0
       0
       0
       0
       0
       0
       0
       0
       0
       0
       0
       0
       0
       0
       0
       0
       0
       0
       0
       0
       0
       0
       0
       0
       0
       0
       0
       0
       0
       0
       0
       0
       0
       0
       0
       0
       0
       0
       0
       0
       0
       0
       0
       0
       0
       0
       0
       0
       0
       0
       0
       0
       0
       0
       0
       0
       0
       0
       0
       0
       0
       0
       0
       0
       0
       0
       0
       0
       0
       0
       0
       0
       0
       0
       0
       0
       0
       0
       0
       0
       0
       0
       0
       0
       0
       0
       0
       0
       0
       0
       0
       0
       0
       0
       0
       0
       0
       0
       0
       0
       0
       0
       0
       0
       0
       0
       1
       0
       0
       0
       0
       0
       0
       0
       0
       0
       0
       0
       0
       0
       0
       0
       0
       0
       0
       0
       0
       0
       0
       0
       0
       0
       0
       0
       0
       0
       0
       0
       0
       0
       0
       0
       0
       0
       0
       0
       0
       0
       0
       0
       0
       0
       0
       0
       0
       0
       0
       0
       0
       0
       0
       0
       0
       0
       0
       0
       0
       0
       0
       0
       0
       0
       0
       0
       0
       0
       0
       0
       0
       0
       0
       0
       0
       0
       0
       0
       0
       0
       0
       0
       0
       0
       0
       0
       0
       0
       0
       0
       0
       0
       0
       0
       0
       0
       0
       0
       0
       0
       0
       0
       0
       0
       0
       0
       0
       0
       0
       0
       0
       0
       0
       0
       0
       0
       0
       0
       0
       0
       0
       0
       0
       0
       0
       0
       0
       0
       0
       0
       0
       0
       0
       0
       0
       0
       0
       0
       0
       0
       0
       0
       0
       0
       0
       0
       0
       0
       0
       0
       0
       0
       0
       0
       1
       0
       0
       0
       0
       0
       0
       0
       0
       0
       0
       0
       0
       0
       0
       0
       0
       0
       0
       0
       0
       0
       0
       0
       0
       0
       0
       0
       0
       0
       0
       0
       0
       0
       0
       0
       0
       0
       0
       0
       0
       0
       0
       0
       0
       0
       0
       0
       0
       0
       0
       0
       0
       0
       0
       0
       1
       0
       0
       0
       0
       0
       0
       0
       0
       0
       0
       0
       0
       0
       0
       0
       0
       0
       0
       0
       0
       0
       0
       0
       0
       0
       0
       0
       0
       0
       0
       0
       0
       0
       0
       0
       0
       0
       0
       0
       0
       0
       0
       0
       0
       0
       0
       0
       0
       0
       0
       0
       0
       0
       0
       0
       0
       0
       0
       0
       0
       0
       0
       0
       0
       0
       0
       0
       0
       0
       0
       0
       0
       0
       0
       0
       0
       0
       0
       0
       0
       0
       0
       0
       0
       0
       0
       0
       0
       0
       0
       0
       0
       0
       0
       0
       0
       0
       0
       0
       0
       0
       0
       0
       0
       0
       0
       0
       0
       0
       0
       0
       0
       0
       0
       0
       0
       0
       0
       0
       0
       0
       0
       0
       0
       0
       0
       0
       0
       0
       0
       0
       0
       0
       0
       0
       0
       0
       0
       0
       0
       0
       0
       0
       0
       0
       0
       0
       0
       0
       0
       0
       0
       0
       0
       0
       0
       0
       0
       0
       0
       0
       0
       0
       0
       0
       0
       0
       0
       0
       0
       0
       0
       0
       1
       0
       0
       0
       0
       0
       0
       0
       0
       0
       0
       0
       0
       0
       0
       0
       0
       0
       0
       0
       0
       0
       0
       0
       0
       0
       0
       0
       0
       0
       0
       0
       0
       0
       0
       0
       0
       0
       0
       0
       0
       0
       0
       0
       0
       0
       0
       0
       0
       0
       0
       0
       0
       0
       0
       0
       0
       0
       0
       0
       0
       0
       0
       0
       0
       0
       0
       0
       0
       0
       0
       0
       0
       0
       0
       0
       0
       0
       0
       0
       0
       0
       0
       0
       0
       0
       0
       0
       0
       0
       0
       0
       0
       0
       0
       0
       0
       0
       0
       0
       0
       0
       0
       0
       0
       0
       0
       1
       0
       0
       0
       0
       0
       0
       0
       0
       0
       0
       0
       0
       0
       0
       0
       0
       0
       0
       0
       1
       0
       0
       0
       0
       0
       0
       0
       0
       0
       0
       0
       0
       0
       0
       0
       0
       0
       0
       0
       0
       0
       0
       0
       0
       0
       0
       0
       0
       0
       0
       0
       0
       0
       0
       1
       0
       0
       0
       0
       0
       0
       0
       0
       0
       0
       0
       0
       0
       0
       0
       0
       0
       0
       0
       0
       0
       0
       0
       0
       0
       0
       0
       0
       0
       0
       0
       0
       0
       0
       0
       0
       0
       0
       0
       0
       0
       0
       0
       0
       0
       0
       0
       0
       0
       0
       0
       0
       0
       0
       0
       0
       0
       0
       0
       0
       0
       0
       0
       0
       0
       0
       0
       0
       0
       0
       0
       0
       0
       0
       0
       0
       0
       0
       0
       0
       0
       0
       0
       0
       0
       0
       0
       0
       0
       0
       0
       0
       0
       0
       0
       0
       0
       0
       0
       0
       0
       0
       0
       0
       0
       0
       0
       0
       0
       0
       0
       0
       0
       0
       0
       0
       0
       0
       0
       0
       0
       0
       0
       0
       0
       0
       0
       0
       0
       0
       0
       0
       0
       0
       0
       0
       0
       0
       0
       0
       0
       0
       0
       0
       0
       0
       0
       0
       0
       0
       0
       0
       0
       0
       0
       0
       0
       0
       0
       0
       0
       0
       0
       0
       0
       0
       0
       0
       0
       0
       0
       0
       0
       0
       0
       0
       0
       0
       0
       0
       0
       0
       0
       0
       0
       0
       0
       0
       0
       0
       0
       0
$ROI:
0
$PRESETS:
Real Time
180
0
$ENER_FIT:
0.888569 0.390988
$MCA_CAL:
3
8.885689E-001 3.909876E-001 3.191953E-008 keV
$SHAPE_CAL:
3
0.000000E+000 0.000000E+000 0.000000E+000
