$SPEC_ID:
1
$SPEC_REM:
DET# 2
DETDESC# MCB 130 Normal
AP# Maestro Version 7.01
$DATE_MEA:
09/13/2019 19:54:03
$MEAS_TIM:
178 180
$DATA:
0 8191
       0
       0
       0
       0
       0
       0
       0
       0
       0
       0
       0
       0
       0
       0
       0
       0
       0
       0
       0
       0
       0
       0
       0
       0
       0
       0
       5
     222
      61
      28
      35
      48
      69
     116
     136
      85
      45
      41
      56
      74
      68
      77
      95
     114
     124
      79
      56
      46
      42
      48
      51
      55
      65
      78
      45
      42
      37
      45
      56
      71
      51
      46
      44
      41
      37
      38
      48
      61
      37
      51
      51
      47
      40
      44
      36
      35
      39
      43
      45
      44
      43
      30
      43
      39
      44
      32
      31
      43
      43
      41
      47
      38
      36
      29
      33
      41
      50
      39
      32
      40
      35
      42
      50
      33
      39
      53
      31
      40
      35
      45
      36
      52
      45
      37
      54
      48
      48
      69
      43
      35
      35
      43
      50
      45
      39
      52
      49
      53
      49
      42
      45
      59
      69
      46
      38
      53
      50
      58
      61
      53
      45
      66
      61
      56
      75
      72
      67
      68
      68
      66
      67
      60
      62
      72
      90
      69
      94
      64
      62
      78
      85
      83
      71
      57
      67
      73
      74
      95
      71
      69
      71
      74
      76
      75
      91
      59
      67
      81
      91
      86
      86
     107
      85
      94
     107
      88
     101
      92
      89
     108
     110
     115
      96
      72
      87
     100
     100
      99
     103
      84
      97
      95
      91
      80
      95
      89
     115
      94
     102
      71
     109
      92
     104
     117
     111
     145
     104
     100
     118
     113
     129
     118
     113
     101
     107
     111
      83
     100
      97
      85
      99
     117
     109
      91
     110
      96
     104
      96
     108
      96
      89
     101
     129
      96
      94
     113
     114
     102
     101
     110
     112
     169
     243
     245
     223
     146
     127
     122
     116
     108
      92
     111
     172
     324
     363
     267
     150
     122
     179
     344
     467
     294
     143
      98
      84
      74
      75
      95
      80
      72
      85
     103
     102
     102
      67
      92
      75
      72
      86
      73
      87
      79
      87
      83
     110
     119
     124
     150
     159
     142
      98
      95
      75
      74
      90
      90
      83
     104
     109
      95
     109
      88
      92
      88
      78
      92
      92
      85
      74
      73
      59
      78
      72
      62
      87
      77
      77
      62
      84
      77
      68
      76
      68
      69
      63
      62
      73
      96
      89
      79
      88
      75
      70
      89
      68
      78
      83
      83
      59
      64
      73
      69
      64
      65
      70
      78
      67
      88
      88
      91
      83
      71
      75
      70
      71
      56
      61
      58
      77
      68
      63
      68
      65
      70
      70
      61
      55
      57
      57
      52
      62
      66
      62
      62
      56
      78
      63
      64
      70
      63
      45
      69
      64
      57
      61
      64
      50
      77
      54
      59
      59
      71
      66
      54
      62
      53
      55
      59
      52
      60
      46
      63
      65
      54
      58
      66
      65
      51
      56
      48
      47
      45
      50
      52
      59
      49
      45
      48
      49
      33
      53
      54
      48
      51
      47
      52
      45
      42
      47
      56
      60
      40
      45
      50
      44
      51
      48
      47
      42
      46
      35
      53
      51
      59
      40
      34
      43
      34
      29
      54
      46
      33
      61
      45
      44
      43
      46
      42
      39
      50
      45
      42
      46
      45
      44
      55
      39
      39
      34
      45
      35
      41
      35
      37
      51
      37
      35
      39
      40
      40
      29
      35
      39
      42
      44
      43
      25
      42
      49
      28
      37
      46
      51
      49
      40
      29
      40
      38
      32
      35
      32
      28
      28
      30
      33
      29
      27
      39
      42
      35
      35
      30
      38
      36
      37
      44
      28
      29
      32
      26
      29
      29
      29
      29
      47
      75
      65
      48
      27
      37
      21
      31
      29
      31
      22
      36
      20
      30
      31
      38
      29
      37
      42
      31
      27
      38
      34
      37
      36
      29
      26
      28
      22
      28
      28
      36
      26
      31
      24
      26
      28
      24
      26
      22
      30
      23
      26
      40
      29
      28
      40
      62
      98
     128
     103
      60
      36
      38
      29
      27
      35
      29
      25
      29
      19
      27
      30
      30
      22
      33
      33
      29
      24
      26
      33
      27
      32
      29
      39
      27
      54
      40
      26
      25
      21
      43
      25
      28
      23
      32
      28
      32
      30
      27
      24
      17
      31
      25
      21
      21
      21
      21
      25
      23
      20
      17
      21
      36
      42
      34
      31
      31
      21
      31
      20
      33
      26
      27
      18
      24
      26
      19
      22
      21
      19
      20
      19
      20
      25
      21
      29
      15
      15
      20
      19
      20
      24
      21
      23
      16
      31
      19
      17
      21
      21
      18
      22
      13
      19
      24
      19
      15
      25
      22
      26
      28
      19
      13
      17
      17
      14
      24
      23
      18
      15
      22
      17
      19
      22
      17
      10
      14
      18
      18
      21
      14
      29
      32
      85
     102
     120
      62
      28
      19
      18
      24
      17
      10
      19
      17
      14
      19
      15
      18
      13
       9
      13
      15
      16
      19
      18
      25
      20
      17
      22
       8
      16
      14
      15
      14
      21
      17
      18
      16
      25
      17
      21
      15
      20
      24
      26
      15
      23
      17
      23
      27
      24
      19
      18
      16
      23
      29
      26
      51
      52
      39
      14
      16
      16
      16
      17
      13
      19
       9
      13
      17
      14
      14
      19
      10
       9
      14
      14
      13
      16
      16
      15
      15
      21
      24
      24
      15
       9
      12
      12
      11
      11
      11
      13
      13
      13
      11
      22
      15
      13
      12
      10
      30
      42
      47
      38
      23
      14
      14
      10
      13
      16
      15
      18
      13
      14
      14
       8
       9
      10
       6
      14
      12
      12
       8
      10
      12
       9
      11
      12
      14
      11
      12
      10
       9
      17
      12
       8
      12
      10
      11
       9
       5
      15
      13
      11
      12
      14
      19
      17
      20
      11
      11
       6
       5
      22
       6
       9
      11
      14
      16
       9
      12
      13
      10
       8
      14
       3
      10
      10
       9
       6
       8
       8
      14
      13
      10
      13
       7
      14
       9
      18
      11
       5
       2
       8
       9
       7
       5
       8
      12
       6
       9
      12
      24
      30
      34
      16
      11
      11
       8
       8
       6
       6
       7
       8
      10
       7
       8
       4
       3
       7
      11
       7
      12
      13
       9
       9
       5
       1
       7
       5
      11
       8
      11
       9
       2
       9
      12
       7
      11
       6
       9
      10
       9
       4
       6
       8
       8
      11
       7
       8
       8
      10
      10
      10
       8
       4
       9
       3
       7
       7
       9
       8
       6
      12
       7
       6
       7
      10
       7
       9
       5
       3
       7
      13
       7
       7
       9
       9
       9
       3
       9
       7
       6
       7
       8
       3
       6
       6
       9
       9
       5
       2
       4
       7
       5
       8
      14
       7
       5
       9
      10
       6
      10
       6
      13
      10
       9
       9
      11
       6
       3
       6
       8
       6
       5
       8
       9
       5
       6
      10
       4
      13
       7
       7
       7
       4
      10
       4
       9
       5
      10
       6
       5
       6
       5
      10
       5
       6
      10
       6
       8
       4
       7
       2
       2
       3
       7
       5
       3
       8
       6
      10
       6
       5
       3
       6
       8
       3
       4
       7
      14
       9
       1
       6
       4
       6
       2
       5
       8
      11
       7
       8
       6
       3
       8
       4
       6
       8
       5
       6
       5
       5
       5
       6
       8
       4
       5
      10
       7
       7
       2
       8
       5
       9
       6
       8
       5
       7
       6
       6
       5
       2
       4
       5
       3
       4
       6
       9
       5
       7
       3
       8
       9
       3
       6
       5
       3
       4
       1
       9
       6
      11
       3
       7
       8
       1
       6
       4
       3
       3
       5
       5
       7
       3
       6
      10
       5
       2
       9
       5
       5
       7
      10
      10
       6
       4
       4
       3
       4
       2
       5
       4
       4
       6
       7
       4
       4
       1
       5
       3
       3
       3
       7
       7
       5
      11
       5
       8
       5
       2
       6
       1
       4
       5
       5
       5
       3
       4
       8
       2
       6
       4
       5
       5
       4
       7
       4
       3
       7
       6
       5
       5
       6
       5
       5
       8
       9
       6
      13
      10
      20
      13
       7
       6
       3
       5
       3
       4
       3
       5
       6
       5
       6
       3
       3
       4
       4
       5
       3
       4
       3
       4
       4
       3
       3
      10
       5
       4
       2
       2
       5
       4
       7
       4
       4
       5
       7
       6
       1
       6
       1
       1
       7
       2
       4
       6
       2
       5
       7
       7
       7
       5
       8
       5
       3
       4
       3
       8
       6
       6
       7
       8
       2
       5
       3
       1
       6
       4
       3
       1
       6
       7
       4
       7
       7
      16
       3
       7
       2
       4
       6
       7
       5
       3
       0
       3
       5
       8
       2
       3
       5
       4
       5
       3
       4
       0
       6
       7
       3
       1
       2
       4
       4
       8
       7
       3
       5
       4
       5
       9
       9
       8
       5
       4
       2
       8
       3
       6
       5
       6
       5
       5
      11
       4
       3
       7
       3
       6
       4
       9
       7
       4
       4
       6
       3
       0
       1
       2
       2
       6
       2
       2
       3
       3
       2
       4
       9
       5
       2
       5
       5
       7
       5
       2
       1
       3
       5
      10
      10
       8
      14
       6
       8
       2
       2
       4
       2
       6
       7
       6
       2
       5
       5
       3
       4
       5
       5
       2
       2
       1
       4
       2
       4
       2
       2
       8
       3
       4
       2
       3
       1
       5
       5
       3
       2
       0
       2
       4
       0
       5
       6
       5
       5
       5
       2
       6
       7
       1
       4
       3
       3
       4
       5
       1
       2
       4
       6
       5
       2
       2
       1
       3
       4
       5
       6
       8
      12
       7
       3
       5
       3
       5
       4
       2
       1
       1
       3
       4
       0
       3
       6
       7
       0
       1
       5
       4
       2
       2
       4
       3
       2
       3
       2
       3
       2
       7
       3
       3
       4
       3
       3
       4
       4
       3
       0
       0
       3
       1
       2
       3
       4
       2
       4
       6
       6
       3
       6
       2
       4
       3
       2
       4
       3
       1
       4
       2
       6
       1
       2
       3
       4
       1
       2
       5
       9
      14
       5
       8
       4
       6
       2
       3
       3
       2
       4
       1
       7
       4
       6
       5
       5
       4
       1
       2
       7
       7
       3
       5
       4
       7
       3
       1
       6
       5
       4
       4
       4
       4
       1
       2
       0
       6
       1
       6
       3
       3
       3
       4
       1
       4
       4
       3
       5
       1
       2
       1
       4
       3
       4
       7
       4
       6
       4
       5
       2
       2
       4
       4
       3
       5
       9
       8
      19
      18
       8
       9
       1
       3
       5
       4
       3
       0
       5
       2
       1
       0
       3
       2
       3
       3
       2
       0
       2
       2
       6
       2
       2
       4
       3
       2
       3
       5
       5
       2
       4
       3
       1
       3
       2
       4
       3
       6
       2
       5
       1
       2
       2
       6
       3
       4
       7
       1
       5
       1
       4
       1
       0
       2
       4
       2
       3
       3
       4
       3
       3
       1
       1
       0
       4
       5
       2
       4
       3
       2
       1
       5
       2
       0
       0
       5
       3
       4
       3
       2
       4
       5
       1
       1
       1
       1
       2
       2
       3
       0
       3
       3
       4
       3
       5
       2
       2
       1
       2
       3
       2
       3
       1
       2
       4
       4
       1
       2
       0
       6
       6
       0
       1
       2
       2
       1
       2
       3
       2
       4
       1
       6
       5
      10
      12
       7
       8
       5
       0
       5
       1
       3
       3
       1
       1
       2
       3
       1
       1
       1
       2
       3
       2
       1
       3
       3
       1
       0
       5
       7
       2
       5
       2
       0
       0
       2
       0
       6
       3
       2
       0
       2
       1
       1
       4
       2
       1
       1
       2
       1
       4
       2
       0
       1
       1
       4
       4
       2
       2
       3
       2
       2
       0
       3
       2
       1
       2
       2
       3
       4
       1
       2
       2
       2
       1
       2
       1
       4
       2
       2
       1
       0
       4
       2
       2
       2
       6
       4
       2
       2
       3
       1
       1
       2
       2
       0
       2
       2
       1
       1
       0
       1
       1
       0
       0
       2
       6
       2
       1
       2
       3
       1
       2
       3
       0
       2
       1
       3
       4
       3
       5
       3
       1
       2
       2
       0
       4
       3
       4
       2
       0
       1
       4
       3
       4
       2
       1
       2
       1
       2
       3
       1
       1
       6
       0
       4
       0
       2
       0
       2
       4
       4
       1
       2
       2
       4
       3
       1
       1
       1
       2
       1
       2
       2
       3
       1
       2
       2
       4
       0
       2
       2
       3
       3
       4
       0
       2
       1
       1
       2
       2
       6
       2
       6
       0
       1
       5
       0
       0
       4
       0
       1
       4
       1
       2
       0
       1
       2
       3
       1
       2
       2
       3
       0
       2
       4
       2
       3
       0
       3
       1
       4
       3
       6
       2
       5
       3
       3
       2
       2
       4
       9
       6
       5
       1
       4
       2
       4
       6
       2
       2
       3
       1
       1
       2
       2
       2
       3
       1
       1
       2
       6
       1
       2
       2
       1
       4
       1
       2
       2
       1
       3
       0
       2
       2
       2
       7
       2
       3
       0
       4
       1
       0
       1
       1
       0
       1
       2
       0
       3
       3
       1
       3
       0
       2
       1
       1
       3
       2
       5
       4
       1
       3
       1
       0
       1
       0
       6
       2
       6
       1
       3
       3
       1
       3
       2
       5
       5
       3
       2
       2
       2
       1
       3
       0
       2
       0
       1
       0
       3
       3
       1
       4
       1
       3
       0
       0
       2
       2
       3
       0
       1
       3
       3
       2
       0
       3
       2
       0
       1
       2
       1
       0
       0
       0
       1
       3
       3
       0
       1
       1
       1
       3
       3
       2
       2
       5
       1
       1
       2
       1
       0
       2
       3
       7
       2
       3
       4
       3
       2
       1
       1
       2
       1
       2
       2
       1
       0
       2
       4
       2
       2
       3
       1
       1
       0
       3
       3
       3
       2
       0
       1
       1
       3
       1
       2
       4
       0
       0
       1
       1
       3
       1
       1
       4
       1
       2
       1
       1
       1
       2
       2
       0
       2
       2
       0
       0
       0
       4
       1
       0
       1
       0
       1
       0
       1
       0
       2
       1
       3
       2
       0
       2
       2
       2
       1
       1
       1
       1
       1
       1
       2
       0
       1
       2
       2
       4
       3
       2
       2
       0
       0
       1
       3
       0
       2
       2
       1
       0
       1
       1
       0
       0
       3
       1
       1
       3
       3
       3
       0
       1
       1
       2
       4
       2
       3
       0
       1
       2
       0
       0
       0
       1
       2
       2
       0
       0
       4
       1
       2
       4
       0
       1
       4
       0
       1
       1
       2
       2
       1
       0
       1
       1
       1
       2
       3
       1
       3
       0
       0
       1
       2
       1
       0
       2
       2
       1
       2
       0
       5
       1
       3
       4
       1
       1
       4
       3
       3
       2
       0
       1
       1
       5
       2
       1
       3
       1
       3
       1
       0
       1
       2
       1
       0
       4
       1
       6
       2
       1
       3
       3
       3
       3
       3
       2
       1
       3
       1
       0
       0
       0
       1
       2
       1
       2
       3
       1
       1
       1
       4
       1
       4
       1
       2
       1
       1
       2
       5
      15
      18
      11
      17
       9
       3
       2
       1
       2
       0
       1
       2
       1
       1
       2
       0
       3
       2
       2
       0
       1
       2
       2
       1
       2
       3
       2
       3
       8
       5
       8
       0
       0
       2
       1
       2
       2
       2
       0
       3
       2
       2
       0
       3
       0
       0
       3
       0
       1
       1
       2
       1
       1
       1
       1
       2
       0
       2
       0
       2
       1
       1
       0
       0
       1
       1
       3
       1
       1
       0
       4
       4
       1
       1
       1
       0
       2
       2
       2
       2
       2
       2
       4
       7
       7
       5
       2
       3
       3
       1
       2
       1
       2
       0
       1
       1
       1
       0
       2
       1
       2
       1
       2
       1
       5
       2
       1
       1
       3
       0
       3
       1
       1
       0
       2
       0
       2
       4
       0
       2
       0
       2
       2
       0
       1
       1
       1
       2
       1
       0
       3
       2
       2
       0
       1
       2
       3
       0
       0
       2
       3
       0
       4
       0
       0
       1
       0
       1
       2
       0
       1
       0
       2
       2
       0
       1
       1
       6
       1
       1
       1
       0
       0
       1
       1
       1
       0
       1
       2
       1
       3
       0
       2
       1
       1
       0
       4
       1
       2
       0
       0
       2
       3
       2
       0
       4
       1
       1
       0
       0
       2
       1
       1
       3
       1
       2
       3
       3
       2
       0
       1
       4
       1
       0
       1
       3
       0
       0
       1
       3
       3
       0
       1
       2
       4
       4
       4
       3
       1
       1
       3
       4
       4
       6
      18
      15
      10
       8
       2
       1
       1
       4
       3
       3
       2
       3
       1
       0
       0
       1
       0
       0
       1
       3
       1
       1
       2
       1
       3
       0
       2
       1
       0
       0
       1
       3
       0
       0
       1
       0
       1
       0
       0
       0
       1
       2
       1
       3
       1
       1
       2
       1
       3
       1
       0
       2
       0
       0
       0
       1
       2
       0
       1
       0
       2
       1
       0
       2
       0
       0
       0
       0
       0
       0
       0
       1
       2
       1
       0
       0
       2
       0
       1
       1
       3
       0
       0
       0
       2
       2
       1
       2
       1
       1
       2
       2
       1
       2
       1
       2
       0
       2
       0
       2
       0
       0
       2
       1
       1
       2
       2
       1
       1
       0
       0
       1
       3
       1
       0
       3
       0
       1
       1
       4
       1
       1
       1
       0
       1
       0
       0
       1
       1
       0
       1
       1
       1
       1
       0
       2
       1
       2
       0
       2
       3
       0
       2
       0
       1
       0
       0
       0
       1
       2
       4
       3
       2
       2
       2
       2
       1
       2
       1
       0
       1
       1
       0
       0
       1
       1
       1
       1
       0
       0
       2
       2
       1
       0
       2
       0
       1
       2
       1
       0
       4
       1
       0
       0
       0
       0
       5
       1
       2
       0
       0
       0
       0
       1
       1
       1
       1
       1
       2
       1
       1
       2
       1
       1
       2
       3
       1
       1
       0
       2
       3
       0
       2
       2
       0
       1
       0
       2
       1
       1
       0
       0
       1
       2
       0
       0
       0
       1
       0
       0
       2
       2
       0
       0
       1
       0
       0
       2
       1
       0
       0
       0
       0
       2
       0
       2
       0
       0
       5
       1
       2
       3
       2
       3
       1
       1
       0
       3
       2
       0
       2
       0
       0
       0
       3
       2
       1
       0
       2
       1
       0
       2
       0
       0
       1
       2
       1
       2
       0
       2
       1
       3
       0
       1
       0
       2
       0
       1
       1
       0
       1
       1
       0
       0
       0
       0
       2
       1
       0
       0
       1
       1
       2
       5
       2
       1
       2
       1
       3
       0
       1
       0
       4
       1
       1
       1
       0
       1
       2
       2
       1
       2
       0
       1
       0
       1
       3
       0
       1
       0
       2
       3
       0
       2
       0
       0
       2
       0
       0
       1
       1
       2
       3
       0
       1
       2
       0
       2
       0
       0
       1
       0
       0
       1
       3
       1
       1
       1
       3
       2
       0
       2
       2
       1
       1
       0
       1
       1
       0
       1
       0
       1
       2
       0
       2
       0
       1
       2
       0
       1
       2
       2
       4
       0
       2
       4
       0
       1
       1
       0
       1
       0
       1
       4
       6
       6
       4
       8
       7
       0
       3
       0
       3
       0
       1
       0
       0
       1
       0
       0
       0
       0
       0
       1
       2
       1
       1
       1
       1
       1
       1
       2
       0
       0
       0
       1
       0
       1
       1
       3
       0
       1
       1
       2
       2
       0
       1
       0
       1
       2
       0
       1
       0
       0
       0
       1
       0
       0
       2
       1
       0
       0
       0
       0
       0
       0
       0
       0
       0
       1
       0
       1
       2
       0
       0
       1
       3
       1
       2
       0
       0
       1
       0
       0
       2
       2
       0
       3
       0
       0
       0
       2
       0
       0
       1
       1
       3
       2
       0
       0
       1
       0
       1
       1
       0
       0
       0
       0
       2
       1
       1
       2
       0
       0
       2
       2
       1
       1
       0
       1
       1
       0
       0
       1
       1
       1
       1
       1
       0
       1
       0
       1
       1
       3
       0
       3
       2
       3
       2
       5
       7
       4
       8
       3
       0
       1
       2
       1
       2
       3
       0
       4
       4
       6
       7
       6
       1
       3
       1
       1
       1
       1
       1
       1
       0
       0
       3
       1
       0
       0
       0
       0
       1
       2
       2
       2
       1
       0
       1
       0
       1
       1
       0
       1
       1
       0
       0
       3
       1
       0
       0
       0
       2
       2
       1
       0
       1
       1
       0
       3
       0
       0
       1
       1
       2
       3
       0
       0
       2
       2
       2
       0
       1
       1
       2
       1
       2
       1
       2
       0
       1
       1
       2
       0
       2
       1
       0
       2
       1
       3
       1
       1
       1
       2
       0
       0
       0
       0
       2
       0
       0
       0
       0
       0
       0
       0
       0
       1
       1
       2
       1
       1
       1
       1
       0
       1
       2
       1
       0
       1
       0
       1
       0
       0
       0
       0
       1
       1
       1
       0
       2
       1
       1
       1
       0
       0
       1
       0
       1
       1
       1
       0
       2
       3
       2
       0
       0
       1
       1
       0
       0
       2
       0
       0
       0
       0
       0
       1
       0
       2
       0
       2
       2
       1
       0
       1
       0
       1
       2
       2
       1
       1
       0
       0
       0
       0
       0
       0
       0
       1
       0
       2
       1
       0
       1
       1
       2
       0
       0
       0
       0
       0
       1
       0
       0
       1
       0
       0
       0
       0
       1
       1
       0
       0
       0
       0
       0
       0
       0
       1
       1
       1
       2
       0
       0
       0
       1
       2
       2
       1
       0
       0
       1
       0
       2
       1
       2
       0
       0
       2
       0
       0
       1
       0
       0
       0
       1
       1
       1
       2
       0
       0
       1
       2
       0
       0
       1
       1
       1
       0
       0
       2
       2
       4
       1
       0
       1
       1
       0
       0
       1
       0
       0
       0
       2
       0
       1
       1
       2
       0
       1
       0
       0
       1
       1
       1
       0
       0
       0
       1
       0
       0
       1
       0
       0
       0
       0
       1
       0
       1
       1
       0
       1
       0
       0
       1
       2
       0
       0
       0
       1
       2
       1
       1
       1
       3
       0
       0
       5
       4
       3
       4
       2
       0
       2
       1
       1
       1
       0
       2
       0
       1
       0
       0
       0
       0
       0
       0
       0
       0
       2
       1
       0
       0
       0
       1
       0
       0
       0
       0
       0
       0
       0
       0
       0
       0
       0
       0
       0
       0
       0
       1
       0
       0
       1
       2
       2
       3
       3
       0
       2
       2
       0
       0
       0
       0
       2
       1
       0
       0
       0
       0
       0
       0
       1
       0
       0
       0
       0
       1
       0
       1
       0
       0
       0
       0
       1
       0
       0
       0
       0
       0
       0
       0
       0
       0
       2
       0
       0
       0
       0
       0
       0
       2
       1
       1
       2
       3
       6
       5
       6
       6
       1
       1
       1
       0
       0
       1
       0
       0
       0
       0
       0
       0
       0
       0
       1
       1
       0
       1
       0
       0
       0
       1
       0
       1
       0
       1
       0
       2
       0
       0
       0
       1
       0
       0
       0
       0
       2
       1
       1
       0
       0
       0
       0
       0
       0
       0
       0
       1
       0
       0
       0
       1
       0
       1
       0
       0
       0
       0
       0
       0
       0
       0
       2
       0
       0
       0
       0
       0
       1
       0
       0
       0
       0
       1
       1
       1
       0
       0
       0
       0
       0
       1
       0
       0
       1
       1
       0
       1
       0
       1
       0
       1
       0
       1
       0
       0
       1
       0
       1
       0
       0
       1
       0
       0
       1
       0
       0
       0
       1
       0
       0
       2
       1
       1
       2
       0
       1
       1
       0
       0
       0
       0
       0
       0
       1
       2
       0
       0
       0
       1
       1
       0
       0
       0
       1
       0
       0
       0
       1
       0
       1
       0
       0
       0
       0
       1
       0
       0
       0
       0
       0
       0
       1
       0
       1
       0
       0
       0
       0
       1
       0
       0
       0
       0
       1
       0
       0
       0
       1
       1
       0
       0
       1
       1
       0
       1
       0
       3
       0
       1
       1
       0
       0
       2
       0
       0
       0
       0
       1
       1
       0
       0
       0
       0
       0
       0
       2
       0
       0
       0
       3
       0
       1
       0
       0
       2
       0
       0
       1
       0
       0
       0
       0
       0
       0
       0
       0
       0
       0
       0
       0
       0
       0
       0
       0
       0
       1
       0
       0
       0
       0
       0
       0
       1
       0
       0
       0
       0
       0
       0
       0
       0
       1
       0
       0
       0
       2
       0
       0
       0
       1
       0
       0
       0
       0
       1
       3
       1
       0
       1
       0
       0
       1
       1
       0
       1
       0
       0
       2
       0
       1
       0
       0
       0
       0
       0
       0
       0
       0
       0
       0
       0
       0
       1
       0
       0
       0
       1
       0
       2
       2
       0
       0
       0
       0
       0
       1
       0
       0
       0
       0
       1
       0
       0
       0
       1
       0
       1
       0
       0
       0
       0
       0
       0
       1
       0
       0
       0
       0
       2
       1
       6
       9
      11
      19
      24
      25
      19
       8
       8
       1
       1
       0
       0
       0
       0
       1
       0
       0
       0
       0
       0
       0
       0
       0
       0
       2
       0
       0
       0
       0
       0
       0
       0
       0
       0
       1
       0
       1
       1
       0
       0
       0
       1
       0
       1
       0
       0
       0
       0
       0
       0
       0
       0
       0
       1
       0
       2
       0
       0
       0
       0
       0
       0
       0
       0
       0
       0
       1
       0
       0
       0
       0
       0
       1
       0
       0
       0
       0
       1
       0
       0
       0
       0
       0
       0
       0
       0
       0
       0
       1
       0
       0
       0
       0
       1
       0
       0
       0
       0
       0
       0
       0
       0
       0
       0
       1
       1
       1
       0
       0
       0
       1
       1
       0
       0
       0
       0
       0
       0
       1
       0
       0
       0
       0
       2
       0
       0
       1
       3
       0
       0
       1
       0
       0
       0
       0
       0
       0
       0
       0
       1
       0
       0
       0
       0
       0
       0
       0
       0
       0
       0
       0
       0
       0
       0
       0
       0
       0
       0
       0
       0
       0
       0
       1
       0
       0
       1
       0
       0
       0
       0
       1
       0
       0
       0
       0
       0
       0
       0
       0
       0
       0
       0
       0
       0
       1
       0
       0
       0
       0
       0
       0
       0
       0
       1
       0
       0
       0
       0
       0
       1
       0
       0
       0
       0
       0
       0
       0
       0
       0
       0
       0
       1
       0
       0
       0
       0
       0
       0
       0
       0
       1
       0
       0
       0
       1
       0
       0
       0
       0
       0
       0
       0
       1
       0
       1
       0
       0
       0
       0
       0
       0
       0
       0
       1
       0
       0
       0
       0
       0
       0
       0
       1
       0
       0
       0
       0
       0
       0
       0
       0
       0
       0
       0
       0
       0
       0
       0
       0
       0
       0
       0
       0
       0
       0
       0
       0
       0
       0
       0
       0
       0
       0
       0
       0
       0
       0
       1
       0
       0
       0
       0
       0
       0
       0
       0
       0
       0
       0
       0
       0
       1
       1
       1
       0
       0
       0
       0
       0
       0
       0
       1
       0
       0
       1
       0
       0
       0
       0
       2
       0
       1
       0
       0
       0
       0
       0
       1
       0
       0
       0
       0
       0
       0
       0
       0
       0
       0
       1
       0
       0
       0
       1
       0
       3
       0
       0
       1
       0
       1
       0
       1
       1
       0
       0
       1
       0
       0
       0
       0
       0
       0
       0
       0
       0
       0
       0
       0
       0
       0
       0
       0
       0
       1
       0
       0
       0
       0
       0
       0
       0
       0
       0
       0
       0
       0
       0
       0
       0
       0
       0
       0
       0
       0
       0
       0
       0
       0
       0
       0
       0
       0
       1
       0
       0
       0
       0
       0
       0
       1
       0
       0
       0
       0
       1
       0
       0
       0
       0
       1
       0
       0
       1
       1
       0
       0
       1
       0
       1
       0
       0
       0
       0
       0
       0
       0
       0
       0
       0
       0
       0
       1
       0
       0
       0
       0
       0
       0
       0
       0
       0
       1
       0
       0
       0
       0
       0
       1
       0
       0
       0
       0
       0
       0
       0
       0
       0
       0
       0
       0
       0
       0
       0
       1
       0
       0
       0
       0
       0
       0
       0
       1
       0
       0
       0
       0
       0
       0
       1
       0
       0
       0
       0
       0
       1
       0
       0
       0
       0
       0
       0
       0
       0
       0
       0
       0
       0
       0
       0
       0
       0
       0
       0
       0
       0
       0
       0
       0
       0
       0
       0
       0
       0
       1
       0
       1
       0
       0
       0
       0
       0
       0
       0
       0
       0
       0
       1
       0
       0
       0
       0
       0
       0
       0
       0
       0
       0
       0
       0
       0
       0
       0
       0
       0
       0
       0
       0
       0
       0
       0
       0
       0
       0
       0
       0
       0
       0
       1
       0
       0
       0
       0
       0
       0
       0
       0
       1
       0
       0
       0
       0
       0
       0
       0
       0
       0
       1
       0
       0
       0
       0
       0
       0
       0
       0
       1
       1
       0
       0
       0
       1
       0
       0
       0
       0
       0
       0
       0
       0
       0
       1
       0
       0
       0
       0
       0
       0
       0
       0
       0
       0
       0
       0
       0
       0
       0
       0
       0
       0
       0
       0
       0
       0
       0
       0
       0
       0
       0
       0
       0
       0
       0
       0
       1
       0
       0
       0
       0
       0
       0
       1
       1
       0
       0
       0
       0
       0
       0
       0
       0
       0
       0
       0
       0
       1
       0
       0
       1
       0
       0
       0
       1
       0
       0
       0
       1
       0
       0
       0
       0
       0
       0
       0
       0
       0
       0
       0
       0
       0
       0
       0
       2
       0
       0
       0
       1
       0
       0
       0
       0
       0
       0
       0
       0
       0
       0
       0
       0
       1
       0
       0
       0
       0
       0
       0
       0
       0
       0
       0
       0
       0
       0
       0
       0
       0
       0
       0
       0
       0
       0
       2
       0
       0
       0
       0
       0
       0
       0
       0
       1
       1
       0
       1
       0
       0
       0
       0
       0
       0
       0
       0
       0
       1
       1
       0
       0
       0
       1
       1
       0
       0
       0
       0
       0
       0
       0
       0
       0
       0
       0
       1
       0
       0
       0
       1
       1
       0
       0
       3
       1
       3
       1
       2
       0
       1
       2
       1
       0
       0
       0
       0
       0
       0
       0
       0
       0
       0
       0
       0
       0
       0
       0
       1
       0
       0
       0
       0
       0
       0
       0
       1
       0
       0
       0
       0
       0
       0
       0
       0
       0
       0
       0
       1
       0
       0
       0
       0
       0
       0
       1
       0
       0
       0
       0
       0
       0
       0
       1
       0
       0
       0
       0
       0
       0
       0
       0
       0
       0
       0
       0
       1
       1
       0
       0
       0
       0
       0
       0
       0
       0
       0
       0
       0
       0
       0
       0
       0
       0
       0
       0
       0
       0
       0
       0
       0
       0
       0
       0
       0
       0
       0
       0
       0
       1
       0
       0
       1
       0
       0
       0
       0
       0
       0
       0
       0
       0
       0
       0
       0
       0
       0
       0
       0
       0
       0
       1
       0
       0
       1
       0
       0
       0
       0
       0
       0
       0
       0
       0
       0
       0
       0
       0
       0
       0
       0
       0
       0
       0
       0
       1
       0
       0
       2
       0
       1
       0
       0
       0
       0
       0
       0
       0
       0
       0
       0
       0
       0
       0
       0
       0
       0
       0
       0
       0
       0
       0
       0
       0
       0
       1
       0
       0
       0
       0
       0
       0
       0
       0
       0
       0
       0
       0
       0
       1
       0
       0
       0
       0
       0
       0
       0
       0
       0
       0
       0
       0
       0
       0
       0
       0
       0
       1
       1
       1
       0
       1
       1
       0
       0
       0
       0
       2
       0
       0
       1
       1
       0
       0
       0
       0
       0
       0
       0
       1
       0
       0
       0
       0
       0
       0
       0
       0
       0
       0
       0
       0
       0
       0
       0
       0
       0
       0
       0
       0
       1
       0
       0
       0
       0
       0
       0
       0
       0
       0
       0
       0
       0
       0
       0
       0
       0
       1
       0
       0
       0
       0
       0
       1
       0
       0
       0
       0
       0
       0
       0
       0
       0
       0
       0
       0
       0
       0
       0
       0
       0
       0
       0
       0
       0
       0
       0
       0
       0
       0
       0
       0
       0
       0
       1
       0
       0
       0
       0
       0
       0
       0
       0
       0
       0
       0
       0
       0
       0
       0
       0
       0
       0
       0
       0
       0
       0
       0
       0
       0
       0
       0
       0
       0
       0
       0
       0
       0
       0
       0
       0
       0
       0
       0
       0
       0
       0
       0
       0
       0
       0
       0
       0
       0
       0
       0
       1
       0
       0
       0
       0
       0
       0
       0
       0
       0
       0
       0
       0
       0
       0
       0
       0
       0
       0
       0
       0
       0
       0
       0
       0
       0
       0
       0
       0
       0
       0
       0
       0
       0
       0
       0
       0
       0
       0
       0
       0
       1
       0
       0
       0
       0
       0
       0
       0
       0
       0
       0
       0
       0
       0
       1
       0
       0
       0
       0
       0
       0
       0
       0
       0
       0
       0
       0
       0
       0
       0
       0
       0
       0
       0
       1
       0
       0
       0
       0
       0
       1
       1
       0
       0
       0
       0
       0
       0
       0
       0
       1
       0
       0
       0
       0
       0
       0
       0
       0
       0
       0
       0
       0
       0
       0
       0
       0
       0
       0
       0
       0
       0
       0
       0
       0
       0
       0
       0
       0
       0
       0
       0
       1
       1
       0
       0
       0
       0
       0
       0
       0
       0
       0
       0
       0
       0
       0
       0
       0
       0
       0
       0
       0
       1
       0
       0
       0
       0
       0
       0
       0
       0
       0
       1
       0
       1
       0
       0
       0
       0
       0
       0
       0
       0
       0
       0
       0
       0
       0
       0
       0
       0
       0
       0
       0
       0
       0
       0
       0
       0
       0
       0
       0
       0
       0
       0
       0
       0
       0
       0
       0
       0
       0
       1
       0
       0
       0
       0
       0
       0
       0
       0
       0
       0
       1
       0
       0
       0
       1
       0
       0
       0
       0
       0
       0
       0
       0
       0
       0
       0
       0
       0
       0
       0
       0
       0
       0
       0
       0
       0
       0
       0
       0
       1
       0
       0
       0
       0
       0
       0
       0
       0
       0
       0
       0
       0
       0
       0
       0
       0
       0
       0
       0
       0
       0
       0
       0
       0
       0
       0
       0
       0
       0
       0
       0
       0
       0
       0
       0
       1
       0
       0
       0
       0
       1
       0
       0
       0
       0
       0
       0
       0
       0
       0
       0
       0
       0
       0
       0
       0
       0
       0
       0
       0
       0
       0
       1
       0
       0
       1
       0
       0
       0
       0
       0
       0
       0
       0
       0
       0
       0
       0
       0
       0
       0
       0
       0
       0
       0
       0
       0
       0
       0
       0
       0
       0
       1
       0
       0
       0
       0
       0
       0
       0
       0
       0
       0
       0
       0
       0
       0
       0
       0
       0
       0
       0
       0
       0
       0
       0
       0
       0
       0
       0
       0
       0
       0
       0
       0
       0
       0
       0
       0
       1
       0
       0
       0
       0
       0
       0
       0
       1
       0
       0
       0
       0
       0
       0
       0
       0
       0
       0
       0
       0
       0
       0
       0
       0
       0
       0
       0
       0
       0
       0
       0
       0
       0
       0
       0
       0
       1
       0
       0
       0
       0
       0
       1
       0
       0
       0
       0
       0
       0
       0
       2
       0
       0
       0
       0
       1
       0
       0
       0
       0
       0
       0
       0
       0
       0
       0
       0
       0
       0
       0
       0
       0
       0
       0
       0
       0
       0
       0
       0
       0
       0
       0
       0
       0
       0
       0
       0
       0
       0
       0
       0
       0
       0
       0
       0
       0
       0
       0
       1
       0
       1
       0
       0
       1
       0
       0
       0
       0
       0
       0
       0
       0
       0
       0
       0
       0
       0
       0
       1
       0
       0
       0
       0
       0
       0
       0
       0
       0
       0
       0
       0
       0
       0
       0
       0
       0
       0
       0
       0
       1
       0
       0
       0
       1
       0
       0
       2
       0
       0
       0
       0
       0
       0
       0
       0
       0
       0
       0
       0
       2
       0
       0
       0
       0
       0
       0
       0
       0
       1
       0
       0
       0
       0
       0
       0
       0
       0
       1
       0
       0
       0
       0
       0
       0
       0
       0
       0
       0
       0
       0
       0
       0
       0
       0
       0
       0
       0
       0
       1
       0
       0
       0
       0
       0
       0
       0
       0
       0
       0
       0
       0
       0
       1
       0
       0
       0
       0
       0
       0
       0
       0
       0
       0
       0
       0
       0
       0
       0
       0
       1
       0
       0
       0
       0
       0
       0
       0
       0
       0
       0
       0
       0
       0
       0
       0
       0
       0
       0
       0
       0
       0
       0
       0
       0
       0
       1
       0
       0
       0
       0
       0
       0
       0
       0
       0
       0
       0
       0
       0
       0
       0
       0
       0
       0
       0
       0
       0
       0
       0
       0
       0
       0
       0
       0
       0
       0
       0
       0
       0
       0
       0
       0
       0
       0
       0
       0
       0
       0
       0
       0
       0
       0
       1
       0
       0
       0
       0
       0
       0
       0
       1
       0
       0
       0
       0
       0
       0
       0
       0
       0
       0
       0
       0
       0
       0
       0
       0
       0
       0
       0
       0
       0
       1
       0
       0
       0
       0
       0
       0
       0
       0
       1
       0
       0
       0
       0
       0
       0
       0
       0
       0
       0
       0
       0
       1
       0
       0
       0
       0
       0
       1
       0
       0
       0
       0
       0
       0
       0
       0
       0
       0
       0
       0
       0
       0
       0
       0
       0
       0
       0
       2
       0
       0
       0
       0
       0
       0
       0
       0
       0
       0
       0
       0
       0
       0
       0
       0
       0
       0
       0
       0
       1
       0
       1
       0
       0
       0
       1
       0
       0
       0
       0
       0
       0
       0
       0
       0
       0
       0
       0
       0
       0
       0
       0
       0
       0
       0
       0
       0
       0
       0
       0
       0
       0
       0
       0
       0
       0
       0
       0
       0
       0
       0
       0
       0
       0
       0
       0
       0
       0
       0
       0
       0
       0
       0
       0
       0
       0
       0
       0
       0
       0
       0
       1
       0
       0
       0
       0
       0
       0
       0
       0
       0
       0
       0
       0
       0
       0
       0
       0
       0
       0
       0
       0
       0
       0
       0
       0
       0
       0
       0
       1
       0
       0
       0
       0
       0
       0
       0
       0
       0
       0
       0
       0
       0
       0
       0
       0
       0
       0
       0
       0
       0
       0
       0
       0
       0
       0
       0
       0
       1
       0
       0
       0
       0
       0
       0
       0
       0
       0
       1
       0
       0
       0
       0
       0
       0
       0
       0
       0
       0
       0
       0
       0
       0
       0
       0
       0
       0
       0
       0
       0
       0
       0
       0
       1
       0
       1
       0
       0
       0
       0
       0
       0
       0
       0
       0
       0
       0
       0
       0
       0
       0
       0
       0
       0
       0
       0
       0
       0
       0
       0
       0
       0
       0
       0
       0
       1
       0
       0
       0
       0
       0
       0
       0
       0
       0
       0
       0
       0
       0
       0
       0
       0
       0
       0
       0
       0
       0
       0
       0
       0
       0
       0
       0
       0
       0
       0
       0
       0
       0
       1
       0
       0
       0
       0
       0
       0
       0
       0
       0
       0
       0
       0
       0
       0
       0
       0
       0
       0
       0
       0
       0
       0
       0
       0
       0
       0
       0
       0
       0
       0
       0
       0
       0
       0
       0
       0
       0
       0
       0
       0
       0
       0
       0
       0
       0
       0
       0
       0
       0
       0
       0
       0
       0
       0
       0
       0
       0
       0
       0
       0
       0
       0
       0
       0
       1
       0
       0
       0
       0
       0
       0
       0
       0
       0
       0
       0
       0
       0
       0
       0
       0
       0
       0
       0
       0
       0
       1
       0
       0
       0
       0
       0
       1
       0
       0
       0
       0
       0
       0
       0
       0
       0
       0
       0
       0
       0
       0
       0
       0
       0
       0
       0
       0
       0
       0
       0
       0
       0
       0
       0
       0
       0
       0
       0
       0
       0
       0
       0
       0
       0
       0
       0
       0
       0
       0
       0
       0
       0
       0
       0
       0
       0
       0
       0
       0
       0
       0
       0
       0
       0
       0
       0
       0
       0
       0
       0
       0
       0
       0
       0
       0
       0
       0
       0
       0
       0
       1
       0
       0
       0
       0
       0
       0
       0
       0
       0
       0
       0
       1
       0
       0
       0
       0
       1
       0
       0
       0
       1
       0
       0
       0
       0
       0
       0
       0
       0
       1
       0
       0
       0
       0
       0
       0
       0
       0
       0
       0
       0
       0
       0
       0
       0
       0
       0
       0
       0
       0
       0
       0
       0
       0
       0
       0
       0
       0
       0
       0
       0
       0
       0
       0
       0
       0
       0
       0
       0
       0
       0
       0
       0
       0
       0
       0
       1
       0
       0
       0
       0
       0
       0
       0
       0
       0
       0
       0
       0
       0
       0
       1
       0
       0
       0
       0
       0
       0
       0
       0
       0
       0
       0
       0
       0
       1
       0
       0
       0
       0
       0
       0
       0
       0
       0
       0
       0
       0
       0
       1
       0
       0
       0
       0
       0
       0
       0
       0
       0
       0
       1
       0
       0
       0
       1
       0
       0
       0
       0
       0
       0
       0
       0
       0
       0
       0
       0
       0
       0
       0
       0
       0
       0
       0
       0
       0
       0
       0
       0
       0
       0
       0
       0
       0
       1
       0
       0
       0
       0
       0
       0
       0
       0
       0
       0
       0
       0
       0
       0
       0
       0
       0
       0
       0
       0
       0
       0
       0
       0
       0
       0
       0
       0
       0
       0
       0
       0
       0
       0
       0
       0
       0
       0
       0
       0
       0
       0
       0
       0
       0
       0
       0
       0
       0
       0
       0
       0
       0
       0
       0
       0
       0
       0
       0
       0
       0
       0
       0
       0
       0
       0
       0
       0
       0
       0
       0
       0
       0
       0
       0
       0
       0
       0
       0
       0
       0
       0
       0
       0
       0
       0
       0
       0
       0
       0
       0
       0
       0
       0
       0
       0
       0
       0
       0
       0
       0
       0
       0
       0
       0
       0
       0
       0
       0
       0
       0
       0
       0
       0
       1
       0
       0
       0
       0
       0
       0
       0
       0
       0
       0
       0
       0
       0
       0
       0
       0
       0
       0
       0
       0
       0
       0
       0
       0
       0
       0
       0
       0
       0
       0
       0
       0
       0
       0
       0
       0
       0
       0
       0
       0
       0
       0
       0
       0
       0
       0
       0
       0
       0
       0
       0
       0
       0
       0
       0
       0
       0
       0
       0
       1
       0
       0
       0
       0
       1
       0
       0
       0
       0
       0
       0
       0
       0
       0
       0
       0
       0
       0
       0
       0
       0
       0
       0
       0
       0
       0
       0
       0
       0
       1
       0
       0
       0
       0
       0
       0
       0
       0
       0
       0
       0
       0
       1
       0
       0
       0
       0
       0
       0
       0
       0
       0
       0
       0
       0
       0
       0
       0
       0
       0
       0
       0
       0
       0
       0
       0
       0
       0
       0
       0
       0
       0
       0
       0
       0
       0
       0
       0
       0
       0
       0
       0
       0
       0
       0
       0
       0
       0
       0
       0
       0
       0
       0
       0
       0
       0
       0
       0
       0
       0
       0
       0
       0
       0
       0
       0
       0
       0
       0
       0
       0
       0
       0
       0
       0
       0
       0
       0
       0
       0
       0
       0
       0
       0
       0
       0
       0
       0
       0
       0
       0
       0
       0
       0
       0
       0
       0
       0
       0
       0
       0
       0
       0
       0
       0
       0
       0
       0
       0
       0
       0
       0
       0
       0
       0
       0
       0
       0
       0
       0
       0
       0
       0
       0
       0
       0
       0
       0
       0
       0
       0
       0
       0
       0
       0
       0
       0
       0
       0
       0
       0
       0
       0
       0
       0
       0
       0
       0
       0
       0
       0
       1
       0
       0
       0
       0
       0
       0
       0
       0
       0
       0
       0
       0
       0
       0
       0
       0
       0
       0
       0
       0
       0
       0
       0
       0
       0
       0
       0
       0
       0
       0
       0
       0
       0
       0
       0
       0
       0
       0
       0
       0
       0
       0
       0
       0
       0
       0
       0
       0
       0
       0
       0
       0
       0
       0
       0
       0
       0
       0
       0
       0
       0
       0
       0
       0
       0
       0
       0
       0
       0
       0
       0
       0
       0
       0
       0
       0
       0
       0
       0
       0
       0
       0
       0
       0
       0
       0
       0
       0
       0
       0
       0
       0
       0
       0
       0
       0
       0
       0
       0
       0
       0
       0
       0
       0
       0
       0
       0
       0
       0
       0
       0
       0
       0
       0
       0
       0
       0
       0
       0
       0
       0
       0
       0
       0
       0
       0
       0
       0
       0
       1
       0
       1
       0
       3
       6
       1
       2
       0
       1
       0
       0
       0
       0
       0
       0
       0
       0
       0
       0
       0
       0
       0
       0
       0
       0
       0
       0
       0
       0
       0
       0
       0
       0
       0
       0
       0
       0
       0
       0
       0
       0
       0
       0
       0
       0
       0
       0
       0
       0
       0
       0
       0
       0
       0
       0
       0
       0
       0
       0
       0
       0
       0
       0
       0
       0
       0
       0
       0
       0
       0
       0
       0
       0
       0
       0
       0
       0
       0
       0
       0
       0
       0
       0
       0
       0
       0
       0
       0
       0
       0
       0
       0
       0
       0
       0
       0
       0
       0
       0
       0
       0
       0
       0
       0
       0
       0
       0
       0
       0
       0
       0
       0
       0
       0
       0
       0
       0
       0
       0
       0
       0
       0
       0
       0
       0
       0
       0
       0
       0
       0
       0
       0
       0
       0
       0
       0
       0
       0
       0
       0
       0
       0
       0
       0
       0
       0
       0
       0
       0
       0
       0
       0
       0
       0
       0
       0
       0
       0
       0
       0
       0
       0
       0
       0
       0
       0
       0
       0
       0
       0
       0
       0
       0
       0
       0
       0
       0
       0
       0
       0
       0
       0
       0
       0
       0
       0
       0
       0
       0
       0
       0
       0
       0
       0
       0
       0
       0
       0
       0
       0
       0
       0
       0
       0
       0
       0
       0
       0
       0
       0
       0
       0
       0
       0
       0
       0
       0
       0
       0
       0
       0
       0
       0
       0
       0
       0
       0
       0
       0
       0
       0
       0
       0
       0
       0
       0
       0
       0
       0
       0
       0
       0
       0
       0
       0
       0
       0
       0
       0
       0
       0
       0
       0
       0
       0
       0
       0
       0
       0
       0
       0
       0
       0
       0
       0
       0
       0
       0
       0
       0
       0
       0
       0
       0
       1
       1
       0
       0
       0
       0
       0
       0
       0
       0
       0
       0
       0
       0
       0
       0
       0
       0
       0
       0
       0
       0
       0
       0
       0
       0
       0
       0
       0
       0
       0
       0
       0
       0
       0
       0
       0
       0
       0
       0
       0
       0
       0
       0
       0
       0
       0
       0
       0
       0
       0
       0
       0
       0
       0
       0
       0
       0
       0
       0
       0
       0
       0
       0
       0
       0
       0
       0
       0
       0
       0
       0
       0
       0
       0
       0
       0
       0
       0
       0
       0
       0
       0
       0
       0
       0
       0
       0
       0
       0
       0
       0
       0
       0
       0
       0
       0
       0
       0
       0
       0
       0
       0
       0
       0
       0
       0
       0
       0
       0
       0
       0
       0
       0
       0
       0
       0
       0
       0
       0
       0
       0
       0
       0
       0
       0
       0
       0
       0
       0
       0
       0
       0
       0
       0
       0
       0
       0
       0
       0
       0
       0
       0
       0
       0
       0
       0
       0
       0
       0
       0
       0
       0
       0
       0
       0
       0
       0
       0
       0
       0
       0
       0
       0
       0
       0
       0
       0
       0
       0
       0
       0
       0
       0
       0
       0
       0
       0
       0
       0
       0
       0
       0
       0
       0
       0
       0
       0
       0
       0
       0
       0
       0
       0
       0
       0
       0
       0
       0
       0
       0
       0
       0
       0
       0
       0
       0
       0
       0
       0
       0
       0
       0
       0
       0
       0
       0
       0
       0
       0
       0
       0
       0
       0
       0
       0
       0
       0
       0
       0
       0
       0
       0
       0
       0
       0
       0
       0
       1
       0
       0
       0
       0
       0
       0
       0
       0
       0
       0
       0
       0
       0
       0
       0
       0
       0
       0
       0
       0
       0
       0
       0
       0
       0
       0
       0
       0
       0
       0
       0
       0
       0
       0
       0
       0
       0
       0
       0
       0
       0
       0
       0
       0
       0
       0
       0
       0
       0
       0
       0
       0
       0
       0
       0
       0
       0
       0
       0
       0
       0
       0
       0
       0
       0
       0
       0
       0
       0
       0
       0
       0
       0
       0
       0
       0
       0
       0
       0
       0
       0
       0
       0
       1
       0
       0
       0
       0
       0
       0
       0
       0
       0
       0
       0
       0
       0
       0
       0
       0
       0
       0
       0
       0
       0
       0
       0
       0
       0
       0
       0
       0
       0
       0
       0
       0
       0
       0
       0
       0
       0
       0
       0
       0
       0
       0
       0
       0
       0
       0
       0
       0
       0
       0
       0
       0
       0
       0
       0
       0
       0
       0
       0
       0
       0
       0
       0
       0
       0
       0
       0
       0
       0
       0
       0
       0
       0
       0
       0
       0
       0
       0
       0
       0
       0
       0
       0
       0
       0
       0
       0
       0
       0
       0
       0
       0
       0
       0
       0
       0
       0
       0
       0
       0
       0
       0
       0
       0
       0
       0
       0
       0
       0
       0
       0
       0
       0
       0
       0
       0
       0
       0
       0
       0
       0
       0
       0
       0
       0
       0
       0
       0
       0
       0
       0
       0
       0
       0
       0
       0
       0
       0
       0
       0
       0
       0
       0
       0
       0
       0
       0
       0
       0
       0
       0
       0
       0
       0
       0
       0
       0
       0
       0
       0
       0
       0
       0
       0
       0
       0
       0
       0
       0
       0
       0
       0
       0
       0
       0
       0
       0
       0
       0
       0
       0
       0
       0
       0
       0
       0
       0
       0
       0
       0
       0
       0
       0
       0
       0
       0
       0
       0
       0
       0
       0
       0
       0
       0
       0
       0
       0
       0
       0
       0
       0
       0
       0
       0
       0
       0
       0
       0
       0
       0
       0
       0
       0
       0
       0
       0
       0
       0
       0
       0
       0
       0
       0
       0
       0
       0
       0
       0
       0
       0
       0
       0
       0
       0
       0
       0
       0
       0
       0
       0
       0
       0
       0
       0
       0
       0
       0
       0
       0
       0
       0
       0
       0
       0
       0
       0
       0
       0
       0
       0
       0
       0
       0
       0
       0
       0
       0
       0
       0
       0
       0
       0
       0
       0
       0
       0
       0
       0
       0
       0
       0
       0
       0
       0
       0
       0
       0
       0
       0
       0
       0
       0
       0
       0
       0
       0
       0
       0
       0
       0
       0
       0
       0
       0
       0
       0
       0
       0
       0
       0
       0
       0
       0
       0
       0
       0
       0
       0
       0
       0
       0
       0
       0
       0
       0
       0
       0
       0
       0
       0
       0
       0
       0
       0
       0
       0
       0
       0
       0
       0
       0
       0
       0
       0
       0
       0
       0
       0
       0
       0
       0
       0
       0
       0
       0
       0
       0
       0
       0
       0
       0
       0
       0
       0
       0
       0
       0
       0
       0
       0
       0
       0
       0
       0
       0
       0
       0
       0
       0
       0
       0
       0
       0
       0
       0
       0
       0
       0
       0
       0
       0
       0
       0
       0
       0
       0
       0
       0
       0
       0
       0
       0
       0
       0
       0
       0
       0
       0
       0
       0
       0
       0
       0
       0
       0
       0
       0
       0
       0
       0
       0
       0
       0
       0
       0
       0
       0
       0
       0
       0
       0
       0
       0
       0
       0
       0
       0
       0
       0
       0
       0
       0
       0
       0
       0
       0
       0
       0
       0
       0
       0
       0
       0
       0
       0
       0
       0
       0
       0
       0
       0
       0
       0
       0
       0
       0
       0
       0
       0
       0
       0
       0
       0
       0
       0
       0
       0
       0
       0
       0
       0
       0
       0
       0
       0
       0
       0
       0
       0
       0
       0
       0
       0
       0
       0
       0
       0
       0
       0
       0
       0
       0
       0
       0
       0
       0
       0
       0
       0
       0
       0
       0
       0
       0
       0
       0
       0
       0
       0
       0
       0
       0
       0
       0
       0
       0
       0
       0
       0
       0
       0
       0
       0
       0
       0
       0
       0
       0
       0
       0
       0
       0
       0
       0
       0
       0
       0
       0
       0
       0
       0
       0
       0
       0
       0
       0
       0
       0
       0
       0
       0
       0
       0
       0
       0
       0
       0
       0
       0
       0
       0
       0
       0
       0
       0
       0
       0
       0
       0
       0
       0
       0
       0
       0
       0
       0
       0
       0
       0
       0
       0
       0
       0
       0
       0
       0
       0
       0
       0
       0
       0
       0
       0
       0
       0
       0
       0
       0
       0
       0
       0
       0
       0
       0
       0
       0
       0
       0
       0
       0
       0
       0
       0
       0
       0
       0
       0
       0
       0
       0
       0
       0
       0
       0
       0
       0
       0
       0
       0
       0
       0
       0
       0
       0
       0
       0
       0
       0
       0
       0
       0
       0
       0
       0
       0
       0
       0
       0
       0
       0
       0
       0
       0
       0
       0
       0
       0
       0
       0
       0
       0
       0
       0
       0
       0
       0
       0
       0
       0
       0
       0
       0
       0
       0
       0
       0
       0
       0
       0
       0
       0
       0
       0
       0
       0
       0
       0
       0
       0
       0
       0
       0
       0
       0
       0
       0
       0
       0
       0
       0
       0
       0
       0
       0
       0
       0
       0
       0
       0
       0
       0
       0
       0
       0
       0
       0
       0
       0
       0
       0
       0
       0
       0
       0
       0
       0
       0
       0
       0
       0
       0
       0
       0
       0
       0
       0
       0
       0
       0
       0
       0
       0
       0
       0
       0
       0
       0
       0
       0
       0
       0
       0
       0
       0
       0
       0
       0
       0
       0
       0
       0
       0
       0
       0
       0
       0
       0
       0
       0
       0
       0
       0
       0
       0
       0
       0
       0
       0
       0
       0
       0
       0
       0
       0
       0
       0
       0
       0
       0
       0
       0
       0
       0
       0
       0
       0
       0
       0
       0
       0
       0
       0
       0
       0
       0
       0
       0
       0
       0
       0
       0
       0
       0
       0
       0
       0
       0
       0
       0
       0
       0
       0
       0
       0
       0
       0
       0
       0
       0
       0
       0
       0
       0
       0
       0
       0
       0
       0
       0
       0
       0
       0
       0
       0
       0
       0
       0
       0
       0
       0
       0
       0
       0
       0
       0
       0
       0
       0
       0
       0
       0
       0
       0
       0
       0
       0
       0
       0
       0
       0
       0
       0
       0
       0
       0
       0
       0
       0
       0
       0
       0
       0
       0
$ROI:
0
$PRESETS:
Real Time
180
0
$ENER_FIT:
0.888569 0.390988
$MCA_CAL:
3
8.885689E-001 3.909876E-001 3.191953E-008 keV
$SHAPE_CAL:
3
0.000000E+000 0.000000E+000 0.000000E+000
