$SPEC_ID:
1
$SPEC_REM:
DET# 2
DETDESC# MCB 130 Normal
AP# Maestro Version 7.01
$DATE_MEA:
09/12/2019 16:09:09
$MEAS_TIM:
178 180
$DATA:
0 8191
       0
       0
       0
       0
       0
       0
       0
       0
       0
       0
       0
       0
       0
       0
       0
       0
       0
       0
       0
       0
       0
       0
       0
       0
       0
       0
      13
     248
      74
      38
      44
      65
     103
     157
     185
     108
      60
      62
      68
      78
      75
     115
     108
     147
     167
     130
      52
      35
      75
      70
      46
      74
      68
      68
      73
      54
      46
      53
      50
      80
      87
      46
      51
      51
      50
      59
      37
      56
      65
      45
      61
      60
      58
      52
      49
      52
      52
      49
      45
      39
      53
      48
      49
      46
      57
      44
      36
      52
      51
      62
      63
      47
      44
      46
      35
      36
      43
      51
      64
      49
      60
      60
      53
      63
      46
      52
      39
      46
      54
      32
      39
      53
      59
      48
      44
      61
      46
      63
      54
      45
      55
      44
      44
      52
      53
      51
      57
      60
      63
      59
      57
      76
      70
      70
      63
      64
      52
      66
      50
      53
      82
      53
      55
      62
      77
      85
      66
      63
      74
      66
      82
      85
      61
      67
      91
      85
      97
      84
      68
      73
      73
      76
      83
      71
      73
      95
      71
      76
      74
      74
      80
      91
      88
      86
      88
      91
      97
      82
      79
      85
      83
      91
      95
     107
      97
      95
      92
     117
     119
     125
     127
     130
     102
      95
     115
     101
      92
     113
     106
     112
     111
     103
     109
     107
     125
      87
     103
     101
     101
      97
     102
      93
     108
     131
     125
     135
     145
     125
     133
     110
     150
     147
     114
     130
     120
     126
     111
     109
     108
     115
     102
     126
     105
      98
     133
     150
     130
     114
     120
     112
     124
     130
     114
     128
     109
     133
     123
     127
     120
     115
     143
     201
     290
     363
     294
     171
     121
     114
      96
     105
     114
     138
     238
     430
     488
     347
     186
     132
     232
     481
     596
     403
     187
     105
      90
      85
      89
      98
      93
     106
      98
     100
      95
      97
      88
      78
      91
      92
      75
      86
      88
      86
     103
      81
     109
     123
     150
     159
     179
     161
     120
      98
      91
      84
      91
      96
     121
     116
     111
     131
     112
     103
      97
      87
      85
      88
     101
      80
      72
      83
      77
      89
     107
      82
      76
      81
      72
      77
      87
      80
      93
      87
      88
      96
      69
      83
      73
      82
      80
      77
      84
      88
      68
      81
      79
      80
      80
      86
      69
      72
      72
      71
      79
      83
      81
      57
      60
     106
      93
      77
      85
      70
      79
      58
      69
      60
      64
      67
      77
      64
      85
      70
      62
      67
      75
      71
      73
      69
      73
      66
      79
      56
      73
      68
      62
      84
     108
      73
      72
      78
      78
      65
      67
      71
      70
      70
      50
      64
      61
      76
      66
      59
      68
      63
      52
      57
      65
      49
      74
      49
      50
      62
      70
      60
      63
      55
      58
      73
      51
      57
      64
      65
      66
      64
      61
      58
      52
      52
      60
      57
      63
      49
      58
      50
      59
      45
      48
      54
      43
      50
      55
      55
      58
      54
      49
      46
      56
      54
      58
      52
      53
      41
      57
      59
      35
      38
      56
      46
      46
      60
      40
      54
      48
      47
      50
      44
      37
      44
      62
      36
      44
      35
      48
      44
      64
      47
      48
      40
      36
      42
      36
      55
      35
      46
      52
      44
      48
      44
      44
      32
      29
      41
      52
      46
      38
      45
      32
      44
      50
      56
      37
      51
      44
      57
      43
      60
      48
      48
      34
      50
      42
      36
      45
      42
      39
      42
      43
      39
      44
      32
      51
      50
      52
      32
      28
      38
      38
      31
      36
      32
      44
      40
      35
      45
      54
      70
      75
      42
      43
      46
      48
      44
      33
      34
      41
      38
      34
      38
      37
      42
      46
      46
      28
      31
      30
      32
      30
      48
      31
      37
      30
      19
      32
      44
      31
      31
      44
      27
      26
      28
      34
      28
      31
      27
      27
      41
      20
      26
      36
      30
      46
      79
     161
     164
     109
      75
      33
      28
      32
      25
      36
      44
      27
      27
      25
      42
      35
      23
      33
      32
      24
      41
      31
      44
      35
      22
      39
      30
      48
      37
      34
      42
      27
      28
      24
      33
      41
      34
      29
      32
      18
      25
      26
      30
      25
      20
      30
      28
      33
      34
      32
      24
      28
      23
      28
      31
      38
      70
      94
      73
      47
      28
      25
      26
      26
      28
      25
      26
      24
      28
      33
      33
      22
      25
      23
      34
      15
      27
      30
      25
      19
      26
      26
      21
      24
      24
      26
      10
      16
      27
      19
      27
      29
      23
      25
      23
      24
      32
      23
      22
      27
      22
      31
      23
      16
      17
      19
      16
      25
      22
      27
      26
       9
      21
      17
      23
      14
      19
      13
      27
      29
      18
      17
      17
      16
      24
      28
      40
     106
     138
     143
      91
      33
      15
      15
      15
      20
      25
      21
      14
      16
      15
      17
      12
      22
      18
      17
      18
      21
      24
      32
      19
      23
      20
      19
      18
      16
      22
      21
      25
      19
      11
      25
      17
      19
      21
      21
      23
      18
      24
      41
      20
      21
      29
      39
      32
      40
      29
      24
      21
      22
      28
      45
      59
      36
      29
      25
      24
      16
      15
      21
      16
      16
      14
      22
      16
      17
      16
      14
      16
      22
       9
      20
      13
      18
      11
      22
      19
      27
      29
      27
      14
      14
      16
      16
      14
      15
      13
      11
      12
      19
      12
      12
      18
      21
      15
      16
      33
      44
      51
      39
      23
      17
      15
      20
      17
      19
      21
      17
      11
      12
       8
      18
      10
      17
      18
      14
      16
       8
      12
      13
       7
      17
       7
      10
       5
      12
      17
      15
      14
      19
      11
      12
      12
      10
      13
       9
      18
      16
      16
      11
      18
      13
      16
      25
      17
      28
      15
      13
      14
      21
       9
       9
      21
      19
      13
      13
      12
      13
      10
      10
      14
      11
      12
      17
       9
      10
      13
      15
      23
      20
      14
       8
      15
      23
      24
      12
       9
       9
       7
      11
      13
       9
      13
      12
      11
      20
      15
      19
      25
      33
      36
      22
      10
       7
      12
       6
      19
      13
      12
      13
      13
       5
      12
      12
      12
      11
      17
      11
      17
       8
       8
      13
      13
      10
      11
      10
       8
      13
       7
      12
      17
      16
      15
      10
       3
      13
      18
      11
      15
       9
       9
      11
      12
       5
      12
       8
      10
       3
      11
      19
       9
       7
       9
      11
      10
       8
      10
      10
       7
      18
      10
      10
       8
       7
      14
      10
      17
      10
      10
       9
       9
      11
      12
      14
       8
      13
       8
      10
       8
       3
      11
       9
      12
       8
       8
       6
       9
      15
      10
       7
      15
       2
       8
      13
       8
       5
      15
      12
       6
       6
       8
       5
      17
       5
      17
       7
       6
       8
      11
       9
       7
       7
       7
      11
      11
      14
       8
       9
       6
       5
      10
       4
       9
      11
      10
       3
      10
       7
      10
       6
      11
      11
       9
       9
       5
      10
       9
       5
       7
       8
      12
       9
      10
       8
       9
       9
       8
       5
      12
       9
       7
       7
      12
      11
       3
       9
       8
       7
       5
      13
       8
       4
      10
       9
       6
       8
       6
      10
       6
       8
       6
       7
       8
       8
       2
       5
       8
       4
       7
       6
       9
       8
       5
      10
       9
      11
       8
       7
       9
      10
       7
      10
       9
       9
       5
      10
       7
       3
      11
       4
       7
       2
       6
       5
      10
       3
       5
       4
       8
      11
       9
       3
       2
       5
       9
       7
       6
       9
       8
       5
       5
       8
       8
       9
       6
      10
       7
       5
       5
       9
      10
       4
       7
       4
      15
       8
       9
       8
       1
       8
       6
       6
       8
       9
      10
      11
       4
       9
       6
      10
      12
       9
       1
       5
       8
      15
       7
      11
       8
       4
       6
       8
       4
       5
      17
       2
       8
       5
      12
       6
       5
       2
       3
       7
      11
       8
       9
       6
       4
       7
       6
       8
       7
       7
       5
      11
       8
       7
       8
       4
       8
       7
      11
       3
      11
      18
      14
      24
       9
       7
      13
       4
       7
       4
       5
       8
      11
       7
       5
      10
       6
       9
       7
      10
       3
       7
      11
       7
       3
      13
       4
       8
       8
       9
       5
       9
       6
       5
       5
       8
       5
      14
       7
      12
       9
       6
       6
       5
       7
       4
       5
       6
       5
       4
       5
       7
       3
       8
       4
       7
       5
      10
      10
       7
       3
       8
       4
       7
       5
       5
       4
       7
       1
       7
       5
       5
       2
       9
       9
       7
      17
      13
      11
      14
       4
       3
       6
      10
       4
       7
      10
       6
       7
       6
      11
       8
      11
       8
       3
       4
       6
       4
       5
      10
       9
       5
       7
       3
       1
       7
       4
       9
       3
       7
       8
       8
      12
      15
       4
      11
       5
       9
       6
       7
       8
       7
       9
       4
       3
       4
       3
       5
       5
       8
       7
       2
       5
       6
       5
       5
       6
       4
       1
       6
       4
       5
       8
       3
       5
       4
       3
       3
       4
       7
       7
       5
      12
      11
       9
       6
       5
       7
       8
      19
      21
      23
      22
      16
       5
       8
       7
       4
       5
       8
       5
       7
       3
       2
       8
       5
       7
       6
       5
       5
       5
       9
       4
       3
       4
       4
       5
       7
       6
       5
       3
       7
       4
       8
       8
       2
       2
       4
       9
       7
       4
       6
       7
       9
       4
      10
       8
       5
       1
       8
       4
       7
       2
       6
       5
       4
       3
       5
       2
       3
       8
       2
       7
       7
       5
      22
      25
      22
      20
       9
       6
       7
       2
       4
      12
       6
       6
       0
       4
       9
      10
       6
       3
      10
       6
       5
       8
       3
       5
       1
       8
       4
       7
       6
       6
       1
       6
       0
       2
       7
       5
       7
       3
       5
       6
       4
       5
       1
       2
       7
       2
       4
       5
       8
       9
       3
       5
       2
       3
       0
       3
       4
       2
       6
       7
       3
       5
       1
       6
       6
       6
       3
       6
       6
       4
       6
       5
       9
       7
      10
       6
       8
       4
       2
       3
       2
       2
       4
       2
       5
       8
       5
       6
       6
       3
       6
       4
       6
       6
       6
       2
       3
       6
       4
       3
       4
       4
       2
       6
       5
       6
       5
       4
       7
       3
       0
       2
       5
       4
      11
       5
       6
       9
       5
       5
       5
       2
       2
       5
       7
       5
      10
      11
       7
      12
      10
       5
       3
       3
       5
       1
       8
      15
      22
      24
      22
      12
       6
       7
       2
       9
       2
       7
       4
       1
       6
       1
       5
       5
       4
       1
       6
       3
       5
       4
       1
       6
       2
       4
       4
       3
       4
       4
       5
       3
       5
       1
       4
       2
       4
       1
       5
       4
       3
       2
       7
       3
       3
       2
       3
       6
       3
       3
       4
       2
       4
       5
       3
       5
       3
       4
       1
       4
       6
       5
       2
       3
       3
       5
       3
       2
       1
       3
       5
       5
       5
       6
       5
       1
       3
       1
       4
       5
       4
       3
       3
       8
      14
       4
       6
       1
       5
       3
       7
       5
       4
       3
       3
       6
       0
       1
       2
       2
       5
       1
       6
       4
       1
       4
       3
       5
       5
       2
       2
       5
       7
       6
       6
       4
       4
       5
       4
       1
       1
       3
       4
       6
       7
      11
      20
      15
      24
      10
       9
       3
       2
       5
       5
       8
       9
       8
       9
       5
       2
       7
       1
       7
       2
       6
       6
       3
       8
       3
       3
       8
       7
       2
       8
       2
       2
       3
       0
       6
       1
       2
       3
       1
       2
       2
       1
       0
       2
       4
       3
       4
       4
       3
       2
       1
       2
       7
       9
       3
       4
       3
       5
       4
       3
       4
       4
       4
       1
       8
       8
       1
       5
       1
       2
       2
       5
       4
       4
       3
       3
       4
       6
       7
       1
       2
       4
       4
       1
       2
       3
       3
       2
       5
       4
       5
       4
       1
       3
       7
       5
       5
       2
       2
       5
       8
       4
       3
       5
       4
       4
       3
       0
       1
       8
       1
       1
       2
       3
       3
       2
       5
       5
       1
       5
       2
       6
       0
       1
       6
       3
       6
       2
       8
       4
       3
       1
       5
       5
       6
       4
       4
       5
       2
       3
       3
       4
       6
       2
       3
       3
       1
       4
       4
       6
       4
       3
       1
       1
       2
       4
       3
       3
       1
       4
       6
       1
       4
       4
       4
       1
       1
       2
       3
       6
       8
       5
       7
       2
       4
       2
       4
       2
       3
       4
       2
       2
       1
       3
       2
       4
       5
       3
       3
       6
       4
       2
       1
       3
       3
       0
       6
       3
       2
       4
       2
       5
       4
       4
       1
       7
       4
       1
       2
       4
       6
       2
       2
       5
       4
       5
       6
      11
      15
      25
      14
      12
       6
       7
       2
       3
       2
       3
       5
       5
       0
       4
       5
       5
       5
       6
       5
       4
       7
       5
       5
       3
       6
       2
       1
       2
       4
       1
       3
       7
       7
       3
       4
       2
       4
       4
       3
       0
       4
       4
       2
       5
       2
       2
       3
       4
       3
       4
       1
       2
       4
       2
       2
       6
       5
       5
       3
       4
       6
       4
       6
       5
       5
       3
       2
       9
       2
       3
       1
       3
       3
       1
       1
       1
       5
       4
       2
       2
       6
       4
       0
       1
       1
       2
       3
       3
       2
       0
       2
       4
       1
       2
       3
       4
       0
       4
       4
       5
       3
       3
       3
       5
       4
       5
       1
       2
       4
       3
       3
       4
       2
       5
       2
       0
       4
       1
       2
       1
       2
       6
       2
       6
       1
       1
       2
       0
       1
       2
       0
       2
       2
       5
       4
       6
       6
       1
       4
       1
       0
       1
       2
       2
       3
       4
       2
       2
       3
       4
       3
       3
       3
       4
       2
       3
       1
       5
       2
       1
       8
       3
       6
       2
       1
       2
       4
       3
       3
       1
       0
       2
       3
       4
       3
       2
       4
       1
       0
       4
       4
       2
       2
       2
       1
       7
       4
       1
       2
       1
       3
       3
       0
       2
       3
       1
       2
       3
       2
       3
       5
       0
       3
       5
       1
       4
       3
       2
       3
       0
       0
       2
       1
       3
       3
       1
       3
       4
       2
       3
       6
       3
       2
       1
       4
       4
       7
       5
       6
       3
       1
       3
       1
       5
       2
       3
       5
       3
       2
       2
       2
       4
       4
       7
       3
       3
       1
       3
       3
       5
       1
       2
       2
       0
       2
       1
       1
       4
       1
       3
       3
       4
       3
       1
       3
       3
       3
       2
       5
       1
       4
       3
       2
       0
       1
       1
       4
       3
       3
       4
       2
       2
       1
       4
       2
       4
       5
       4
       3
       5
       2
       2
       4
       1
       1
       2
       2
       1
       3
       4
       1
       0
       2
       2
       3
       5
       6
       0
       0
       0
       1
       1
       4
       2
       1
       3
       1
       1
       3
       1
       1
       1
       4
       2
       1
       3
       2
       1
       2
       1
       0
       3
       3
       2
       2
       0
       1
       2
       2
       4
       2
       2
       2
       1
       3
       4
       4
       4
       7
      17
      11
      14
      20
       5
       2
       0
       2
       3
       3
       3
       6
       3
       5
       1
       6
       2
       1
       3
       4
       5
       4
       0
       5
       3
       9
       6
       7
       7
       2
       3
       2
       4
       0
       3
       2
       0
       2
       2
       3
       1
       2
       3
       1
       2
       3
       3
       1
       3
       8
       0
       2
       4
       1
       1
       1
       0
       0
       3
       1
       0
       3
       2
       1
       2
       1
       1
       4
       1
       3
       2
       2
       1
       2
       2
       2
       2
       0
       3
       0
       5
       7
       8
       7
       8
       1
       1
       3
       2
       1
       1
       1
       2
       3
       2
       0
       0
       3
       3
       2
       1
       2
       2
       0
       0
       1
       4
       2
       2
       0
       2
       1
       2
       2
       1
       2
       3
       3
       1
       2
       4
       4
       1
       3
       3
       3
       2
       1
       2
       3
       1
       0
       3
       1
       1
       1
       1
       5
       2
       3
       4
       7
       9
       4
       3
       4
       2
       2
       1
       2
       1
       2
       2
       1
       1
       1
       3
       1
       2
       2
       2
       1
       2
       2
       2
       0
       3
       1
       3
       1
       2
       2
       1
       4
       4
       2
       4
       5
       3
       2
       2
       1
       3
       1
       1
       0
       6
       2
       2
       5
       1
       1
       3
       2
       1
       2
       1
       1
       5
       1
       0
       2
       1
       0
       1
       1
       2
       4
       1
       1
       4
       3
       1
       3
       8
       9
       3
       2
       6
       4
       2
       9
      10
      12
      11
       7
       5
       5
       2
       4
       3
       6
       2
       0
       2
       1
       1
       5
       3
       2
       2
       3
       2
       2
       2
       1
       2
       0
       1
       1
       0
       0
       0
       2
       1
       1
       1
       3
       2
       1
       1
       3
       1
       3
       3
       3
       1
       1
       3
       3
       1
       1
       1
       1
       2
       1
       3
       2
       2
       1
       0
       3
       1
       0
       1
       1
       1
       2
       2
       1
       2
       3
       0
       3
       1
       3
       3
       1
       3
       2
       1
       2
       2
       4
       2
       2
       4
       0
       1
       5
       3
       0
       2
       2
       1
       0
       1
       0
       1
       3
       3
       2
       1
       1
       2
       1
       2
       0
       2
       0
       0
       1
       1
       1
       1
       3
       2
       4
       1
       1
       5
       1
       1
       1
       0
       0
       0
       3
       0
       1
       2
       1
       2
       1
       0
       2
       0
       2
       0
       1
       1
       2
       0
       0
       4
       0
       3
       2
       2
       1
       5
       3
       8
       7
       8
       4
       2
       3
       1
       2
       1
       0
       4
       0
       0
       3
       1
       2
       0
       4
       4
       0
       3
       2
       2
       2
       2
       0
       2
       2
       5
       8
       3
       0
       2
       5
       3
       0
       4
       0
       3
       2
       3
       3
       3
       2
       2
       1
       1
       2
       2
       1
       4
       3
       1
       3
       1
       2
       1
       1
       6
       0
       1
       4
       1
       1
       4
       1
       1
       1
       2
       2
       2
       2
       3
       1
       3
       2
       4
       0
       2
       1
       2
       3
       0
       3
       0
       2
       0
       2
       1
       1
       4
       2
       1
       1
       0
       0
       2
       1
       3
       2
       3
       1
       1
       1
       3
       0
       5
       0
       4
       3
       2
       0
       1
       5
       1
       1
       3
       2
       2
       1
       1
       1
       0
       2
       0
       1
       0
       0
       1
       1
       0
       2
       0
       1
       0
       2
       0
       1
       1
       0
       0
       1
       1
       1
       1
       0
       0
       1
       1
       1
       6
       1
       2
       3
       2
       1
       1
       1
       2
       1
       1
       2
       1
       2
       0
       2
       3
       2
       0
       1
       0
       3
       0
       0
       2
       0
       0
       0
       1
       1
       2
       0
       1
       1
       1
       2
       2
       1
       3
       1
       1
       3
       2
       3
       2
       2
       2
       3
       1
       1
       2
       0
       0
       0
       0
       1
       1
       2
       3
       1
       3
       1
       1
       0
       3
       2
       2
       2
       3
       1
       0
       0
       1
       3
       2
       1
       0
       1
       1
       4
       0
       1
       0
       7
       3
       4
       0
       3
       3
       2
       0
       1
       0
       2
       3
       6
       7
       4
       7
       4
       4
       0
       2
       2
       1
       0
       2
       3
       0
       1
       1
       3
       1
       0
       2
       1
       1
       0
       3
       1
       1
       3
       4
       2
       4
       5
       5
       2
       2
       1
       0
       1
       2
       0
       0
       3
       2
       2
       2
       0
       2
       1
       0
       1
       2
       0
       0
       1
       2
       1
       0
       0
       3
       1
       3
       1
       1
       0
       0
       2
       0
       0
       1
       1
       0
       3
       1
       0
       1
       1
       1
       0
       1
       0
       0
       1
       2
       1
       0
       4
       1
       0
       2
       3
       2
       2
       3
       1
       1
       2
       0
       0
       2
       2
       1
       0
       0
       1
       2
       2
       2
       0
       6
       0
       1
       3
       1
       1
       1
       1
       3
       1
       1
       3
       1
       1
       1
       1
       1
       1
       2
       0
       4
       1
       1
       3
       1
       2
       3
       2
       2
       6
       4
       5
       3
       1
       2
       0
       2
       1
       4
       2
       9
       5
       6
      13
       7
       3
       0
       2
       2
       3
       1
       2
       0
       1
       0
       1
       2
       3
       2
       2
       1
       1
       0
       2
       4
       1
       0
       1
       1
       2
       3
       1
       1
       5
       0
       1
       0
       2
       0
       2
       1
       3
       3
       1
       3
       0
       1
       1
       1
       0
       2
       3
       3
       2
       0
       1
       0
       2
       3
       2
       1
       1
       3
       0
       0
       2
       1
       2
       2
       1
       1
       1
       0
       0
       2
       3
       0
       1
       1
       1
       1
       1
       2
       1
       1
       2
       1
       1
       1
       2
       2
       2
       1
       2
       1
       0
       0
       0
       0
       1
       1
       2
       2
       0
       1
       2
       0
       3
       0
       5
       4
       1
       2
       2
       2
       3
       1
       1
       2
       2
       0
       1
       3
       1
       3
       0
       1
       2
       0
       4
       2
       0
       3
       4
       2
       5
       1
       0
       0
       0
       0
       0
       1
       2
       1
       1
       0
       1
       1
       0
       1
       0
       2
       0
       2
       2
       0
       4
       1
       1
       4
       2
       1
       1
       2
       1
       1
       3
       2
       0
       0
       1
       0
       1
       0
       3
       0
       2
       0
       1
       0
       0
       0
       0
       2
       1
       3
       0
       3
       2
       1
       1
       2
       0
       0
       0
       1
       0
       0
       1
       0
       1
       0
       2
       0
       0
       1
       1
       5
       2
       2
       5
       1
       4
       6
       5
       0
       3
       3
       1
       0
       0
       0
       0
       1
       0
       0
       1
       1
       1
       0
       0
       1
       0
       0
       0
       0
       2
       0
       1
       4
       3
       3
       4
       4
       4
       0
       1
       0
       1
       1
       2
       1
       0
       1
       2
       1
       1
       1
       1
       1
       0
       2
       2
       2
       0
       1
       2
       1
       1
       2
       1
       1
       0
       0
       4
       2
       1
       1
       1
       0
       2
       0
       2
       0
       1
       1
       0
       0
       0
       2
       2
       2
       2
       3
       2
       2
       1
       0
       1
       2
       0
       1
       1
       1
       1
       0
       1
       0
       0
       0
       0
       0
       1
       2
       1
       0
       0
       1
       1
       0
       2
       1
       1
       1
       1
       1
       1
       1
       2
       0
       0
       0
       0
       0
       1
       0
       1
       2
       2
       0
       0
       1
       3
       2
       2
       2
       2
       0
       0
       1
       1
       1
       1
       0
       0
       0
       0
       0
       0
       1
       0
       0
       2
       2
       0
       1
       0
       2
       0
       0
       5
       3
       1
       1
       0
       0
       1
       1
       1
       1
       0
       0
       0
       0
       0
       2
       0
       0
       0
       0
       1
       1
       1
       0
       1
       1
       7
       5
       5
       5
       0
       0
       1
       0
       2
       0
       1
       0
       0
       3
       0
       0
       1
       0
       0
       0
       0
       2
       0
       1
       2
       1
       0
       0
       0
       1
       0
       1
       1
       0
       0
       1
       1
       0
       0
       0
       1
       0
       1
       2
       0
       0
       0
       0
       0
       0
       3
       0
       0
       0
       2
       0
       1
       1
       2
       0
       2
       3
       1
       3
       0
       1
       2
       1
       1
       0
       1
       3
       0
       0
       0
       1
       1
       0
       1
       1
       0
       1
       0
       0
       0
       0
       0
       0
       2
       0
       1
       2
       2
       1
       3
       3
       1
       1
       0
       1
       1
       1
       1
       0
       0
       0
       0
       1
       1
       0
       0
       1
       0
       0
       2
       1
       1
       1
       0
       0
       2
       3
       0
       0
       0
       0
       2
       0
       0
       2
       3
       5
       8
       9
      11
       6
       1
       2
       1
       0
       0
       0
       0
       2
       2
       0
       0
       0
       1
       1
       0
       0
       0
       1
       0
       0
       2
       2
       3
       0
       1
       0
       0
       0
       0
       0
       1
       2
       0
       0
       1
       0
       2
       0
       1
       1
       0
       0
       0
       0
       1
       0
       0
       0
       0
       1
       1
       1
       0
       2
       1
       1
       1
       0
       0
       2
       1
       0
       2
       0
       1
       0
       1
       1
       0
       0
       0
       2
       1
       1
       2
       1
       0
       0
       1
       1
       0
       0
       0
       0
       1
       1
       1
       0
       0
       0
       0
       1
       0
       1
       0
       0
       1
       0
       1
       0
       0
       1
       0
       0
       0
       2
       0
       1
       1
       2
       0
       0
       2
       0
       0
       0
       0
       1
       0
       0
       0
       2
       1
       0
       0
       0
       3
       0
       1
       0
       0
       1
       0
       0
       0
       0
       0
       0
       1
       1
       1
       0
       1
       1
       0
       1
       0
       0
       0
       2
       2
       0
       0
       1
       0
       0
       2
       0
       1
       1
       1
       0
       0
       2
       0
       0
       0
       2
       0
       2
       0
       3
       1
       0
       1
       3
       1
       0
       2
       1
       2
       1
       0
       2
       0
       1
       2
       1
       1
       1
      11
      16
      21
      19
      22
      18
      16
       3
       4
       2
       1
       0
       0
       1
       0
       0
       0
       1
       0
       0
       0
       0
       0
       1
       1
       0
       0
       1
       0
       0
       0
       1
       0
       0
       1
       0
       0
       0
       0
       0
       0
       0
       0
       0
       0
       0
       0
       1
       2
       1
       0
       0
       2
       1
       1
       1
       0
       1
       1
       0
       0
       1
       1
       1
       0
       0
       0
       1
       0
       1
       0
       0
       0
       2
       0
       0
       0
       0
       1
       0
       3
       1
       0
       2
       1
       2
       0
       0
       1
       1
       2
       0
       1
       1
       0
       0
       0
       0
       0
       1
       0
       0
       0
       0
       2
       1
       0
       2
       1
       0
       1
       0
       2
       0
       0
       0
       1
       0
       1
       1
       0
       0
       0
       2
       1
       0
       2
       1
       0
       1
       0
       0
       1
       0
       1
       0
       0
       0
       1
       0
       0
       0
       0
       0
       0
       0
       1
       0
       0
       0
       0
       0
       1
       0
       0
       0
       0
       0
       0
       2
       1
       0
       1
       0
       1
       0
       0
       2
       0
       0
       0
       0
       0
       0
       0
       0
       0
       0
       0
       0
       1
       2
       0
       1
       2
       0
       0
       1
       0
       0
       1
       0
       1
       1
       0
       0
       0
       0
       0
       0
       1
       0
       1
       0
       0
       0
       0
       0
       1
       1
       0
       0
       0
       0
       0
       0
       1
       0
       0
       0
       1
       2
       1
       2
       1
       0
       0
       1
       0
       1
       0
       0
       0
       0
       0
       0
       0
       2
       0
       0
       0
       0
       1
       0
       0
       0
       0
       1
       0
       0
       1
       0
       1
       1
       0
       1
       1
       0
       0
       1
       0
       0
       0
       0
       1
       1
       0
       1
       0
       2
       1
       1
       0
       0
       1
       1
       0
       0
       1
       0
       0
       0
       2
       0
       0
       0
       1
       0
       1
       1
       1
       0
       0
       0
       0
       0
       0
       0
       0
       1
       1
       0
       0
       1
       2
       1
       0
       1
       0
       0
       0
       3
       0
       0
       1
       1
       0
       0
       0
       0
       2
       0
       0
       0
       0
       1
       0
       0
       0
       1
       2
       0
       0
       0
       0
       0
       0
       2
       0
       1
       1
       0
       0
       0
       0
       1
       1
       0
       0
       1
       0
       0
       1
       2
       0
       0
       0
       0
       0
       0
       0
       0
       0
       1
       0
       1
       0
       0
       0
       1
       0
       0
       0
       0
       0
       0
       2
       1
       0
       0
       0
       0
       0
       0
       0
       2
       1
       0
       0
       0
       0
       0
       1
       1
       1
       1
       0
       1
       0
       0
       1
       0
       0
       0
       2
       0
       0
       0
       0
       0
       0
       0
       0
       0
       0
       1
       1
       0
       0
       1
       0
       1
       0
       1
       0
       0
       0
       0
       1
       0
       0
       0
       0
       0
       0
       0
       1
       0
       0
       0
       0
       1
       0
       0
       2
       1
       0
       0
       0
       0
       0
       0
       0
       0
       0
       0
       0
       1
       0
       0
       1
       0
       0
       1
       0
       1
       0
       1
       0
       0
       0
       1
       0
       0
       0
       1
       0
       1
       0
       0
       0
       1
       0
       0
       0
       2
       1
       2
       0
       0
       0
       0
       0
       0
       0
       0
       1
       0
       0
       1
       1
       0
       0
       1
       0
       0
       0
       0
       1
       0
       0
       1
       0
       2
       1
       0
       0
       2
       0
       1
       0
       2
       2
       1
       1
       0
       0
       0
       0
       0
       0
       0
       1
       0
       0
       0
       0
       0
       1
       0
       0
       0
       0
       1
       0
       0
       1
       0
       0
       0
       1
       0
       0
       2
       1
       1
       1
       3
       0
       0
       0
       0
       0
       1
       2
       0
       0
       0
       1
       0
       0
       0
       0
       0
       0
       0
       0
       0
       1
       0
       0
       0
       0
       2
       0
       1
       1
       1
       0
       2
       0
       0
       1
       0
       0
       0
       0
       0
       0
       1
       0
       0
       0
       0
       2
       0
       0
       0
       0
       0
       1
       1
       0
       1
       0
       1
       0
       0
       0
       0
       0
       1
       0
       0
       1
       0
       0
       0
       0
       0
       0
       0
       0
       1
       1
       0
       1
       0
       0
       0
       0
       1
       1
       0
       0
       1
       1
       0
       0
       1
       0
       0
       0
       1
       0
       1
       0
       1
       0
       1
       0
       0
       0
       0
       1
       0
       0
       0
       0
       0
       0
       2
       0
       0
       1
       0
       0
       0
       0
       1
       0
       1
       1
       0
       1
       0
       0
       1
       0
       0
       1
       0
       0
       1
       1
       1
       0
       0
       1
       1
       1
       0
       0
       0
       0
       0
       0
       1
       0
       0
       1
       0
       1
       0
       0
       1
       0
       0
       2
       0
       0
       0
       0
       0
       1
       1
       0
       0
       1
       0
       0
       0
       0
       0
       0
       0
       1
       0
       1
       0
       0
       0
       1
       0
       1
       0
       1
       0
       1
       0
       0
       0
       0
       1
       0
       0
       0
       0
       0
       1
       1
       0
       0
       1
       0
       0
       0
       0
       0
       0
       1
       0
       0
       0
       0
       0
       0
       2
       0
       1
       3
       2
       5
       5
       1
       3
       0
       2
       1
       1
       0
       0
       0
       0
       0
       0
       0
       0
       1
       0
       1
       0
       2
       0
       0
       0
       0
       0
       0
       0
       1
       0
       0
       0
       0
       0
       2
       0
       0
       1
       1
       0
       1
       0
       0
       1
       0
       2
       0
       0
       0
       0
       0
       0
       0
       0
       0
       0
       1
       0
       0
       0
       0
       1
       0
       0
       0
       0
       0
       0
       1
       3
       0
       1
       0
       1
       0
       0
       0
       0
       0
       0
       0
       1
       0
       0
       0
       0
       0
       1
       0
       0
       0
       1
       1
       0
       0
       0
       0
       0
       0
       0
       0
       0
       0
       0
       1
       1
       0
       0
       0
       0
       1
       0
       0
       1
       0
       1
       0
       1
       1
       1
       0
       0
       0
       0
       0
       0
       1
       0
       0
       0
       0
       0
       0
       0
       0
       0
       0
       0
       0
       1
       0
       0
       0
       0
       0
       0
       0
       0
       0
       2
       1
       1
       0
       0
       0
       0
       1
       0
       0
       0
       0
       1
       1
       0
       0
       2
       0
       0
       0
       0
       0
       0
       1
       0
       0
       1
       1
       1
       0
       0
       0
       1
       0
       0
       1
       0
       0
       0
       0
       0
       0
       0
       0
       0
       1
       0
       0
       0
       0
       0
       0
       0
       0
       0
       0
       0
       0
       2
       0
       1
       0
       0
       1
       1
       0
       0
       0
       0
       0
       0
       0
       0
       0
       0
       0
       0
       0
       0
       0
       0
       0
       0
       0
       0
       1
       0
       0
       0
       0
       1
       0
       0
       1
       0
       1
       2
       0
       0
       0
       0
       0
       1
       0
       0
       1
       0
       0
       1
       0
       0
       0
       0
       0
       0
       0
       0
       0
       0
       0
       0
       0
       0
       0
       0
       0
       0
       0
       0
       0
       0
       0
       0
       0
       0
       0
       0
       0
       0
       0
       0
       2
       1
       0
       1
       0
       0
       0
       0
       0
       0
       0
       1
       0
       1
       0
       0
       0
       1
       1
       0
       0
       0
       0
       0
       0
       0
       0
       1
       0
       0
       0
       0
       0
       1
       0
       0
       0
       0
       0
       1
       0
       0
       1
       0
       0
       0
       0
       1
       2
       0
       0
       0
       0
       0
       0
       0
       0
       0
       0
       0
       0
       0
       0
       0
       0
       0
       0
       0
       0
       0
       0
       0
       0
       0
       0
       0
       0
       0
       0
       0
       0
       0
       0
       0
       0
       1
       0
       0
       0
       2
       0
       1
       2
       0
       0
       0
       0
       0
       0
       0
       0
       0
       0
       0
       0
       0
       1
       0
       0
       1
       0
       0
       0
       0
       0
       0
       0
       0
       0
       0
       1
       0
       0
       0
       0
       0
       1
       0
       0
       0
       1
       0
       0
       0
       0
       0
       0
       0
       0
       0
       1
       0
       0
       0
       0
       0
       0
       0
       0
       0
       0
       0
       0
       0
       2
       0
       0
       0
       1
       0
       0
       0
       0
       0
       0
       0
       0
       0
       0
       1
       0
       0
       0
       0
       0
       0
       0
       0
       0
       0
       1
       0
       0
       0
       0
       0
       0
       0
       1
       0
       0
       0
       0
       1
       0
       0
       0
       0
       0
       1
       0
       1
       0
       0
       0
       1
       0
       0
       0
       0
       0
       0
       0
       0
       0
       0
       0
       0
       0
       0
       0
       0
       0
       0
       1
       0
       0
       2
       0
       0
       0
       1
       1
       0
       0
       0
       0
       0
       0
       0
       0
       0
       0
       0
       0
       0
       0
       0
       0
       0
       0
       0
       0
       1
       0
       1
       0
       0
       0
       0
       1
       0
       0
       0
       0
       0
       0
       0
       0
       0
       0
       0
       0
       0
       0
       0
       0
       0
       0
       0
       0
       0
       0
       2
       0
       0
       1
       0
       0
       0
       1
       0
       0
       0
       1
       1
       0
       0
       0
       0
       0
       0
       0
       1
       0
       0
       0
       1
       0
       0
       0
       0
       1
       0
       0
       0
       1
       0
       0
       0
       1
       0
       2
       0
       0
       0
       0
       0
       1
       1
       0
       0
       0
       0
       0
       1
       1
       0
       1
       0
       0
       1
       0
       0
       0
       0
       0
       0
       0
       0
       0
       0
       0
       0
       0
       1
       0
       0
       0
       1
       0
       0
       2
       0
       0
       1
       1
       1
       0
       0
       0
       0
       1
       0
       0
       1
       0
       0
       1
       0
       0
       1
       0
       0
       1
       0
       0
       0
       0
       0
       0
       0
       0
       0
       0
       1
       0
       0
       0
       0
       1
       0
       0
       1
       0
       2
       0
       0
       0
       0
       0
       0
       0
       0
       0
       1
       0
       1
       0
       0
       0
       0
       0
       0
       1
       0
       1
       0
       0
       0
       0
       0
       0
       0
       0
       0
       0
       0
       0
       0
       0
       0
       0
       1
       0
       0
       0
       0
       0
       0
       0
       1
       0
       0
       1
       0
       0
       0
       0
       0
       0
       1
       0
       2
       0
       0
       2
       0
       0
       0
       0
       0
       1
       0
       0
       0
       0
       0
       0
       0
       0
       1
       0
       0
       0
       0
       0
       0
       0
       0
       0
       1
       0
       0
       0
       0
       0
       0
       0
       0
       0
       0
       1
       0
       0
       0
       0
       0
       0
       0
       0
       0
       1
       0
       0
       0
       3
       0
       1
       0
       0
       0
       0
       1
       0
       1
       0
       0
       0
       0
       0
       0
       0
       0
       1
       0
       0
       1
       0
       0
       1
       0
       0
       0
       0
       0
       1
       0
       0
       0
       0
       0
       0
       0
       0
       0
       0
       0
       1
       0
       0
       0
       0
       0
       0
       0
       1
       0
       1
       0
       0
       0
       0
       1
       0
       0
       0
       1
       1
       0
       0
       1
       0
       1
       0
       0
       0
       0
       1
       0
       0
       1
       0
       0
       0
       0
       0
       0
       0
       0
       0
       0
       0
       0
       0
       0
       0
       0
       0
       0
       0
       0
       0
       0
       1
       0
       0
       1
       0
       0
       0
       1
       1
       0
       0
       0
       2
       0
       0
       1
       0
       0
       0
       0
       0
       1
       0
       0
       0
       0
       0
       0
       0
       1
       0
       0
       0
       0
       0
       0
       0
       0
       0
       0
       0
       0
       0
       0
       0
       1
       1
       1
       0
       0
       0
       0
       0
       0
       0
       0
       0
       0
       0
       0
       1
       0
       0
       0
       0
       0
       0
       0
       1
       0
       0
       0
       0
       0
       0
       0
       0
       0
       0
       0
       1
       0
       0
       0
       0
       0
       0
       0
       0
       0
       0
       0
       0
       0
       1
       0
       1
       0
       0
       0
       0
       0
       0
       0
       1
       0
       0
       0
       0
       0
       0
       0
       0
       0
       0
       0
       0
       0
       1
       0
       0
       0
       0
       0
       0
       0
       0
       0
       0
       0
       0
       0
       0
       0
       0
       1
       0
       1
       0
       0
       0
       1
       0
       0
       0
       1
       0
       2
       1
       0
       0
       0
       0
       0
       0
       0
       0
       0
       0
       0
       0
       0
       1
       0
       0
       0
       0
       0
       0
       0
       0
       0
       0
       0
       0
       1
       1
       0
       0
       0
       1
       1
       1
       0
       1
       0
       0
       0
       0
       0
       0
       0
       0
       1
       0
       0
       0
       0
       0
       0
       0
       0
       0
       0
       0
       0
       0
       0
       0
       0
       0
       0
       0
       0
       0
       0
       0
       0
       1
       1
       0
       0
       0
       2
       0
       0
       0
       0
       0
       0
       0
       1
       0
       0
       0
       0
       0
       1
       0
       0
       0
       0
       0
       0
       0
       0
       1
       0
       0
       0
       0
       0
       0
       0
       0
       0
       0
       2
       0
       0
       0
       0
       0
       0
       0
       0
       0
       0
       0
       0
       0
       0
       0
       0
       0
       0
       1
       3
       0
       0
       0
       0
       0
       0
       0
       0
       0
       0
       0
       0
       0
       0
       0
       0
       2
       1
       0
       0
       0
       0
       0
       0
       0
       0
       0
       0
       0
       0
       0
       0
       1
       0
       0
       0
       0
       0
       0
       0
       0
       0
       0
       0
       0
       0
       0
       0
       0
       0
       0
       0
       0
       0
       0
       0
       0
       0
       0
       0
       0
       0
       0
       0
       0
       0
       0
       0
       0
       1
       0
       0
       0
       0
       1
       0
       0
       0
       0
       0
       0
       0
       0
       0
       0
       0
       0
       0
       0
       0
       1
       0
       0
       0
       0
       0
       0
       0
       0
       0
       0
       0
       0
       0
       0
       0
       0
       0
       0
       0
       0
       0
       0
       0
       0
       0
       0
       0
       0
       0
       0
       0
       0
       0
       0
       0
       0
       1
       0
       0
       0
       0
       0
       0
       0
       0
       0
       0
       0
       0
       0
       0
       0
       1
       0
       0
       0
       0
       0
       0
       1
       0
       1
       0
       0
       0
       0
       0
       0
       0
       0
       0
       1
       0
       1
       0
       0
       0
       0
       0
       0
       1
       0
       0
       0
       0
       0
       0
       0
       0
       0
       0
       0
       0
       1
       0
       1
       0
       0
       0
       0
       0
       0
       0
       0
       0
       0
       0
       0
       0
       0
       0
       0
       0
       0
       0
       0
       0
       0
       1
       0
       0
       0
       0
       0
       1
       1
       0
       0
       0
       0
       0
       0
       0
       0
       0
       0
       0
       0
       0
       0
       0
       1
       0
       0
       0
       1
       0
       0
       0
       0
       0
       0
       0
       0
       1
       0
       0
       0
       0
       1
       0
       0
       1
       0
       0
       0
       0
       0
       0
       0
       0
       0
       0
       0
       1
       0
       1
       0
       0
       1
       0
       0
       0
       0
       0
       0
       0
       0
       1
       0
       0
       0
       0
       0
       0
       0
       0
       0
       0
       0
       0
       0
       0
       0
       0
       0
       0
       0
       0
       0
       0
       0
       0
       0
       0
       0
       0
       0
       0
       0
       0
       0
       0
       0
       0
       0
       0
       0
       0
       0
       0
       0
       0
       0
       0
       0
       0
       0
       0
       0
       0
       0
       0
       0
       0
       0
       1
       0
       1
       0
       0
       0
       1
       0
       0
       0
       0
       0
       0
       0
       0
       0
       0
       0
       0
       0
       0
       0
       1
       0
       0
       0
       0
       0
       0
       0
       0
       0
       1
       0
       0
       0
       0
       0
       0
       0
       0
       1
       0
       0
       0
       0
       0
       1
       0
       0
       0
       0
       0
       0
       0
       0
       0
       0
       0
       0
       0
       0
       0
       0
       0
       0
       0
       0
       0
       0
       0
       0
       0
       0
       0
       0
       0
       0
       0
       0
       0
       0
       1
       0
       1
       0
       2
       2
       2
       1
       1
       1
       0
       0
       0
       0
       0
       0
       0
       0
       0
       0
       1
       1
       0
       1
       0
       0
       0
       0
       0
       0
       0
       0
       0
       1
       0
       1
       0
       1
       0
       0
       0
       0
       0
       0
       0
       0
       1
       0
       0
       0
       0
       0
       0
       0
       0
       0
       0
       0
       0
       0
       1
       0
       0
       0
       0
       0
       0
       0
       0
       0
       0
       0
       0
       0
       0
       0
       1
       0
       0
       0
       0
       0
       0
       1
       0
       0
       0
       0
       1
       0
       1
       0
       0
       0
       0
       0
       0
       1
       0
       0
       0
       0
       0
       0
       0
       0
       0
       0
       0
       0
       0
       0
       0
       0
       0
       0
       0
       0
       0
       0
       0
       0
       0
       0
       1
       0
       0
       0
       0
       0
       1
       1
       1
       0
       0
       0
       0
       0
       0
       0
       0
       0
       0
       0
       0
       0
       1
       0
       1
       0
       0
       0
       0
       1
       1
       0
       0
       0
       0
       0
       0
       0
       0
       0
       0
       0
       0
       0
       0
       0
       0
       0
       0
       0
       0
       0
       0
       0
       0
       0
       0
       0
       0
       1
       0
       0
       0
       0
       1
       0
       0
       0
       0
       0
       0
       0
       0
       0
       0
       0
       0
       0
       0
       0
       0
       0
       0
       0
       0
       0
       0
       0
       0
       0
       0
       0
       0
       0
       0
       0
       0
       0
       0
       0
       0
       1
       0
       0
       1
       0
       0
       0
       0
       0
       0
       0
       0
       0
       0
       0
       0
       0
       0
       0
       0
       0
       0
       0
       0
       0
       0
       0
       0
       0
       0
       0
       0
       0
       0
       0
       0
       0
       0
       0
       0
       0
       0
       0
       0
       0
       0
       0
       0
       0
       0
       0
       0
       0
       0
       0
       0
       0
       0
       0
       0
       0
       0
       0
       0
       0
       0
       0
       1
       0
       0
       0
       0
       0
       0
       0
       0
       0
       0
       0
       0
       0
       0
       0
       0
       0
       0
       0
       0
       0
       0
       0
       0
       0
       0
       0
       0
       0
       0
       0
       1
       0
       0
       0
       0
       0
       0
       0
       0
       0
       0
       0
       0
       0
       0
       1
       0
       0
       0
       0
       0
       0
       0
       0
       0
       0
       0
       0
       0
       0
       0
       0
       0
       0
       0
       0
       0
       0
       1
       0
       0
       0
       0
       0
       0
       0
       0
       0
       0
       0
       0
       0
       0
       0
       0
       0
       0
       1
       0
       0
       0
       0
       0
       0
       0
       0
       0
       1
       0
       0
       0
       0
       0
       0
       0
       0
       0
       0
       0
       0
       0
       0
       0
       0
       0
       0
       0
       0
       0
       0
       0
       0
       0
       0
       0
       0
       0
       0
       0
       0
       0
       0
       0
       0
       0
       0
       0
       0
       0
       0
       0
       0
       1
       0
       0
       0
       0
       0
       0
       0
       0
       0
       0
       0
       0
       0
       0
       0
       0
       0
       0
       0
       0
       0
       0
       0
       0
       0
       0
       0
       0
       0
       1
       0
       0
       0
       0
       0
       0
       0
       0
       0
       0
       0
       0
       0
       0
       0
       0
       1
       0
       0
       0
       0
       0
       0
       0
       1
       0
       0
       0
       0
       0
       0
       0
       0
       0
       0
       0
       0
       0
       0
       0
       0
       0
       0
       0
       0
       0
       0
       0
       0
       0
       0
       0
       1
       0
       0
       0
       0
       0
       0
       0
       1
       0
       0
       0
       1
       0
       0
       0
       0
       0
       0
       0
       0
       0
       0
       0
       1
       0
       0
       0
       0
       0
       0
       0
       0
       0
       0
       0
       0
       0
       0
       0
       0
       0
       0
       0
       0
       0
       0
       0
       0
       0
       2
       0
       0
       0
       3
       5
       1
       3
       0
       2
       1
       1
       0
       0
       1
       0
       0
       0
       0
       0
       0
       0
       0
       0
       0
       0
       0
       0
       1
       0
       0
       0
       0
       0
       0
       0
       0
       0
       0
       0
       0
       0
       0
       0
       1
       0
       0
       0
       0
       0
       0
       0
       0
       0
       0
       0
       0
       0
       0
       0
       0
       0
       0
       0
       1
       0
       0
       0
       0
       0
       0
       0
       0
       0
       0
       0
       0
       0
       0
       0
       0
       0
       0
       0
       0
       0
       0
       0
       0
       0
       0
       0
       0
       0
       0
       0
       0
       0
       0
       0
       0
       0
       0
       0
       0
       0
       0
       0
       0
       0
       0
       0
       0
       0
       0
       0
       0
       0
       0
       0
       0
       0
       0
       0
       0
       0
       0
       0
       0
       0
       0
       0
       0
       0
       0
       0
       0
       1
       0
       0
       0
       0
       0
       0
       0
       0
       0
       0
       0
       0
       0
       0
       0
       0
       0
       0
       0
       0
       0
       0
       0
       0
       1
       0
       0
       0
       0
       0
       0
       0
       0
       0
       0
       0
       0
       0
       0
       0
       0
       0
       0
       0
       0
       0
       0
       0
       0
       0
       0
       0
       0
       0
       0
       0
       0
       0
       0
       0
       0
       0
       0
       0
       0
       0
       0
       0
       0
       0
       0
       0
       0
       0
       0
       0
       0
       0
       0
       0
       0
       0
       0
       0
       0
       0
       0
       0
       0
       0
       0
       0
       0
       0
       0
       0
       0
       0
       0
       0
       0
       0
       0
       0
       0
       1
       0
       0
       0
       0
       0
       0
       0
       0
       0
       0
       0
       0
       0
       0
       0
       0
       0
       0
       0
       0
       0
       0
       0
       0
       0
       0
       0
       0
       1
       0
       0
       0
       0
       0
       0
       0
       0
       0
       0
       0
       0
       0
       0
       0
       0
       0
       0
       0
       0
       0
       0
       0
       0
       0
       0
       0
       0
       0
       1
       0
       1
       0
       0
       0
       0
       0
       0
       0
       0
       0
       0
       0
       0
       0
       0
       0
       0
       0
       0
       0
       0
       0
       0
       0
       0
       0
       0
       0
       0
       1
       0
       0
       0
       0
       0
       0
       0
       0
       0
       0
       0
       0
       0
       0
       0
       0
       0
       0
       0
       0
       0
       0
       0
       0
       0
       0
       0
       0
       0
       0
       0
       0
       0
       0
       0
       0
       0
       0
       0
       0
       0
       0
       0
       0
       0
       0
       0
       0
       1
       0
       0
       0
       0
       0
       0
       0
       0
       0
       0
       0
       0
       0
       0
       0
       0
       0
       0
       0
       0
       0
       0
       0
       0
       0
       0
       0
       1
       0
       0
       0
       0
       0
       0
       0
       0
       0
       0
       0
       0
       0
       0
       0
       0
       0
       0
       0
       0
       0
       0
       0
       0
       0
       0
       0
       0
       0
       0
       0
       0
       0
       0
       0
       1
       0
       1
       0
       0
       0
       0
       0
       0
       0
       0
       0
       0
       0
       0
       0
       1
       0
       0
       1
       0
       0
       0
       0
       0
       0
       0
       0
       0
       0
       0
       0
       0
       0
       0
       0
       0
       0
       0
       0
       0
       0
       0
       0
       0
       0
       0
       0
       0
       0
       0
       0
       0
       0
       0
       0
       0
       0
       0
       0
       0
       0
       0
       0
       0
       0
       0
       0
       0
       0
       0
       0
       0
       0
       0
       0
       0
       0
       0
       0
       0
       0
       0
       0
       0
       0
       0
       0
       0
       0
       0
       0
       0
       0
       0
       0
       2
       0
       0
       0
       0
       0
       0
       0
       0
       0
       0
       0
       0
       0
       0
       0
       0
       0
       0
       0
       0
       0
       0
       0
       0
       0
       0
       0
       0
       0
       0
       0
       0
       0
       0
       0
       0
       0
       0
       0
       0
       0
       0
       1
       0
       0
       0
       0
       0
       0
       0
       0
       0
       0
       0
       0
       0
       0
       0
       0
       0
       1
       0
       0
       0
       0
       0
       0
       0
       0
       0
       0
       0
       0
       0
       0
       0
       0
       0
       0
       0
       0
       0
       0
       0
       0
       0
       0
       0
       0
       0
       0
       0
       0
       0
       0
       0
       0
       0
       0
       0
       0
       0
       0
       0
       0
       0
       0
       0
       1
       0
       0
       0
       0
       0
       0
       0
       0
       0
       0
       0
       0
       0
       0
       0
       0
       0
       0
       0
       0
       0
       0
       0
       0
       0
       0
       0
       0
       0
       0
       0
       0
       0
       0
       0
       0
       0
       0
       0
       0
       0
       0
       0
       0
       0
       0
       0
       0
       0
       0
       0
       0
       1
       0
       0
       0
       0
       0
       0
       0
       0
       0
       0
       0
       0
       0
       0
       0
       0
       0
       0
       0
       0
       0
       0
       0
       0
       0
       0
       0
       0
       0
       0
       0
       0
       0
       0
       0
       0
       0
       0
       0
       0
       0
       0
       0
       0
       0
       0
       0
       0
       0
       0
       0
       0
       0
       0
       0
       0
       0
       0
       0
       0
       0
       0
       0
       0
       0
       0
       0
       0
       0
       1
       0
       0
       0
       0
       0
       0
       0
       0
       0
       0
       0
       1
       0
       0
       0
       0
       0
       0
       0
       0
       0
       0
       0
       0
       0
       0
       0
       0
       0
       0
       0
       0
       0
       0
       0
       0
       0
       0
       0
       0
       0
       0
       0
       0
       0
       0
       0
       0
       0
       0
       0
       0
       0
       0
       0
       0
       0
       0
       0
       0
       0
       0
       0
       0
       0
       0
       0
       0
       0
       0
       0
       0
       0
       0
       0
       0
       0
       0
       0
       0
       0
       1
       0
       0
       0
       0
       0
       0
       0
       0
       0
       0
       0
       0
       0
       0
       0
       0
       0
       0
       0
       0
       0
       0
       0
       0
       0
       0
       0
       0
       0
       0
       0
       0
       0
       0
       0
       0
       0
       0
       0
       0
       0
       0
       0
       0
       0
       0
       0
       0
       0
       0
       0
       0
       0
       0
       0
       0
       0
       0
       0
       0
       0
       0
       0
       0
       0
       0
       0
       0
       0
       0
       0
       0
       0
       0
       0
       0
       0
       0
       0
       0
       0
       0
       0
       0
       0
       0
       0
       0
       0
       0
       0
       0
       0
       0
       0
       0
       0
       0
       0
       0
       0
       0
       0
       0
       0
       0
       0
       0
       0
       0
       0
       0
       0
       0
       0
       0
       0
       0
       0
       0
       0
       0
       0
       0
       0
       0
       0
       0
       0
       0
       0
       0
       0
       0
       0
       0
       0
       0
       0
       0
       0
       0
       0
       0
       0
       0
       0
       0
       0
       0
       0
       0
       0
       0
       0
       0
       0
       0
       0
       0
       0
       0
       0
       0
       0
       0
       0
       0
       0
       0
       0
       0
       0
       0
       0
       0
       0
       0
       0
       0
       0
       0
       0
       0
       0
       0
       0
       0
       0
       0
       0
       0
       0
       0
       0
       0
       0
       0
       0
       0
       0
       0
       0
       0
       0
       0
       0
       0
       0
       0
       0
       0
       0
       0
       0
       0
       0
       0
       1
       1
       0
       0
       0
       0
       0
       0
       0
       0
       0
       0
       0
       0
       0
       0
       0
       0
       0
       0
       0
       0
       0
       0
       0
       0
       0
       0
       0
       0
       0
       0
       0
       0
       0
       1
       0
       0
       0
       0
       0
       0
       0
       0
       0
       0
       0
       0
       0
       0
       0
       0
       0
       0
       0
       0
       0
       0
       0
       0
       0
       0
       0
       0
       0
       0
       0
       0
       0
       0
       0
       0
       0
       0
       0
       0
       0
       0
       0
       0
       0
       0
       0
       0
       0
       0
       0
       0
       0
       0
       0
       1
       0
       0
       0
       0
       0
       0
       0
       0
       0
       0
       0
       0
       0
       0
       0
       0
       0
       0
       0
       0
       0
       0
       0
       0
       0
       0
       0
       0
       0
       0
       0
       0
       0
       0
       0
       0
       0
       0
       0
       0
       0
       0
       0
       0
       0
       0
       0
       0
       0
       0
       0
       0
       0
       0
       0
       0
       0
       0
       0
       0
       0
       0
       0
       0
       0
       0
       0
       0
       0
       0
       0
       0
       0
       0
       0
       0
       0
       0
       0
       0
       0
       0
       0
       0
       0
       0
       0
       0
       0
       0
       0
       0
       0
       0
       0
       0
       0
       0
       0
       0
       0
       0
       1
       0
       0
       0
       0
       0
       0
       0
       0
       0
       0
       0
       0
       0
       0
       0
       0
       0
       0
       0
       0
       1
       0
       0
       0
       0
       0
       0
       0
       0
       0
       0
       0
       0
       0
       0
       0
       0
       0
       0
       0
       0
       0
       0
       0
       0
       0
       0
       0
       0
       0
       0
       0
       0
       0
       0
       0
       0
       0
       0
       0
       0
       0
       0
       0
       0
       0
       0
       0
       0
       0
       0
       0
       0
       0
       0
       0
       0
       0
       0
       0
       0
       0
       0
       0
       0
       0
       0
       0
       0
       0
       0
       0
       0
       0
       0
       0
       0
       0
       0
       0
       0
       0
       0
       0
       0
       0
       0
       0
       0
       0
       0
       0
       0
       0
       0
       0
       0
       0
       0
       0
       0
       0
       0
       0
       0
       0
       0
       0
       0
       0
       0
       0
       0
       0
       0
       0
       0
       0
       0
       0
       0
       0
       0
       0
       0
       0
       0
       0
       0
       0
       0
       0
       0
       0
       0
       0
       0
       0
       0
       0
       0
       0
       0
       0
       0
       0
       0
       0
       0
       0
       0
       0
       0
       0
       0
       0
       0
       0
       0
       0
       0
       0
       0
       0
       0
       0
       0
       0
       0
       0
       0
       0
       0
       0
       0
       0
       0
       0
       0
       0
       0
       0
       0
       0
       0
       0
       0
       0
       0
       0
       0
       0
       0
       0
       0
       0
       0
       0
       0
       0
       0
       0
       0
       0
       0
       0
       0
       0
       0
       0
       0
       0
       0
$ROI:
0
$PRESETS:
Real Time
180
0
$ENER_FIT:
0.888569 0.390988
$MCA_CAL:
3
8.885689E-001 3.909876E-001 3.191953E-008 keV
$SHAPE_CAL:
3
0.000000E+000 0.000000E+000 0.000000E+000
