$SPEC_ID:
1
$SPEC_REM:
DET# 2
DETDESC# MCB 130 Normal
AP# Maestro Version 7.01
$DATE_MEA:
09/14/2019 02:21:45
$MEAS_TIM:
178 180
$DATA:
0 8191
       0
       0
       0
       0
       0
       0
       0
       0
       0
       0
       0
       0
       0
       0
       0
       0
       0
       0
       0
       0
       0
       0
       0
       0
       0
       0
       5
     236
      77
      37
      31
      55
      70
     111
     125
      95
      46
      61
      48
      49
      65
      74
      80
      87
     110
      88
      40
      39
      45
      36
      49
      53
      65
      54
      58
      37
      42
      37
      59
      67
      78
      49
      48
      41
      47
      36
      48
      37
      41
      42
      38
      43
      43
      40
      37
      24
      41
      33
      30
      35
      40
      41
      41
      25
      30
      46
      35
      43
      39
      49
      53
      51
      36
      44
      58
      42
      38
      26
      23
      39
      44
      36
      45
      34
      41
      43
      36
      32
      35
      39
      50
      37
      44
      50
      41
      58
      62
      47
      47
      48
      41
      44
      53
      43
      48
      43
      46
      50
      57
      56
      57
      52
      63
      67
      54
      47
      45
      55
      52
      50
      54
      57
      49
      66
      66
      66
      55
      57
      63
      71
      63
      67
      70
      66
      74
      83
      77
      66
      64
      72
      66
      68
      77
      79
      75
      97
      60
      74
      68
      72
      68
      83
      73
      77
      69
      65
      83
      97
      85
      92
      60
      71
      71
      76
      79
      74
      98
      62
      99
     114
     120
     115
      85
      79
     115
     100
     104
      84
     103
     107
      87
      82
     103
      98
     106
      97
      94
      92
      95
     106
     100
     115
      93
     110
     111
     146
      89
     119
      93
     132
     133
     127
     124
     112
     105
     117
     112
     110
     108
      95
      94
     112
      78
      88
     113
      99
     104
     102
     111
      91
     104
      91
      98
     105
      79
      96
      78
     105
     112
      99
     117
     150
     201
     253
     196
     155
     103
     109
     100
     108
      97
     111
     178
     302
     342
     265
     141
     142
     172
     357
     435
     300
     169
      88
      92
      96
      87
      82
      86
      87
      85
      83
      96
      98
      94
      85
      92
      80
      64
      78
      83
      91
      98
      90
      99
      99
     110
     133
     141
     140
     101
      83
      83
      85
      89
      93
      88
     103
      90
      98
      83
      72
      77
      92
      71
      70
      74
      60
      74
      77
      74
      79
      72
      68
      63
      69
      84
      56
      58
      77
      65
      68
      72
      68
      67
      77
      77
      86
      72
      78
      72
      80
      83
      75
      84
      81
      56
      80
      65
      72
      67
      66
      88
      87
      89
      77
      67
      70
      98
      97
      72
      69
      61
      62
      70
      78
      60
      53
      69
      66
      82
      73
      70
      58
      50
      60
      71
      61
      63
      64
      64
      61
      72
      54
      63
      59
      72
      58
      67
      47
      52
      56
      58
      44
      57
      66
      60
      41
      58
      56
      48
      56
      65
      64
      50
      43
      47
      54
      46
      64
      66
      58
      53
      49
      63
      65
      60
      51
      51
      53
      60
      40
      50
      58
      55
      39
      32
      37
      52
      44
      41
      43
      54
      48
      45
      45
      56
      46
      53
      54
      46
      47
      41
      41
      48
      46
      34
      41
      51
      49
      61
      46
      59
      64
      37
      49
      62
      40
      47
      45
      41
      45
      55
      46
      32
      47
      51
      43
      36
      50
      39
      41
      37
      42
      38
      34
      38
      39
      46
      47
      39
      42
      38
      48
      50
      35
      23
      29
      41
      45
      42
      44
      44
      38
      40
      36
      32
      45
      39
      33
      31
      31
      47
      51
      48
      36
      37
      39
      38
      31
      37
      34
      29
      33
      55
      30
      39
      44
      39
      31
      34
      34
      34
      36
      33
      37
      38
      23
      28
      28
      30
      31
      24
      45
      36
      59
      55
      50
      37
      42
      35
      31
      35
      34
      34
      23
      30
      35
      19
      34
      47
      37
      42
      27
      30
      32
      40
      25
      37
      33
      21
      35
      22
      31
      35
      27
      32
      37
      25
      26
      34
      22
      17
      20
      31
      20
      27
      22
      30
      24
      43
      44
     113
     112
     116
      40
      30
      22
      24
      27
      22
      40
      29
      30
      28
      30
      28
      27
      22
      30
      26
      32
      31
      24
      15
      29
      26
      32
      29
      43
      47
      40
      23
      29
      25
      34
      18
      31
      30
      39
      28
      25
      25
      25
      27
      22
      27
      21
      21
      25
      28
      18
      16
      16
      27
      23
      30
      31
      33
      39
      23
      16
      23
      22
      18
      18
      25
      16
      18
      19
      28
      21
      21
      16
      18
      34
      17
      22
      23
      20
      27
      21
      20
      17
      16
      16
      20
      26
      18
      21
      20
      28
      18
      18
      26
      18
      18
      21
      18
      18
      18
      16
      14
      22
      10
      16
      29
      24
      14
      23
      21
      18
      16
      11
      19
      15
      17
      19
      20
      16
      18
      15
      15
      18
      20
      23
      24
      46
      63
     105
     100
      56
      34
      26
      15
      21
      20
      18
      14
      15
      17
      10
      17
      17
      24
      25
      22
      14
      18
      19
      19
      15
      11
      21
      13
       8
      17
      14
      20
      17
      15
       9
      12
      16
      19
      18
      14
      15
      18
      25
      21
      11
      21
      19
      24
      37
      33
      28
      25
      18
      16
      22
      43
      56
      43
      21
      21
      15
      12
      14
      17
       8
      16
      12
      19
      12
      10
      15
      15
      16
      13
      14
      11
      20
      12
       8
      19
      18
      22
      25
      21
      16
      20
      16
      12
       8
      12
      15
      13
      23
       5
      13
       8
      12
      16
      15
      16
      30
      54
      66
      44
      24
      14
      14
       8
      15
      15
      20
      20
      12
      17
      16
      10
       7
       8
      12
      10
      15
       8
      10
      14
       9
       9
       9
       8
      15
      15
      11
      13
      12
      11
       8
      13
      13
      15
       6
      11
       8
       9
       6
      13
      11
       8
      22
      18
      16
      12
      14
       8
      11
      12
      14
      11
      12
      14
      11
      18
      10
       8
      11
      12
      10
       9
      10
       5
       8
      12
       6
      13
       8
      12
       9
      12
       9
      11
      17
       4
       7
       6
      12
       5
       4
      10
       9
      14
       2
       8
      11
      17
      27
      23
      21
      14
      10
       9
      11
       9
      10
      12
      13
       8
       6
       8
       7
       6
       8
       8
       6
       9
       9
       4
       9
      13
       6
      15
       4
       4
       5
       9
       7
      10
       8
       7
       8
       4
       7
      10
      15
       6
       2
       7
       7
       6
      10
       9
      12
       7
       4
       4
       3
       5
       9
       7
       7
       6
       7
      14
      12
       6
      11
       6
      12
       9
       3
       3
       8
       7
       8
       9
       6
       7
       9
       3
      14
       6
       1
      10
       7
       6
       4
       4
       6
       4
       5
       7
      10
      10
       4
       5
       8
       5
      11
       6
       6
       7
       7
       5
       8
       5
       5
       5
       5
      14
      10
       6
      11
      14
       6
      10
       7
       8
       4
       6
       4
      10
       2
       5
       4
      11
       5
       7
       7
       4
       7
       9
       6
       6
      10
       7
       4
       7
       3
       5
       5
       7
       7
       6
       4
       5
       3
       3
       8
       3
       5
       7
       7
       5
       6
       4
       7
       6
       5
       6
       6
       1
       2
       5
       4
       4
       7
       7
       6
       6
       4
       7
       5
       4
       7
       8
       9
       5
       9
       2
       5
       3
       7
       8
       7
       8
       5
      11
       8
       6
       5
       9
       7
       6
       8
       6
       1
       3
       8
       9
       9
       5
       8
       7
       8
       3
       4
       4
       3
       7
       4
       7
       2
       3
       4
       7
       9
       2
      10
       6
       7
       3
       4
       4
       3
       2
       7
       7
       6
       4
       5
       7
       3
       2
      10
       3
       4
       4
       8
       5
       5
       9
       3
       7
       7
       8
       7
       5
       2
       3
      12
       5
       1
       6
       8
       7
       4
       1
       7
       5
       7
       5
       4
       3
       5
       9
       7
       8
       5
       2
       6
       9
       3
       5
       4
       8
       3
       3
       9
       9
       9
       4
       2
       6
       4
       3
       3
       8
       9
       8
       6
       7
       5
       2
       2
       7
       3
       2
       4
       4
       2
      11
       7
      10
      12
      22
       7
       5
       3
       3
       4
       4
       5
       4
       1
       2
       4
       6
       4
       4
       3
       5
       5
       5
       4
       9
       7
       0
       3
       4
       6
      13
       5
       4
       4
       4
       3
       5
       8
      10
       4
       4
       3
       7
       6
       7
       1
       6
       3
       4
       1
       8
       5
       4
       5
       5
       4
       4
       3
       4
       6
       5
       2
       2
       3
       4
       6
       1
       3
       2
       0
       7
       8
       5
       2
       4
       5
       6
      10
      16
      13
       2
       4
       2
       4
       3
       4
       7
       3
       5
       1
       3
       3
       5
       5
       6
       2
       3
       2
       4
       4
       2
       4
       4
       6
       2
       3
       9
       4
       3
       3
       6
      10
       7
       5
      11
       1
       2
       9
       4
       6
       1
       6
       4
       3
       5
       6
       5
       5
       4
       2
       4
       1
       0
       1
       0
       6
       3
       3
       8
       4
       4
       4
       1
       8
       4
       1
       2
       1
       4
       6
       3
       3
       2
       4
       1
       3
       6
       3
       3
       1
       5
       7
       8
      13
       6
       3
       3
       5
       2
       5
       2
       3
       3
       5
       4
       5
       2
       6
       2
       2
       6
       7
       6
       0
       4
       1
       4
       1
       4
       2
       4
       9
       4
       7
       2
       5
       5
       2
       7
       4
       5
       6
       2
       2
       5
       3
       5
       6
       2
       3
       1
       4
       4
       5
       3
       3
       3
       1
       3
       2
       4
       3
       4
       2
       4
       5
       4
       2
       7
       3
       2
       3
       2
       9
       5
       2
       5
       5
       1
       6
       1
       5
       2
       3
       4
       4
       2
       0
       2
       5
       3
       8
       5
       3
       4
       3
       4
       1
       2
       3
       2
       2
       0
       3
       4
       7
       6
       4
       5
       5
       4
       2
       4
       3
       2
       3
       4
       3
       1
       8
       4
       7
       2
       3
       3
       1
       3
       1
       2
       7
       4
       3
       4
       2
       2
       0
       3
       9
      11
      12
       9
       3
       9
       2
       1
       0
       3
       2
       3
       1
       4
       3
       4
       7
       1
       3
       3
       3
       7
       4
       3
       4
       1
       3
       0
       2
       7
       2
       3
       6
       3
       0
       1
       2
       4
       3
       2
       2
       8
       2
       1
       0
       1
       3
       7
       1
       3
       4
       1
       2
       2
       3
       5
       1
       8
       4
       2
       2
       3
       6
       3
       5
       3
      10
      18
      25
      16
       9
       9
       7
       7
       5
       1
       4
       7
       3
       1
       3
       1
       1
       3
       2
       4
       3
       0
       2
       7
       2
       3
       5
       4
       1
       4
       2
       2
       1
       2
       2
       4
       1
       2
       4
       1
       3
       2
       4
       0
       3
       3
       1
       1
       6
       9
       2
       2
       3
       2
       5
       2
       1
       2
       1
       4
       4
       2
       0
       1
       2
       2
       1
       1
       4
       3
       1
       2
       2
       4
       3
       0
       4
       3
       3
       1
       7
       0
       1
       2
       2
       4
       3
       2
       1
       2
       3
       2
       2
       8
       3
       5
       1
       0
       3
       0
       3
       0
       2
       2
       2
       2
       3
       0
       3
       2
       1
       2
       2
       4
       2
       3
       2
       0
       0
       3
       1
       2
       4
       3
       3
       5
      10
       9
       7
       8
       5
       2
       2
       0
       2
       6
       2
       8
       6
       5
       3
       3
       5
       6
       6
       3
       7
       1
       0
       1
       0
       6
       4
       3
       3
       4
       5
       1
       2
       2
       1
       1
       1
       5
       0
       2
       2
       1
       5
       1
       3
       1
       1
       2
       4
       0
       2
       1
       5
       2
       1
       2
       3
       2
       2
       2
       4
       2
       2
       3
       0
       2
       2
       1
       4
       1
       2
       0
       3
       3
       3
       3
       3
       4
       1
       2
       4
       2
       3
       2
       1
       0
       3
       1
       1
       3
       4
       2
       3
       2
       1
       4
       4
       5
       1
       3
       2
       4
       3
       4
       1
       1
       4
       2
       0
       2
       2
       3
       2
       2
       2
       4
       2
       3
       1
       1
       5
       3
       3
       1
       1
       1
       1
       3
       1
       2
       3
       1
       2
       0
       0
       1
       2
       1
       3
       6
       4
       1
       1
       2
       2
       2
       2
       5
       0
       2
       1
       1
       2
       2
       1
       1
       2
       4
       2
       3
       1
       3
       4
       5
       1
       1
       2
       4
       1
       4
       2
       3
       0
       2
       0
       1
       2
       4
       6
       5
       1
       3
       3
       3
       1
       2
       3
       1
       0
       3
       1
       1
       2
       2
       4
       1
       4
       2
       1
       2
       0
       3
       2
       0
       4
       1
       1
       3
       4
       3
       0
       3
       0
       4
       2
       2
       2
       2
       3
       3
       5
       7
       5
       2
       3
       1
       2
       3
       1
       4
       2
       3
       2
       3
       5
       2
       1
       3
       1
       2
       0
       1
       1
       2
       4
       3
       4
       2
       1
       2
       3
       8
       1
       2
       3
       1
       2
       0
       4
       0
       0
       0
       1
       3
       3
       3
       5
       1
       1
       3
       4
       2
       2
       3
       7
       6
       2
       1
       2
       2
       1
       3
       0
       7
       5
       4
       2
       2
       4
       1
       0
       3
       2
       1
       1
       5
       5
       2
       5
       2
       2
       1
       4
       1
       0
       2
       2
       3
       1
       4
       0
       1
       0
       1
       2
       2
       1
       2
       2
       4
       1
       1
       1
       1
       2
       2
       2
       3
       2
       3
       1
       1
       0
       1
       0
       2
       1
       2
       0
       0
       2
       3
       2
       3
       0
       1
       1
       1
       3
       0
       2
       0
       2
       6
       3
       1
       2
       2
       0
       2
       1
       2
       3
       1
       1
       0
       2
       3
       1
       0
       0
       3
       1
       4
       2
       1
       1
       2
       3
       3
       2
       4
       1
       1
       2
       2
       0
       2
       2
       2
       1
       1
       3
       3
       2
       4
       1
       2
       1
       1
       2
       0
       0
       1
       2
       1
       1
       1
       1
       2
       0
       2
       2
       2
       1
       1
       3
       3
       0
       0
       2
       2
       3
       0
       2
       0
       1
       1
       2
       0
       2
       1
       0
       0
       3
       3
       2
       1
       1
       3
       2
       2
       3
       3
       3
       3
       0
       2
       3
       1
       2
       0
       2
       1
       3
       0
       1
       2
       2
       2
       0
       2
       0
       3
       0
       2
       1
       3
       3
       3
       2
       1
       2
       2
       2
       1
       0
       1
       1
       1
       2
       0
       3
       1
       2
       2
       1
       1
       1
       0
       2
       2
       2
       1
       2
       1
       2
       4
       1
       3
       3
       2
       0
       0
       0
       3
       0
       0
       3
       1
       0
       2
       1
       0
       1
       0
       0
       1
       0
       0
       1
       3
       1
       1
       4
       1
       1
       0
       2
       2
       1
       0
       0
       2
       2
       0
       2
       3
       2
       1
       1
       0
       2
       0
       1
       2
       1
       3
       1
       0
       0
       1
       5
       3
       0
       1
       0
       0
       0
       1
       3
       4
       0
       2
       2
       1
       8
       7
      28
      18
       7
       5
       5
       2
       1
       2
       0
       1
       1
       2
       0
       1
       2
       1
       0
       1
       2
       0
       3
       1
       2
       2
       6
       6
       9
       6
       4
       1
       0
       1
       2
       1
       0
       2
       1
       0
       2
       0
       1
       1
       0
       2
       1
       1
       1
       1
       1
       1
       2
       1
       2
       1
       0
       1
       1
       0
       3
       2
       3
       0
       1
       1
       1
       1
       1
       3
       0
       2
       1
       1
       4
       1
       1
       2
       2
       2
       4
       8
       2
       5
       5
       3
       2
       4
       3
       0
       2
       0
       2
       2
       0
       2
       1
       1
       1
       0
       1
       2
       2
       2
       3
       0
       2
       1
       0
       0
       1
       0
       4
       1
       1
       1
       1
       0
       0
       2
       3
       0
       0
       2
       0
       1
       1
       0
       2
       1
       1
       1
       0
       0
       1
       4
       1
       2
       1
       0
       2
       1
       1
       1
       1
       3
       0
       1
       2
       0
       2
       0
       2
       0
       0
       1
       0
       2
       2
       0
       1
       0
       2
       1
       1
       1
       2
       1
       0
       1
       2
       0
       0
       3
       1
       0
       2
       3
       3
       3
       2
       0
       1
       1
       1
       1
       2
       2
       0
       1
       1
       2
       0
       0
       2
       2
       2
       0
       1
       2
       2
       2
       0
       0
       1
       1
       1
       0
       1
       2
       1
       4
       2
       2
       2
       1
       4
       6
       1
       2
       3
       2
      11
      10
       8
      16
       5
       5
       4
       7
       3
       8
       4
       1
       4
       0
       2
       2
       1
       0
       2
       0
       0
       2
       2
       0
       0
       1
       4
       1
       0
       1
       2
       1
       1
       1
       0
       1
       2
       4
       1
       1
       1
       1
       2
       0
       0
       3
       3
       2
       3
       2
       3
       1
       0
       0
       2
       0
       0
       2
       1
       0
       1
       1
       2
       0
       0
       0
       1
       1
       0
       0
       0
       0
       0
       2
       2
       1
       1
       0
       0
       0
       0
       1
       1
       2
       0
       0
       1
       0
       2
       3
       2
       2
       2
       2
       2
       5
       1
       1
       1
       1
       0
       0
       1
       0
       0
       3
       0
       0
       1
       1
       0
       1
       0
       1
       0
       0
       1
       0
       2
       1
       0
       2
       0
       0
       1
       3
       1
       1
       1
       1
       0
       0
       0
       1
       1
       1
       2
       1
       0
       1
       1
       0
       1
       0
       1
       1
       1
       1
       0
       0
       0
       3
       2
       0
       1
       2
       0
       1
       1
       1
       2
       1
       0
       0
       0
       1
       1
       0
       2
       1
       0
       2
       1
       2
       1
       1
       3
       1
       3
       0
       1
       1
       2
       2
       2
       1
       0
       1
       1
       0
       0
       1
       0
       0
       0
       0
       1
       1
       2
       0
       2
       2
       1
       0
       1
       1
       2
       1
       2
       0
       1
       0
       2
       4
       1
       1
       1
       1
       0
       3
       1
       0
       1
       3
       1
       1
       2
       1
       2
       0
       0
       1
       3
       1
       1
       0
       2
       2
       2
       0
       0
       1
       1
       2
       2
       0
       0
       1
       0
       1
       0
       1
       1
       2
       2
       1
       1
       0
       1
       0
       1
       0
       0
       2
       2
       0
       2
       1
       2
       1
       1
       1
       2
       0
       0
       2
       0
       2
       1
       0
       0
       1
       0
       1
       1
       0
       1
       2
       1
       3
       1
       0
       0
       1
       0
       0
       2
       0
       0
       2
       1
       0
       1
       1
       2
       0
       2
       0
       0
       1
       1
       1
       2
       0
       2
       0
       1
       1
       1
       2
       0
       2
       0
       0
       1
       0
       1
       1
       1
       1
       0
       0
       1
       1
       3
       2
       2
       2
       1
       1
       0
       2
       3
       1
       1
       1
       2
       0
       0
       1
       1
       0
       0
       0
       1
       1
       0
       2
       3
       0
       0
       1
       1
       2
       1
       1
       2
       0
       0
       1
       3
       1
       1
       1
       1
       2
       0
       4
       1
       1
       0
       3
       1
       0
       0
       1
       3
       0
       0
       2
       1
       0
       1
       1
       0
       4
       7
       7
      11
       3
       5
       3
       2
       1
       1
       2
       2
       3
       0
       0
       1
       1
       3
       0
       1
       2
       2
       2
       2
       0
       1
       1
       1
       0
       0
       1
       1
       1
       1
       1
       2
       1
       2
       2
       0
       0
       0
       2
       0
       1
       1
       3
       0
       0
       1
       1
       1
       0
       1
       2
       1
       2
       1
       0
       0
       0
       2
       1
       1
       0
       0
       0
       1
       0
       4
       0
       3
       0
       1
       2
       1
       0
       2
       0
       0
       1
       2
       1
       1
       0
       1
       0
       0
       1
       2
       2
       0
       1
       1
       1
       1
       0
       0
       0
       1
       1
       2
       2
       3
       0
       1
       0
       0
       0
       2
       2
       2
       0
       0
       1
       1
       1
       1
       0
       1
       1
       0
       1
       0
       0
       0
       0
       3
       1
       1
       0
       0
       0
       2
       5
       3
       4
       2
       7
       5
       1
       2
       0
       1
       0
       4
       3
       3
       3
       8
       4
       6
       6
       0
       2
       0
       0
       1
       0
       0
       1
       0
       0
       0
       2
       0
       0
       1
       2
       3
       0
       2
       0
       1
       1
       1
       2
       0
       1
       0
       3
       0
       1
       1
       1
       1
       1
       2
       1
       1
       1
       1
       1
       0
       5
       0
       1
       1
       0
       1
       2
       2
       0
       1
       1
       0
       3
       1
       1
       1
       1
       1
       2
       2
       1
       1
       1
       0
       2
       2
       0
       1
       0
       0
       2
       1
       1
       3
       0
       1
       0
       0
       0
       0
       0
       0
       0
       0
       1
       1
       0
       0
       1
       1
       1
       0
       1
       1
       0
       0
       1
       0
       0
       0
       3
       1
       1
       0
       1
       1
       0
       1
       0
       0
       0
       2
       0
       3
       1
       0
       0
       0
       1
       0
       1
       0
       0
       0
       1
       0
       0
       0
       0
       0
       2
       1
       3
       0
       1
       1
       1
       0
       1
       1
       3
       0
       0
       0
       0
       1
       0
       0
       3
       1
       2
       4
       2
       2
       0
       0
       2
       2
       0
       1
       0
       1
       0
       0
       2
       0
       1
       0
       1
       0
       1
       1
       1
       1
       1
       1
       0
       1
       0
       1
       1
       1
       2
       0
       2
       1
       0
       0
       1
       0
       1
       1
       2
       0
       0
       2
       0
       0
       0
       1
       0
       0
       0
       1
       0
       1
       0
       0
       0
       2
       0
       1
       0
       0
       0
       0
       3
       1
       1
       0
       0
       0
       1
       1
       0
       1
       0
       0
       0
       1
       2
       0
       0
       0
       1
       2
       3
       2
       1
       0
       3
       2
       0
       1
       0
       1
       0
       0
       1
       4
       0
       1
       0
       2
       0
       0
       0
       0
       1
       1
       1
       0
       2
       0
       0
       1
       1
       0
       0
       1
       0
       0
       1
       0
       2
       0
       0
       1
       0
       0
       0
       0
       0
       0
       1
       1
       0
       0
       2
       1
       0
       0
       2
       1
       0
       0
       0
       1
       2
       0
       0
       1
       2
       0
       0
       1
       0
       1
       0
       0
       2
       0
       0
       4
       0
       1
       0
       0
       0
       0
       1
       2
       0
       0
       1
       0
       0
       0
       0
       0
       0
       0
       1
       0
       0
       0
       1
       2
       0
       2
       0
       1
       0
       0
       0
       0
       0
       1
       0
       1
       0
       0
       0
       0
       0
       0
       0
       0
       0
       0
       0
       0
       0
       1
       1
       0
       1
       1
       0
       0
       0
       0
       2
       0
       1
       1
       1
       0
       0
       0
       0
       0
       0
       1
       0
       0
       2
       2
       1
       0
       2
       6
       4
       4
       0
       2
       2
       0
       1
       0
       1
       1
       0
       1
       0
       0
       1
       0
       0
       0
       0
       0
       0
       4
       0
       0
       1
       1
       0
       2
       0
       1
       1
       0
       2
       0
       0
       0
       0
       0
       0
       1
       2
       1
       0
       2
       0
       0
       0
       1
       0
       0
       1
       1
       0
       0
       0
       0
       1
       2
       0
       0
       0
       1
       1
       0
       0
       0
       0
       0
       0
       0
       0
       2
       0
       0
       0
       0
       1
       0
       0
       0
       0
       1
       1
       0
       1
       0
       0
       1
       0
       0
       0
       0
       1
       0
       0
       0
       0
       1
       1
       0
       0
       0
       0
       0
       0
       1
       0
       0
       2
       0
       0
       0
       0
       1
       1
       1
       0
       0
       0
       0
       0
       0
       0
       1
       1
       1
       0
       0
       1
       0
       0
       0
       1
       0
       0
       1
       0
       0
       1
       0
       0
       0
       0
       0
       0
       0
       0
       1
       0
       0
       0
       0
       1
       0
       0
       1
       0
       0
       0
       0
       0
       0
       0
       0
       0
       0
       0
       0
       0
       0
       1
       1
       2
       1
       0
       1
       0
       0
       2
       0
       0
       0
       0
       0
       0
       0
       0
       2
       0
       0
       0
       2
       1
       2
       1
       2
       1
       3
       0
       0
       1
       0
       1
       0
       1
       1
       0
       0
       0
       0
       0
       0
       0
       0
       0
       0
       0
       0
       1
       0
       1
       0
       1
       0
       0
       1
       0
       0
       1
       1
       0
       0
       0
       0
       0
       0
       0
       0
       0
       0
       1
       1
       0
       1
       0
       0
       1
       0
       0
       0
       2
       0
       0
       0
       0
       0
       0
       0
       0
       0
       0
       0
       0
       1
       0
       0
       0
       0
       1
       0
       0
       0
       0
       0
       1
       0
       0
       0
       0
       0
       0
       1
       0
       2
       0
       0
       0
       0
       0
       0
       0
       0
       0
       0
       0
       2
       0
       0
       1
       0
       0
       1
       0
       1
       1
       0
       1
       0
       0
       0
       0
       0
       0
       1
       1
       1
       0
       0
       1
       1
       0
       0
       1
       2
       1
       5
      15
      22
      17
      22
      13
      11
       4
       4
       1
       0
       0
       0
       0
       0
       0
       0
       0
       0
       0
       0
       0
       1
       0
       0
       0
       2
       0
       0
       0
       0
       0
       0
       0
       0
       0
       0
       0
       0
       0
       0
       0
       0
       0
       0
       0
       1
       0
       0
       0
       0
       0
       0
       0
       0
       0
       0
       0
       0
       0
       0
       0
       0
       0
       0
       0
       1
       0
       0
       0
       0
       0
       0
       0
       1
       0
       0
       1
       0
       1
       0
       0
       0
       0
       0
       0
       0
       1
       2
       1
       0
       0
       1
       0
       0
       0
       0
       0
       0
       0
       1
       0
       1
       0
       0
       1
       0
       0
       0
       0
       0
       0
       0
       0
       1
       0
       0
       0
       0
       0
       1
       0
       0
       0
       2
       0
       0
       0
       0
       0
       0
       0
       0
       0
       0
       0
       0
       0
       0
       1
       0
       0
       0
       0
       0
       0
       0
       0
       0
       0
       0
       0
       0
       0
       0
       0
       0
       1
       0
       0
       0
       0
       0
       0
       0
       0
       0
       0
       0
       0
       0
       0
       1
       0
       0
       0
       1
       0
       0
       0
       0
       0
       0
       0
       2
       0
       0
       0
       0
       0
       0
       0
       0
       0
       1
       0
       0
       0
       0
       1
       1
       0
       1
       0
       0
       0
       0
       0
       0
       0
       0
       0
       0
       0
       0
       0
       0
       0
       0
       0
       0
       0
       0
       0
       0
       0
       0
       0
       0
       0
       0
       0
       0
       0
       0
       0
       0
       0
       1
       2
       0
       0
       0
       0
       0
       0
       1
       0
       0
       0
       0
       0
       1
       0
       0
       0
       0
       0
       0
       0
       0
       0
       0
       0
       0
       0
       0
       1
       1
       0
       0
       0
       0
       0
       0
       0
       0
       0
       0
       1
       0
       0
       0
       0
       0
       0
       0
       0
       0
       0
       0
       0
       0
       0
       0
       0
       1
       1
       0
       0
       0
       0
       0
       0
       0
       0
       0
       0
       0
       0
       0
       0
       0
       1
       0
       0
       0
       0
       0
       0
       0
       0
       0
       0
       1
       0
       0
       0
       1
       0
       0
       0
       1
       0
       1
       0
       0
       0
       0
       1
       0
       0
       0
       1
       1
       0
       0
       0
       1
       0
       1
       0
       1
       0
       0
       0
       0
       0
       0
       1
       0
       0
       0
       0
       0
       0
       1
       0
       0
       0
       0
       0
       0
       0
       0
       0
       0
       0
       0
       1
       0
       0
       0
       0
       1
       0
       0
       0
       0
       0
       0
       0
       0
       0
       0
       1
       0
       0
       0
       0
       0
       1
       0
       0
       0
       0
       0
       0
       0
       2
       0
       1
       0
       0
       1
       2
       0
       0
       0
       0
       0
       0
       0
       0
       0
       0
       1
       0
       0
       0
       0
       0
       0
       0
       0
       0
       0
       0
       2
       0
       1
       0
       0
       0
       0
       0
       0
       0
       0
       0
       0
       0
       0
       1
       0
       0
       0
       0
       0
       0
       0
       0
       0
       0
       0
       0
       0
       0
       0
       0
       0
       0
       0
       0
       0
       0
       0
       0
       1
       0
       0
       0
       0
       0
       1
       0
       1
       0
       0
       0
       0
       0
       0
       0
       0
       0
       0
       0
       0
       0
       2
       0
       0
       0
       0
       0
       1
       0
       2
       0
       1
       0
       0
       0
       1
       0
       1
       0
       0
       0
       0
       0
       0
       0
       0
       0
       0
       0
       0
       1
       0
       0
       0
       0
       0
       0
       0
       0
       0
       0
       0
       0
       0
       0
       0
       0
       0
       0
       0
       0
       0
       0
       0
       0
       0
       0
       0
       0
       0
       0
       0
       1
       0
       1
       0
       2
       0
       0
       0
       0
       0
       0
       0
       0
       0
       1
       0
       0
       0
       0
       0
       0
       0
       0
       0
       0
       0
       1
       0
       0
       0
       0
       0
       0
       0
       0
       0
       0
       0
       1
       0
       0
       0
       0
       0
       0
       0
       0
       0
       0
       0
       0
       0
       0
       0
       0
       0
       0
       1
       0
       0
       0
       0
       0
       0
       0
       0
       0
       0
       1
       0
       0
       0
       0
       0
       0
       1
       0
       0
       0
       0
       0
       0
       0
       0
       0
       0
       0
       0
       0
       0
       0
       0
       0
       0
       0
       0
       0
       0
       0
       0
       0
       0
       0
       0
       0
       0
       0
       0
       0
       0
       0
       0
       0
       0
       0
       0
       0
       0
       0
       0
       0
       0
       1
       0
       0
       0
       0
       0
       0
       0
       0
       0
       1
       0
       0
       0
       0
       0
       0
       0
       0
       0
       0
       0
       0
       0
       0
       0
       0
       0
       0
       0
       0
       0
       1
       0
       0
       0
       0
       0
       0
       0
       0
       0
       0
       0
       0
       0
       0
       0
       0
       0
       0
       1
       0
       0
       0
       0
       0
       0
       0
       0
       0
       1
       0
       0
       0
       0
       0
       0
       0
       0
       0
       0
       0
       0
       0
       0
       0
       0
       0
       1
       0
       0
       0
       0
       0
       0
       1
       0
       0
       0
       0
       0
       0
       1
       3
       5
       0
       3
       3
       0
       1
       2
       0
       0
       0
       0
       0
       0
       0
       0
       0
       0
       0
       0
       0
       0
       0
       0
       0
       0
       1
       0
       0
       0
       0
       0
       0
       0
       0
       0
       0
       0
       1
       0
       0
       0
       0
       0
       1
       0
       0
       0
       0
       1
       0
       0
       0
       0
       0
       0
       0
       0
       0
       0
       0
       0
       0
       0
       0
       0
       0
       0
       0
       0
       0
       0
       0
       0
       0
       0
       0
       0
       0
       0
       0
       0
       0
       0
       0
       0
       0
       0
       0
       0
       0
       0
       0
       0
       0
       0
       0
       0
       0
       0
       0
       0
       0
       0
       1
       0
       0
       0
       0
       0
       0
       0
       0
       0
       0
       0
       0
       0
       0
       0
       0
       0
       0
       0
       0
       0
       0
       0
       1
       0
       0
       0
       0
       0
       0
       0
       0
       0
       0
       0
       0
       0
       0
       0
       0
       0
       0
       0
       0
       0
       0
       0
       0
       0
       0
       0
       0
       0
       0
       0
       0
       0
       0
       0
       0
       0
       0
       0
       0
       0
       0
       0
       0
       0
       1
       0
       0
       0
       0
       0
       0
       0
       0
       0
       0
       0
       0
       0
       0
       0
       1
       0
       0
       1
       0
       0
       0
       0
       0
       0
       0
       0
       0
       0
       0
       0
       1
       1
       0
       0
       0
       0
       0
       0
       0
       0
       0
       0
       0
       2
       0
       1
       0
       0
       1
       0
       0
       0
       0
       0
       1
       0
       0
       0
       0
       0
       0
       0
       0
       0
       0
       0
       1
       0
       0
       0
       0
       0
       0
       0
       0
       0
       0
       0
       0
       0
       0
       0
       0
       0
       0
       0
       1
       1
       1
       0
       0
       0
       0
       1
       1
       0
       0
       0
       0
       0
       0
       1
       0
       0
       0
       0
       0
       0
       0
       0
       0
       0
       0
       0
       0
       1
       0
       1
       0
       0
       0
       0
       0
       1
       0
       0
       0
       0
       0
       1
       0
       0
       0
       0
       0
       0
       0
       0
       0
       0
       0
       0
       0
       0
       0
       0
       0
       1
       0
       0
       0
       0
       0
       0
       0
       0
       0
       0
       0
       0
       0
       0
       1
       0
       0
       0
       0
       0
       0
       0
       0
       0
       0
       0
       0
       0
       0
       0
       0
       0
       0
       0
       0
       0
       0
       0
       0
       0
       0
       0
       0
       0
       0
       0
       0
       0
       0
       0
       0
       0
       0
       0
       0
       0
       0
       0
       0
       0
       0
       0
       0
       0
       0
       0
       0
       0
       0
       0
       0
       0
       0
       0
       1
       0
       0
       0
       0
       0
       0
       0
       0
       0
       0
       0
       0
       0
       0
       0
       0
       0
       0
       0
       1
       0
       1
       0
       0
       0
       0
       0
       0
       0
       0
       0
       0
       0
       0
       0
       0
       0
       1
       0
       1
       0
       0
       0
       1
       0
       0
       0
       0
       0
       0
       0
       0
       0
       0
       0
       0
       0
       0
       0
       0
       0
       0
       0
       0
       0
       0
       0
       0
       0
       0
       0
       0
       0
       0
       0
       0
       0
       0
       0
       0
       0
       0
       0
       0
       0
       0
       0
       0
       0
       0
       0
       0
       0
       0
       0
       0
       0
       0
       0
       0
       0
       0
       0
       0
       0
       0
       0
       0
       0
       0
       0
       0
       0
       0
       0
       0
       0
       0
       0
       0
       0
       0
       0
       0
       0
       0
       1
       0
       0
       0
       0
       0
       0
       0
       0
       0
       0
       0
       0
       0
       0
       1
       0
       0
       0
       0
       0
       0
       0
       0
       0
       0
       0
       0
       0
       0
       0
       0
       0
       0
       0
       0
       0
       0
       0
       0
       0
       0
       1
       0
       0
       0
       0
       0
       0
       0
       0
       0
       1
       0
       0
       0
       1
       0
       0
       0
       0
       0
       0
       0
       0
       0
       0
       0
       0
       0
       0
       0
       0
       0
       0
       1
       0
       0
       0
       0
       0
       0
       1
       0
       0
       0
       0
       0
       0
       0
       0
       0
       0
       0
       0
       0
       0
       0
       0
       0
       0
       1
       0
       0
       0
       0
       0
       0
       0
       0
       0
       0
       0
       1
       1
       0
       0
       0
       0
       0
       0
       0
       0
       0
       0
       0
       0
       0
       0
       0
       0
       0
       0
       0
       0
       0
       0
       0
       0
       0
       0
       1
       0
       0
       0
       1
       0
       0
       0
       0
       0
       0
       0
       0
       0
       0
       0
       0
       0
       1
       0
       0
       0
       1
       0
       0
       0
       0
       0
       1
       0
       0
       0
       0
       0
       0
       0
       0
       0
       0
       0
       0
       0
       0
       0
       0
       0
       0
       0
       0
       0
       0
       0
       0
       0
       0
       0
       0
       0
       0
       0
       0
       0
       0
       0
       0
       0
       0
       0
       0
       0
       0
       0
       1
       0
       0
       1
       0
       0
       0
       0
       0
       0
       0
       0
       0
       0
       0
       0
       0
       0
       0
       0
       0
       2
       0
       0
       1
       0
       0
       0
       0
       0
       0
       0
       0
       0
       0
       0
       0
       0
       0
       0
       0
       0
       0
       0
       0
       0
       1
       0
       0
       0
       0
       0
       0
       0
       0
       0
       0
       0
       0
       0
       0
       1
       0
       0
       0
       0
       0
       0
       0
       0
       0
       0
       0
       0
       0
       0
       0
       0
       0
       0
       0
       0
       0
       0
       0
       0
       0
       0
       0
       0
       0
       0
       0
       0
       0
       0
       0
       0
       0
       0
       0
       0
       0
       0
       0
       0
       1
       0
       0
       0
       0
       0
       0
       0
       0
       0
       0
       1
       0
       0
       0
       0
       0
       0
       0
       0
       0
       0
       0
       0
       0
       1
       0
       1
       0
       0
       0
       0
       0
       0
       0
       0
       0
       0
       0
       0
       0
       0
       0
       0
       0
       0
       0
       0
       0
       0
       0
       0
       0
       0
       0
       0
       0
       0
       0
       0
       0
       0
       0
       0
       0
       0
       0
       0
       0
       0
       0
       0
       0
       0
       0
       0
       0
       0
       0
       0
       0
       0
       0
       0
       0
       0
       0
       0
       0
       0
       0
       0
       0
       0
       0
       0
       0
       0
       0
       0
       0
       1
       0
       0
       0
       0
       0
       0
       0
       0
       0
       0
       0
       0
       0
       0
       0
       0
       0
       0
       0
       0
       0
       0
       0
       0
       0
       0
       0
       0
       0
       0
       0
       0
       0
       0
       0
       0
       0
       0
       0
       0
       0
       0
       0
       1
       0
       0
       0
       0
       0
       0
       0
       0
       0
       0
       0
       0
       0
       0
       0
       0
       0
       0
       0
       0
       0
       0
       0
       1
       0
       0
       0
       0
       0
       0
       0
       0
       0
       0
       0
       0
       0
       0
       0
       0
       0
       0
       0
       0
       0
       0
       0
       0
       0
       0
       0
       0
       0
       0
       0
       0
       0
       0
       0
       1
       0
       0
       1
       0
       0
       1
       0
       0
       0
       1
       0
       0
       0
       0
       1
       0
       0
       0
       0
       0
       0
       1
       0
       0
       0
       0
       0
       0
       0
       0
       0
       0
       0
       0
       0
       0
       0
       0
       0
       0
       0
       0
       0
       1
       0
       0
       1
       1
       1
       1
       0
       0
       1
       0
       0
       0
       0
       0
       0
       0
       0
       0
       0
       0
       0
       0
       0
       0
       0
       0
       0
       0
       0
       1
       0
       1
       0
       2
       0
       1
       1
       0
       1
       1
       0
       0
       0
       0
       0
       0
       0
       0
       0
       0
       0
       0
       0
       0
       0
       0
       0
       0
       0
       1
       0
       0
       0
       0
       0
       0
       0
       0
       0
       0
       0
       0
       0
       0
       0
       0
       0
       0
       0
       0
       0
       0
       0
       0
       0
       0
       0
       0
       0
       0
       1
       0
       0
       0
       0
       0
       0
       0
       0
       0
       0
       0
       0
       0
       1
       0
       0
       0
       1
       0
       0
       0
       0
       0
       0
       0
       0
       0
       0
       0
       0
       0
       0
       0
       0
       0
       0
       0
       0
       0
       0
       0
       0
       0
       0
       0
       0
       0
       0
       0
       0
       0
       0
       0
       0
       0
       0
       0
       0
       0
       0
       0
       0
       0
       0
       1
       0
       0
       0
       0
       0
       0
       0
       0
       0
       1
       0
       0
       0
       0
       0
       0
       0
       0
       0
       0
       0
       0
       0
       0
       0
       0
       0
       0
       0
       0
       0
       0
       0
       0
       1
       0
       0
       0
       0
       0
       0
       0
       0
       0
       0
       0
       0
       0
       0
       0
       0
       0
       0
       0
       0
       0
       0
       0
       0
       0
       0
       1
       0
       0
       1
       0
       0
       0
       0
       0
       0
       0
       0
       0
       0
       0
       0
       0
       0
       0
       0
       0
       0
       0
       0
       0
       1
       0
       0
       0
       0
       0
       0
       0
       0
       0
       0
       0
       1
       0
       1
       0
       0
       0
       0
       0
       0
       1
       0
       0
       0
       0
       0
       0
       0
       0
       0
       0
       0
       0
       0
       0
       0
       0
       0
       0
       0
       0
       0
       0
       0
       0
       0
       0
       0
       0
       0
       0
       0
       0
       0
       0
       0
       0
       0
       0
       0
       0
       0
       0
       0
       0
       0
       0
       0
       0
       0
       0
       0
       0
       0
       0
       0
       0
       0
       0
       0
       0
       0
       0
       0
       0
       0
       0
       0
       0
       0
       1
       0
       0
       0
       0
       0
       0
       0
       0
       0
       0
       1
       0
       0
       0
       0
       0
       0
       0
       0
       0
       0
       0
       0
       0
       0
       1
       0
       0
       0
       0
       0
       0
       0
       0
       0
       0
       0
       0
       0
       0
       0
       0
       2
       1
       0
       0
       0
       0
       0
       0
       0
       0
       0
       0
       0
       0
       0
       0
       0
       0
       0
       0
       0
       0
       0
       0
       0
       0
       0
       0
       0
       0
       0
       0
       0
       0
       0
       0
       0
       0
       0
       0
       1
       0
       0
       0
       0
       0
       0
       0
       0
       0
       0
       0
       0
       0
       0
       0
       1
       0
       0
       0
       0
       0
       0
       0
       1
       0
       0
       0
       0
       0
       0
       0
       0
       0
       0
       0
       0
       0
       1
       0
       0
       0
       0
       0
       0
       0
       0
       0
       1
       0
       0
       0
       0
       0
       0
       0
       0
       0
       0
       0
       0
       0
       0
       0
       0
       0
       1
       0
       0
       0
       0
       0
       0
       0
       0
       0
       0
       0
       0
       0
       0
       1
       0
       0
       0
       0
       0
       0
       0
       0
       0
       0
       0
       0
       1
       0
       0
       0
       0
       0
       0
       0
       1
       0
       0
       0
       0
       0
       0
       0
       0
       0
       0
       0
       0
       0
       1
       0
       0
       0
       0
       0
       0
       0
       1
       0
       0
       0
       0
       0
       0
       0
       0
       0
       0
       0
       0
       0
       0
       0
       0
       1
       0
       0
       0
       0
       0
       0
       0
       0
       1
       0
       0
       0
       1
       1
       0
       0
       0
       0
       0
       1
       0
       0
       0
       0
       0
       0
       0
       0
       0
       0
       0
       0
       0
       0
       0
       0
       0
       0
       0
       0
       0
       0
       0
       0
       0
       0
       0
       0
       0
       0
       0
       0
       0
       0
       0
       0
       0
       0
       0
       0
       0
       0
       0
       0
       0
       0
       0
       0
       0
       0
       0
       0
       0
       0
       1
       0
       1
       0
       0
       0
       0
       0
       0
       0
       0
       0
       0
       0
       0
       0
       0
       0
       0
       0
       0
       0
       0
       0
       0
       2
       0
       0
       0
       0
       0
       0
       0
       0
       0
       0
       0
       0
       0
       0
       0
       0
       0
       0
       0
       0
       0
       0
       0
       1
       0
       0
       0
       0
       0
       0
       0
       0
       0
       0
       0
       0
       0
       1
       0
       0
       0
       0
       0
       0
       0
       0
       0
       0
       0
       0
       0
       0
       0
       0
       0
       0
       0
       0
       0
       0
       0
       0
       0
       0
       0
       1
       0
       0
       0
       0
       0
       0
       0
       0
       0
       0
       0
       0
       0
       0
       0
       0
       0
       0
       0
       0
       0
       0
       0
       0
       0
       0
       0
       0
       0
       0
       0
       0
       0
       0
       0
       0
       0
       0
       0
       0
       0
       0
       0
       0
       0
       0
       0
       0
       0
       0
       1
       0
       0
       0
       0
       0
       0
       0
       0
       0
       0
       0
       0
       0
       0
       0
       0
       0
       0
       0
       0
       0
       0
       0
       0
       0
       0
       0
       0
       0
       0
       0
       0
       0
       0
       0
       0
       0
       0
       1
       0
       0
       0
       0
       0
       0
       0
       0
       0
       0
       0
       0
       0
       0
       0
       0
       0
       0
       0
       0
       0
       0
       0
       0
       0
       0
       0
       0
       0
       0
       0
       0
       0
       0
       0
       0
       0
       0
       0
       0
       0
       0
       0
       0
       0
       0
       0
       0
       0
       0
       0
       0
       0
       0
       0
       0
       0
       0
       0
       0
       0
       0
       0
       0
       0
       0
       0
       0
       0
       0
       0
       0
       0
       0
       0
       0
       0
       0
       0
       0
       0
       0
       0
       0
       0
       0
       0
       0
       0
       0
       0
       0
       0
       0
       0
       0
       0
       0
       0
       0
       0
       0
       0
       0
       0
       0
       0
       0
       0
       0
       0
       0
       0
       0
       0
       0
       0
       0
       0
       0
       0
       0
       0
       0
       0
       0
       0
       0
       0
       0
       0
       0
       0
       0
       0
       0
       0
       0
       0
       0
       0
       0
       0
       0
       0
       0
       0
       0
       0
       0
       0
       0
       0
       0
       0
       0
       0
       0
       0
       0
       0
       0
       0
       0
       0
       0
       0
       0
       0
       0
       0
       0
       1
       0
       0
       0
       0
       0
       0
       0
       0
       0
       0
       0
       0
       0
       0
       0
       0
       0
       0
       0
       0
       0
       0
       0
       0
       0
       0
       0
       0
       0
       0
       0
       0
       0
       0
       0
       0
       0
       0
       0
       0
       0
       0
       0
       0
       0
       0
       0
       1
       0
       0
       0
       0
       0
       0
       0
       0
       0
       0
       0
       0
       1
       0
       0
       0
       0
       0
       0
       0
       0
       0
       0
       0
       0
       0
       0
       0
       0
       0
       0
       0
       0
       0
       0
       0
       0
       0
       0
       0
       0
       0
       0
       0
       0
       0
       1
       1
       0
       4
       0
       3
       0
       5
       1
       0
       0
       0
       0
       0
       0
       0
       0
       0
       0
       0
       0
       0
       0
       0
       0
       0
       0
       0
       0
       0
       0
       0
       0
       0
       0
       0
       0
       0
       0
       0
       0
       0
       0
       0
       0
       0
       0
       0
       0
       0
       0
       0
       0
       0
       0
       0
       0
       0
       0
       0
       0
       0
       0
       0
       0
       0
       0
       0
       0
       0
       0
       0
       0
       0
       0
       0
       0
       0
       0
       0
       0
       0
       0
       0
       0
       0
       0
       0
       0
       0
       0
       0
       0
       0
       0
       0
       0
       0
       0
       0
       0
       0
       0
       0
       0
       0
       0
       0
       0
       0
       0
       0
       0
       0
       0
       0
       0
       0
       0
       0
       0
       0
       0
       0
       0
       0
       0
       0
       0
       0
       0
       0
       0
       0
       0
       0
       0
       0
       0
       0
       0
       0
       0
       0
       0
       0
       1
       0
       0
       0
       0
       0
       0
       0
       0
       0
       0
       0
       0
       0
       0
       0
       0
       0
       0
       0
       0
       0
       0
       0
       0
       0
       0
       0
       0
       0
       0
       0
       0
       0
       0
       0
       0
       0
       0
       0
       0
       0
       0
       0
       0
       0
       0
       0
       0
       0
       0
       0
       0
       0
       0
       0
       0
       0
       0
       0
       0
       0
       0
       0
       0
       0
       0
       0
       0
       0
       0
       0
       0
       0
       0
       0
       0
       0
       0
       0
       0
       0
       0
       0
       0
       0
       0
       0
       0
       0
       0
       0
       0
       0
       0
       0
       0
       0
       0
       0
       0
       0
       0
       0
       0
       0
       0
       0
       0
       0
       0
       0
       0
       0
       0
       0
       0
       0
       0
       0
       0
       0
       0
       0
       0
       0
       0
       0
       0
       0
       0
       1
       0
       0
       0
       0
       0
       0
       0
       0
       0
       0
       0
       0
       0
       0
       0
       0
       0
       0
       0
       0
       0
       0
       0
       0
       0
       0
       0
       0
       0
       0
       0
       0
       0
       0
       0
       0
       0
       0
       0
       0
       0
       0
       0
       0
       0
       0
       0
       0
       0
       0
       0
       0
       0
       0
       0
       0
       0
       0
       0
       0
       0
       0
       0
       0
       0
       0
       0
       0
       1
       0
       0
       0
       0
       0
       0
       0
       0
       0
       0
       0
       0
       0
       0
       0
       0
       0
       0
       0
       0
       0
       0
       0
       0
       0
       0
       0
       0
       0
       0
       0
       0
       0
       0
       0
       0
       0
       0
       0
       0
       0
       0
       0
       0
       0
       0
       0
       0
       0
       0
       0
       0
       0
       0
       0
       0
       0
       0
       0
       0
       0
       0
       0
       0
       0
       0
       0
       0
       0
       0
       0
       0
       0
       0
       0
       0
       0
       0
       0
       0
       0
       0
       0
       0
       0
       0
       0
       0
       0
       0
       0
       0
       0
       0
       0
       0
       0
       0
       0
       0
       0
       0
       0
       0
       0
       0
       0
       0
       0
       0
       0
       0
       0
       0
       0
       0
       0
       0
       0
       0
       0
       0
       0
       0
       0
       0
       0
       0
       0
       0
       0
       0
       0
       0
       0
       0
       0
       0
       0
       0
       0
       0
       0
       0
       0
       0
       0
       0
       0
       0
       0
       0
       0
       0
       0
       0
       0
       0
       0
       0
       0
       0
       0
       0
       0
       0
       0
       0
       0
       0
       0
       0
       0
       0
       0
       0
       0
       0
       0
       0
       0
       0
       0
       0
       0
       0
       0
       0
       0
       0
       0
       0
       0
       0
       0
       0
       0
       0
       0
       0
       0
       0
       0
       0
       0
       0
       0
       0
       0
       0
       0
       0
       0
       0
       0
       0
       0
       0
       0
       0
       0
       0
       0
       0
       1
       0
       0
       0
       0
       0
       0
       0
       0
       0
       0
       0
       0
       0
       0
       0
       0
       0
       0
       0
       0
       0
       0
       0
       0
       0
       0
       0
       0
       0
       0
       0
       0
       0
       0
       0
       0
       0
       0
       0
       0
       0
       0
       0
       0
       0
       0
       0
       0
       0
       0
       0
       0
       0
       0
       0
       0
       0
       0
       0
       0
       0
       0
       0
       0
       0
       0
       0
       0
       0
       0
       0
       0
       0
       0
       0
       0
       0
       0
       0
       0
       0
       0
       0
       0
       0
       0
       0
       0
       0
       0
       0
       0
       0
       0
       0
       0
       0
       0
       0
       0
       0
       0
       0
       0
       0
       0
       0
       0
       0
       0
       0
       0
       0
       0
       0
       0
       0
       0
       0
       0
       0
       0
       0
       0
       0
       0
       0
       0
       0
       0
       0
       0
       0
       0
       0
       0
       0
       0
       0
       0
       0
       0
       0
       0
       0
       0
       0
       0
       0
       0
       0
       0
       0
       0
       0
       0
       0
       0
       0
       0
       0
       0
       0
       0
       0
       0
       0
       0
       0
       0
       0
       0
       0
       0
       0
       0
       0
       0
       0
       0
       0
       0
       0
       0
       0
       0
       0
       0
       0
       0
       0
       0
       0
       0
       0
       0
       0
       0
       0
       0
       0
       0
       0
       0
       0
       0
       0
       0
       0
       0
       0
       0
       0
       0
       0
       0
       0
       0
       0
       0
       0
       0
       0
       0
       0
       0
       0
       0
       0
       0
       0
       0
       0
       0
       0
       0
       0
       0
       0
       0
       0
       0
       0
       0
       0
       0
       0
       0
       0
       0
       0
       0
       0
       0
       0
       0
       0
       0
       0
       0
       0
       0
       0
       0
       0
       0
       0
       0
       0
       0
       0
       0
       0
       0
       0
       0
       0
       0
       0
       0
       0
       0
       0
       0
       0
       0
       0
       0
       0
       0
       0
       0
       0
       1
       0
       0
       0
       0
       0
       0
       0
       0
       0
       0
       0
       0
       0
       0
       0
       0
       0
       0
       0
       0
       0
       0
       0
       0
       0
       0
       0
       0
       0
       0
       0
       0
       0
       0
       0
       0
       0
       0
       0
       0
       0
       0
       0
       0
       0
       0
       0
       0
       0
       0
       0
       0
       0
       0
       0
       0
       0
       0
       0
       0
       0
       0
       0
       0
       0
       0
       0
       0
       0
       0
       0
       0
       0
       0
       0
       0
       0
       0
       0
       0
       0
       0
       0
       0
       0
       0
       0
       0
       0
       0
       0
       0
       0
       0
       0
       0
       0
       0
       0
       0
       0
       0
       0
       0
       0
       0
       0
       0
       0
       0
       0
       0
       0
       0
       0
       0
       0
       0
       0
       0
       0
       0
       0
       0
       0
       0
       0
       0
       0
       0
       0
       0
       0
       0
       0
       0
       0
       0
       0
       0
       0
       0
       0
       0
       0
       0
       0
       0
       0
       0
       0
       0
       0
       0
       0
       0
       0
       0
       0
       0
       0
       0
       0
       0
       0
       0
       0
       0
       0
       0
       0
       0
       0
       0
       0
       0
       0
       0
       0
       0
       0
       0
       0
       0
       0
       0
       0
       0
       0
       0
       0
       0
       0
       0
       0
       0
       0
       0
       0
       0
       0
       0
       0
       0
       0
       0
       0
       0
       0
       0
       0
       0
       0
       0
       0
       0
       0
       0
       0
       0
       0
       0
       0
       0
       0
       0
       0
       0
       0
       0
       0
       0
       0
       0
       0
       0
       0
       0
       0
       0
       0
       0
       0
       0
       0
       0
       0
       0
       0
       0
       0
       0
       0
       0
       0
       0
       0
       0
       0
       0
       0
       0
       0
       0
       0
       0
       0
       0
       0
       0
       0
       0
       0
       0
       0
       0
       0
       0
       0
       0
       0
       0
       0
       0
       0
       0
       0
       0
       0
       0
       0
       0
       0
       0
       0
       0
       0
       0
       0
       0
       0
       0
       0
       0
       0
       0
       0
       0
       0
       0
       0
       0
       0
       0
       0
       0
       0
       0
       0
       0
       0
       0
       0
       0
       0
       0
       0
       0
       0
       0
       0
       0
       0
       0
       0
       0
       0
       0
       0
       0
       0
       0
       0
       0
       0
       0
       0
       0
       0
       0
       0
       0
       0
       0
       0
       0
       0
       0
       0
       0
       0
       0
       0
       0
       0
       0
       0
       0
       0
       0
       0
       0
       0
       0
       0
       0
       0
       0
       0
       0
       0
       0
       0
       0
       0
       0
       0
       0
       0
       0
       0
       0
       0
       0
       0
       0
       0
       0
       0
       0
       0
       1
       0
       0
       0
       0
       0
       0
       0
       0
       0
       0
       0
       0
       0
       0
       0
       0
       0
       0
       0
       0
       0
       0
       0
       0
       0
       0
       0
       0
       0
       0
       0
       0
       0
       0
       0
       0
       0
       0
       0
       0
       0
       0
       0
       0
       0
       0
       0
       0
       0
       0
       0
       0
       0
       0
       0
       0
       0
       0
       0
       0
       0
       0
       1
       0
       0
       0
       0
       0
       0
       0
       0
       0
       0
       0
       0
       0
       0
       0
       0
       0
       0
       0
       0
       0
       0
       0
       0
       0
       0
       0
       0
       0
       0
       0
       0
       0
       0
       0
       0
       0
       0
       0
       0
       0
       0
       0
       0
       0
       0
       0
       0
       0
       0
       0
       0
       0
       0
       0
       0
       0
       0
       0
       0
       0
       0
       0
       0
       0
       0
       0
       0
       0
       0
       0
       0
       0
       0
       0
       0
       0
       0
       0
       0
       0
       0
       0
       0
       0
       0
       0
       0
       0
       0
       0
       0
       0
       0
       0
       0
       0
       0
       0
       0
       0
       0
       0
       0
       0
       0
       0
       0
       0
       0
       0
       0
       0
       0
       0
       0
       0
       0
       0
       0
       0
       0
       0
       0
       0
       0
       0
       0
       0
       0
       0
       0
       0
       0
       0
       0
       0
       0
       0
       0
       0
       0
       0
       0
       0
       0
       0
       0
       0
       0
       0
       0
       0
       0
       0
       0
       0
       0
       0
       0
       0
       0
       0
       0
       0
       0
       0
       0
       0
       0
       0
       0
$ROI:
0
$PRESETS:
Real Time
180
0
$ENER_FIT:
0.888569 0.390988
$MCA_CAL:
3
8.885689E-001 3.909876E-001 3.191953E-008 keV
$SHAPE_CAL:
3
0.000000E+000 0.000000E+000 0.000000E+000
