$SPEC_ID:
1
$SPEC_REM:
DET# 2
DETDESC# MCB 130 Normal
AP# Maestro Version 7.01
$DATE_MEA:
09/22/2019 06:19:46
$MEAS_TIM:
178 180
$DATA:
0 8191
       0
       0
       0
       0
       0
       0
       0
       0
       0
       0
       0
       0
       0
       0
       0
       0
       0
       0
       0
       0
       0
       0
       0
       0
       0
       0
      10
     219
      55
      17
      24
      48
      85
     144
     151
      86
      64
      65
      47
      51
      76
      78
     109
     108
     140
      74
      47
      39
      38
      38
      39
      62
      72
      59
      39
      35
      46
      54
      63
      63
      62
      49
      30
      39
      34
      37
      49
      38
      54
      37
      33
      38
      39
      34
      40
      40
      44
      35
      32
      52
      37
      40
      40
      28
      40
      30
      45
      32
      35
      36
      40
      42
      39
      33
      38
      40
      32
      42
      33
      27
      38
      39
      29
      32
      45
      32
      44
      29
      39
      33
      31
      35
      43
      46
      54
      67
      46
      46
      37
      51
      56
      35
      46
      43
      39
      43
      47
      38
      48
      46
      49
      61
      49
      65
      54
      43
      49
      50
      47
      50
      59
      41
      57
      61
      56
      54
      55
      46
      62
      64
      59
      66
      72
      56
      63
      83
      72
      91
      74
      64
      59
      75
      67
      57
      67
      56
      73
      53
      74
      68
      64
      70
      87
      76
      75
      68
      68
      70
      94
      81
      73
     105
      96
      86
     124
     100
      91
      95
      90
     139
     108
     107
      98
      96
      99
     116
      96
      76
      90
      84
      98
      84
      81
      86
      91
      92
     101
      86
     103
     104
      89
      96
     100
     114
     133
      96
     110
      94
     105
     114
     119
     109
     117
      93
     119
      99
      88
     114
     106
     115
      89
      84
     112
     110
     102
     111
      93
     113
     105
      98
     115
     103
     126
      89
     106
     111
     108
     118
      87
     104
     103
     150
     253
     317
     191
     132
      94
      98
      84
     106
     111
     128
     188
     351
     383
     253
     123
     125
     174
     407
     458
     327
     140
      81
      88
      72
      73
      84
      81
      85
      96
      93
     116
      80
      92
      73
      65
      84
      94
      75
      89
      88
      91
      95
      91
     103
     118
     137
     148
     116
     103
     102
      80
      69
      71
      83
     110
     101
     113
      99
      80
      88
      59
      89
      97
      71
      89
      73
      80
      79
      85
      77
      63
      66
      81
      75
      77
      81
      73
      67
      66
      89
      78
      67
      75
      75
      67
      78
      79
      70
      69
      88
      72
      69
      61
      59
      76
      66
      64
      79
      66
      63
      75
      54
      56
      69
      68
      60
      66
      63
      76
      72
      63
      69
      65
      66
      66
      68
      62
      57
      69
      68
      68
      60
      62
      72
      72
      55
      57
      47
      56
      77
      58
      50
      67
      49
      59
      56
      74
      52
      65
      46
      50
      49
      66
      64
      49
      45
      58
      50
      54
      45
      53
      62
      47
      43
      54
      58
      60
      50
      53
      65
      60
      61
      47
      57
      74
      55
      47
      62
      56
      56
      50
      63
      57
      55
      41
      36
      37
      46
      52
      55
      53
      54
      56
      49
      52
      46
      47
      42
      60
      48
      43
      46
      41
      46
      45
      44
      42
      46
      35
      40
      52
      50
      44
      30
      37
      41
      46
      39
      49
      42
      43
      33
      35
      50
      40
      37
      35
      38
      33
      47
      36
      48
      32
      41
      55
      34
      53
      43
      38
      40
      39
      29
      44
      47
      44
      34
      33
      34
      38
      34
      43
      39
      31
      27
      40
      38
      35
      29
      29
      44
      44
      42
      42
      45
      39
      47
      42
      33
      31
      30
      30
      39
      35
      21
      24
      39
      38
      30
      37
      37
      40
      33
      36
      45
      34
      29
      35
      31
      29
      34
      30
      37
      48
      70
      77
      48
      48
      39
      29
      32
      22
      34
      22
      30
      24
      34
      36
      24
      45
      29
      38
      35
      29
      43
      30
      24
      32
      31
      36
      26
      17
      17
      35
      37
      28
      30
      28
      28
      33
      25
      33
      31
      25
      31
      20
      34
      35
      34
      34
      67
      99
     108
      88
      43
      26
      23
      26
      26
      23
      27
      24
      27
      24
      26
      20
      22
      28
      23
      27
      30
      18
      27
      31
      16
      25
      27
      26
      40
      45
      35
      31
      21
      23
      30
      26
      36
      27
      37
      18
      17
      16
      25
      20
      24
      25
      26
      31
      24
      10
      29
      19
      27
      27
      20
      22
      17
      28
      20
      22
      19
      23
      19
      24
      18
      16
      26
      20
      24
      18
      20
      14
      14
      17
      23
      19
      15
      19
      14
      19
      28
      22
      11
      23
      22
      12
      28
      20
      23
      15
      18
      21
      13
      17
      18
      20
      16
      13
      16
      25
      19
      23
      21
      14
      22
      19
      14
      18
      17
      21
      19
      20
      23
      21
      16
      19
      17
      19
      15
      18
      20
      14
      21
      16
      16
      22
      41
      86
     120
      99
      39
      23
      31
      20
      22
      16
      20
      18
      20
      17
      19
      24
      17
      11
      16
      12
      11
      19
      23
      23
      22
      11
      11
      20
       7
      20
      16
      18
      16
      12
      18
      21
      10
       8
      10
       9
      13
      18
      11
      10
      11
      13
      29
      30
      32
      35
      36
      20
      15
      17
      27
      32
      56
      46
      33
      18
       7
      17
      11
      18
      21
      17
       8
      10
      13
       7
      19
       5
      14
      10
      12
      19
      12
       8
      11
      12
      21
      22
      30
      21
      15
      10
      11
      12
      16
       9
      10
       9
       7
      12
      12
      14
      13
      10
      16
      14
      31
      37
      56
      25
      13
      13
       5
      12
       8
      12
      10
      13
      16
       9
      13
      20
      12
      10
       3
      10
       5
      10
      10
       6
      13
       9
       6
       8
      12
      11
      16
      12
      15
       9
      19
      13
       6
       7
      11
      13
       8
       7
       9
       7
       9
       9
      13
      22
      28
      16
      19
       9
       4
       8
       5
      13
      10
      10
      18
      12
      10
      11
       7
      12
       9
       9
       5
       9
       6
      11
       6
      12
      18
       9
      14
       9
      14
       7
       7
       8
       2
       6
       4
       8
       5
      14
      12
      13
      12
       7
      12
      21
      39
      30
      22
      10
       3
       9
       9
       5
       5
       4
       2
      10
      12
       8
       6
      10
       4
       8
      12
      10
       4
       6
       5
       6
       7
      12
       8
       7
       7
       9
      11
       5
       5
       6
      13
       5
       7
       4
       8
      10
       4
       7
       7
      10
       9
      10
      10
      12
      13
       9
      15
       7
       8
       8
       6
      11
       7
      10
       6
       8
       7
       3
       3
      15
       6
       7
       9
      10
       6
       7
       6
       9
       7
       5
       7
       8
       7
       8
       9
       9
      10
      13
       9
      10
       6
       7
      10
       6
       4
      10
       6
       7
       6
       5
       3
       8
       9
       4
      10
       6
       7
      10
       7
      10
       3
       6
       6
       5
       8
       8
       3
       7
      11
       4
       5
       6
       2
       5
       5
       7
       9
       4
      10
       8
       8
      11
       6
       4
       8
       3
       9
       4
       4
       5
      10
       7
       6
       8
       9
       6
       4
       5
       0
       7
       7
       4
       6
      11
       4
       7
       6
       3
       4
       7
       6
       7
       6
       4
       3
       3
       3
       8
       5
       6
       4
       5
       5
       6
       3
       6
       5
       7
      12
       8
       5
      10
       9
       1
       5
      10
       7
       8
       3
       9
       4
      10
       5
      10
       4
       3
       4
       7
       7
       7
       4
       3
       3
       5
       9
       1
       8
       5
       6
       1
      13
       8
       8
       7
       4
       6
       6
       6
      16
       5
       4
       5
       4
       7
       3
       8
       2
       1
       3
       3
       7
       7
       3
       9
       2
       7
       6
       4
       3
       2
       3
       4
       5
       5
       4
       9
       6
       8
       3
       6
       7
       7
       4
       4
       6
       5
       5
       3
       1
       3
       6
       7
       3
       2
       3
       3
       5
       4
       6
       3
       3
       3
       2
      10
       6
       6
       7
       2
       8
       3
       5
       4
       3
       4
       3
       3
       2
       4
       4
       4
       8
       8
       4
       5
       4
       2
       5
       7
       6
       4
       4
       6
      10
       5
      18
      16
      13
       5
       5
       4
       5
       4
       7
       5
       2
       5
       8
       3
       7
       4
       4
       4
       4
       3
       3
       7
       2
       9
       3
       2
       7
       3
       5
       6
       0
       2
       2
       3
       2
       7
       8
      12
       8
       1
       2
       6
       4
      10
       4
       7
       3
       4
       5
       6
       5
       2
       4
       3
       3
       5
       4
       4
       3
       2
       0
       4
       0
       5
       2
       4
       2
       5
       5
       4
       4
       1
       8
      10
      18
       5
       4
       8
       3
       3
       2
       6
       4
       3
       5
       5
       5
       2
       5
       4
       4
       5
       6
       4
       2
       5
       1
       1
       3
       3
       3
       7
       2
       5
       7
       3
       3
       7
       6
      12
       5
      10
       2
       4
       7
       6
       4
      10
       6
       5
       4
       3
       2
       5
       2
       4
       2
       6
       1
       4
       2
       3
       4
       5
       4
       2
       5
       1
       5
       6
       1
       2
       9
       6
       3
       1
       5
       6
       2
       3
       4
       5
       2
       3
       2
       4
       3
       6
       3
       4
       1
       5
       4
       2
       3
       3
       4
       2
       4
       7
       3
       2
       4
       7
       1
       3
       4
       1
       5
       6
       3
       5
       2
       5
       2
       1
       2
       4
       1
       3
       2
       4
       0
       5
       3
       7
       2
       6
       4
       3
       2
       1
       6
       3
       3
       0
       1
       8
       2
       1
       1
       5
       7
       2
       5
       1
       5
       5
       1
       5
       2
       3
       2
       2
       4
       2
       3
       3
       3
       4
       3
       1
       3
       2
       5
       6
       2
       4
       2
       1
       3
       3
       5
       2
       9
       3
       2
       2
       1
       4
       2
       3
       3
       4
       3
       5
       4
       5
       3
       5
       4
       2
       2
       2
       4
       2
       6
       2
       2
       3
       6
       3
       2
       0
       3
       2
       4
       2
       1
       3
       3
       4
       6
       2
       4
       4
       5
       2
       6
       4
       4
       5
       2
       1
       6
       9
      11
       5
       2
       3
       3
       1
       1
       4
       0
       5
       5
       5
       4
       6
       4
       3
       4
       1
       1
       4
       3
       2
       4
       4
       3
       5
       3
       2
       2
       2
       3
       2
       2
       4
       6
       3
       2
       3
       2
       0
       4
       3
       6
       1
       1
       1
       1
       3
       7
       1
       5
       6
       2
       7
       5
       4
       3
       2
       3
       2
       6
       3
       0
       5
      15
      10
      19
      26
      12
       4
       2
       4
       1
       2
       0
       2
       3
       2
       1
       5
       3
       3
       4
       4
       2
       4
       3
       0
       1
       7
       1
       3
       2
       0
       1
       1
       1
       3
       4
       2
       3
       2
       3
       2
       1
       2
       2
       2
       4
       1
       0
       7
       0
       2
       3
       3
       1
       2
       3
       2
       4
       4
       1
       1
       3
       3
       2
       1
       0
       0
       2
       0
       2
       4
       1
       2
       2
       4
       4
       1
       2
       1
       3
       2
       0
       4
       1
       3
       2
       2
       1
       0
       2
       3
       7
       2
       3
       0
       5
       1
       2
       0
       1
       2
       2
       0
       2
       3
       0
       2
       2
       3
       4
       0
       1
       1
       1
       3
       1
       2
       4
       3
       0
       2
       0
       4
       2
       2
       1
       3
       4
       7
       1
       0
       5
       5
       2
       5
       3
       5
       3
       4
       6
       2
       1
       2
       2
       1
       4
       1
       1
       6
       0
       1
       1
       3
       3
       4
       3
       1
       4
       4
       2
       1
       2
       0
       1
       6
       3
       0
       1
       0
       1
       5
       3
       4
       2
       1
       2
       0
       3
       3
       3
       0
       3
       1
       0
       1
       2
       1
       1
       0
       3
       3
       3
       2
       4
       4
       2
       2
       2
       1
       1
       1
       1
       3
       1
       1
       1
       3
       2
       1
       1
       3
       3
       1
       1
       1
       4
       2
       5
       2
       3
       2
       0
       0
       0
       3
       2
       0
       1
       2
       3
       0
       1
       0
       0
       2
       2
       6
       4
       3
       0
       0
       3
       2
       1
       2
       2
       2
       1
       2
       1
       3
       2
       1
       4
       4
       1
       1
       3
       1
       0
       3
       3
       1
       3
       2
       3
       1
       1
       0
       1
       0
       1
       1
       0
       0
       4
       1
       0
       2
       2
       5
       3
       2
       1
       2
       0
       3
       2
       2
       1
       1
       2
       2
       3
       2
       3
       1
       3
       3
       2
       1
       1
       3
       4
       4
       0
       4
       3
       4
       1
       2
       1
       3
       2
       2
       0
       2
       1
       0
       1
       1
       0
       1
       0
       4
       2
       2
       1
       3
       1
       1
       0
       3
       2
       2
       2
       0
       1
       2
       2
       2
       2
       1
       2
       2
       3
       1
       1
       2
       0
       1
       1
       1
       3
       2
       1
       1
       2
       4
       1
       2
       6
       4
       0
       1
       0
       3
       0
       1
       1
       2
       4
       1
       1
       2
       2
       0
       1
       1
       2
       3
       4
       4
       0
       1
       2
       4
       3
       0
       0
       5
       1
       1
       2
       3
       0
       1
       3
       0
       0
       1
       2
       6
       3
       2
       3
       5
       1
       2
       3
       5
       3
       3
       3
       1
       0
       0
       3
       4
       7
       3
       0
       1
       3
       3
       0
       0
       4
       2
       3
       2
       0
       3
       3
       2
       3
       1
       1
       3
       3
       1
       1
       0
       1
       1
       0
       2
       1
       3
       1
       0
       1
       1
       2
       0
       2
       3
       2
       1
       1
       1
       1
       1
       0
       2
       0
       1
       1
       3
       2
       3
       2
       4
       1
       1
       1
       2
       5
       1
       2
       3
       3
       2
       2
       1
       0
       1
       1
       2
       1
       0
       2
       1
       1
       0
       1
       3
       1
       2
       3
       3
       1
       1
       2
       1
       3
       0
       2
       0
       4
       0
       3
       1
       2
       2
       0
       4
       2
       2
       1
       0
       4
       2
       2
       0
       0
       1
       2
       1
       1
       1
       1
       2
       1
       1
       0
       1
       3
       2
       0
       0
       3
       0
       0
       2
       3
       0
       0
       0
       3
       2
       2
       0
       0
       1
       3
       2
       3
       3
       3
       1
       3
       2
       1
       2
       3
       1
       1
       1
       2
       0
       1
       0
       3
       2
       1
       1
       2
       2
       1
       3
       0
       2
       1
       0
       3
       1
       1
       3
       4
       2
       2
       0
       3
       3
       0
       1
       1
       0
       3
       0
       2
       0
       1
       2
       3
       1
       0
       0
       2
       1
       0
       1
       1
       1
       0
       1
       1
       0
       2
       2
       0
       0
       1
       1
       0
       1
       2
       0
       4
       0
       1
       1
       3
       3
       2
       0
       2
       0
       0
       1
       4
       2
       1
       2
       0
       1
       4
       4
       1
       1
       1
       2
       2
       2
       2
       1
       1
       0
       1
       4
       1
       5
       1
       2
       2
       4
       2
       2
       1
       2
       1
       1
       0
       0
       0
       5
       2
       2
       1
       1
       2
       2
       0
       1
       2
       2
       3
       1
       0
       2
       5
       7
      12
       9
      23
       7
       4
       1
       0
       2
       1
       0
       1
       1
       3
       0
       0
       2
       3
       1
       2
       3
       1
       2
       1
       0
       0
       3
       4
       1
       5
       4
       1
       2
       0
       2
       1
       3
       5
       2
       0
       1
       2
       1
       1
       3
       1
       0
       0
       1
       0
       0
       1
       0
       2
       3
       2
       0
       1
       1
       0
       0
       0
       1
       1
       2
       1
       2
       2
       1
       4
       1
       0
       5
       1
       0
       1
       1
       1
       1
       1
       0
       2
       2
       3
       3
       6
       3
       0
       4
       1
       2
       1
       1
       1
       2
       3
       2
       0
       2
       1
       1
       1
       2
       0
       4
       1
       1
       0
       1
       1
       3
       0
       1
       2
       1
       2
       2
       3
       1
       1
       0
       1
       1
       1
       2
       0
       0
       1
       1
       4
       0
       1
       3
       2
       0
       1
       1
       0
       1
       1
       2
       0
       0
       2
       2
       2
       0
       1
       0
       1
       0
       1
       1
       2
       0
       1
       0
       2
       1
       0
       0
       0
       1
       0
       1
       2
       1
       0
       0
       1
       0
       2
       3
       1
       1
       2
       1
       1
       0
       0
       0
       0
       0
       2
       2
       1
       0
       3
       2
       0
       1
       2
       2
       2
       0
       1
       2
       1
       2
       1
       1
       0
       2
       1
       1
       1
       1
       0
       1
       1
       2
       1
       2
       2
       4
       6
       2
       2
       5
       3
       1
       3
       4
      10
       7
       6
       2
       6
       1
       4
       1
       3
       6
       4
       5
       2
       1
       1
       1
       1
       0
       0
       0
       1
       1
       1
       1
       1
       1
       1
       1
       4
       2
       1
       0
       1
       1
       2
       1
       4
       1
       1
       1
       2
       1
       0
       2
       1
       0
       2
       1
       1
       1
       0
       2
       1
       0
       0
       1
       0
       1
       3
       1
       0
       2
       0
       1
       1
       2
       1
       0
       1
       1
       1
       1
       0
       1
       4
       0
       0
       1
       1
       0
       1
       0
       3
       2
       1
       0
       2
       1
       3
       0
       3
       1
       1
       0
       0
       0
       1
       3
       0
       3
       3
       1
       3
       1
       0
       0
       1
       0
       3
       0
       0
       2
       1
       2
       0
       2
       1
       2
       1
       2
       0
       0
       0
       2
       1
       1
       2
       2
       0
       0
       0
       0
       0
       1
       1
       0
       0
       1
       1
       0
       2
       1
       0
       2
       0
       1
       0
       0
       1
       2
       2
       0
       1
       2
       0
       5
       0
       0
       0
       0
       1
       1
       1
       1
       1
       0
       0
       0
       0
       1
       2
       1
       1
       0
       0
       1
       3
       0
       1
       0
       2
       0
       2
       5
       0
       1
       1
       1
       1
       1
       0
       0
       0
       0
       1
       1
       0
       1
       0
       1
       2
       1
       0
       1
       1
       1
       1
       0
       0
       0
       3
       0
       0
       0
       1
       2
       0
       1
       1
       0
       2
       1
       2
       0
       2
       2
       1
       3
       0
       1
       1
       0
       1
       0
       0
       0
       1
       0
       1
       0
       2
       0
       3
       1
       0
       0
       2
       0
       0
       1
       0
       1
       1
       1
       1
       0
       3
       1
       3
       1
       0
       0
       2
       0
       5
       1
       1
       0
       0
       0
       3
       0
       1
       3
       0
       1
       0
       1
       0
       0
       1
       0
       2
       0
       0
       0
       1
       1
       1
       0
       0
       0
       4
       1
       0
       1
       0
       0
       4
       0
       0
       1
       4
       0
       1
       3
       0
       0
       2
       0
       2
       0
       0
       0
       0
       1
       0
       1
       0
       0
       0
       1
       1
       0
       3
       1
       0
       1
       1
       3
       0
       0
       0
       2
       2
       1
       3
       1
       2
       0
       2
       0
       0
       2
       0
       0
       1
       0
       1
       0
       4
       0
       0
       2
       1
       0
       0
       0
       1
       3
       1
       1
       0
       0
       0
       0
       2
       3
       1
       2
       3
       0
       1
       2
       0
       1
       3
       1
       2
       0
       2
       1
       3
       1
       2
       0
       2
       1
       2
       0
       0
       0
       2
       5
       5
       9
       7
       5
       8
       2
       5
       2
       4
       0
       1
       1
       2
       0
       1
       0
       0
       3
       0
       0
       0
       2
       0
       0
       1
       0
       3
       0
       0
       4
       2
       0
       0
       0
       1
       1
       0
       1
       1
       0
       1
       1
       0
       0
       1
       1
       0
       0
       0
       1
       0
       0
       0
       1
       0
       1
       4
       0
       0
       1
       2
       0
       0
       1
       0
       0
       1
       0
       3
       3
       0
       1
       0
       0
       0
       0
       0
       1
       1
       1
       1
       0
       1
       1
       0
       0
       0
       2
       1
       0
       3
       1
       0
       1
       1
       1
       1
       0
       1
       0
       0
       0
       2
       2
       1
       1
       0
       2
       1
       0
       0
       1
       0
       0
       1
       1
       0
       1
       0
       0
       1
       2
       1
       1
       0
       1
       1
       1
       0
       0
       1
       1
       1
       1
       0
       2
       3
       5
       9
       7
       4
       5
       2
       3
       0
       1
       1
       0
       1
       5
       6
       4
       6
       2
       2
       2
       0
       0
       0
       2
       0
       2
       2
       1
       0
       1
       1
       1
       1
       0
       1
       1
       0
       0
       1
       0
       2
       0
       1
       0
       4
       1
       1
       0
       1
       1
       1
       1
       1
       0
       0
       0
       1
       0
       0
       1
       1
       0
       1
       1
       0
       1
       0
       1
       2
       3
       2
       2
       0
       1
       1
       0
       1
       2
       0
       2
       1
       0
       1
       0
       1
       0
       2
       0
       1
       1
       2
       0
       1
       0
       2
       3
       1
       2
       1
       0
       1
       0
       2
       4
       1
       2
       2
       1
       1
       0
       0
       2
       1
       2
       0
       1
       0
       1
       0
       0
       2
       1
       1
       0
       2
       1
       0
       0
       2
       0
       0
       1
       0
       0
       1
       1
       2
       0
       1
       1
       1
       0
       1
       1
       0
       1
       0
       1
       2
       1
       1
       1
       2
       0
       0
       0
       0
       2
       0
       1
       0
       2
       2
       0
       0
       2
       1
       3
       2
       4
       3
       2
       3
       2
       0
       0
       0
       0
       0
       3
       0
       0
       0
       0
       0
       2
       0
       1
       0
       1
       0
       2
       0
       0
       1
       0
       1
       0
       0
       1
       2
       0
       0
       1
       0
       0
       0
       0
       1
       0
       0
       0
       2
       1
       0
       1
       0
       0
       0
       0
       0
       0
       2
       1
       0
       1
       0
       0
       0
       0
       0
       0
       0
       0
       1
       0
       1
       0
       0
       0
       1
       1
       0
       0
       0
       3
       1
       1
       0
       0
       0
       1
       4
       2
       7
       2
       3
       3
       0
       0
       1
       1
       0
       0
       3
       2
       1
       1
       0
       1
       5
       0
       1
       0
       0
       0
       0
       3
       0
       1
       1
       1
       0
       1
       2
       1
       0
       0
       3
       0
       1
       2
       0
       0
       0
       0
       2
       0
       0
       1
       0
       0
       0
       0
       0
       0
       0
       1
       0
       0
       1
       0
       1
       1
       0
       0
       2
       0
       0
       2
       0
       0
       0
       0
       0
       1
       2
       1
       1
       1
       0
       1
       0
       0
       1
       0
       1
       0
       0
       0
       1
       0
       1
       0
       0
       0
       0
       0
       1
       0
       0
       0
       0
       0
       2
       2
       3
       0
       4
       0
       1
       1
       2
       0
       0
       0
       1
       0
       0
       0
       0
       0
       1
       0
       0
       1
       0
       2
       0
       2
       0
       0
       3
       0
       0
       0
       0
       0
       0
       0
       1
       2
       0
       1
       0
       1
       1
       1
       0
       0
       0
       2
       0
       0
       0
       0
       2
       3
       5
       6
       4
       7
       1
       4
       0
       2
       1
       0
       0
       0
       0
       0
       3
       0
       2
       1
       0
       0
       0
       1
       0
       0
       0
       0
       0
       0
       1
       0
       1
       0
       0
       1
       0
       0
       0
       1
       0
       0
       2
       0
       0
       0
       0
       0
       3
       1
       0
       2
       0
       1
       0
       0
       0
       0
       1
       0
       1
       0
       0
       0
       0
       1
       0
       1
       1
       0
       0
       0
       0
       0
       0
       0
       0
       0
       1
       1
       0
       0
       0
       2
       1
       0
       0
       0
       0
       0
       2
       0
       0
       0
       0
       0
       0
       1
       0
       0
       2
       0
       0
       0
       0
       0
       0
       0
       0
       0
       0
       0
       0
       0
       0
       0
       0
       1
       0
       1
       1
       1
       0
       1
       2
       0
       1
       1
       1
       0
       0
       0
       0
       0
       0
       0
       0
       1
       0
       1
       0
       0
       0
       0
       0
       0
       0
       0
       1
       1
       0
       1
       1
       0
       0
       0
       0
       0
       0
       0
       0
       0
       0
       1
       0
       1
       0
       1
       1
       0
       0
       0
       0
       0
       0
       0
       0
       1
       1
       0
       0
       1
       0
       1
       0
       0
       0
       0
       2
       0
       0
       0
       0
       1
       0
       0
       1
       1
       1
       0
       0
       0
       1
       0
       1
       0
       0
       0
       1
       0
       2
       1
       1
       0
       0
       0
       0
       0
       0
       0
       0
       0
       0
       1
       0
       0
       0
       0
       0
       0
       0
       1
       0
       0
       0
       0
       0
       0
       0
       0
       0
       0
       0
       0
       0
       0
       0
       0
       0
       0
       0
       0
       0
       1
       0
       1
       0
       0
       1
       0
       0
       1
       2
       0
       0
       0
       0
       0
       0
       0
       0
       0
       0
       0
       1
       0
       1
       1
       0
       0
       0
       0
       0
       0
       1
       0
       0
       0
       0
       0
       0
       0
       0
       0
       0
       0
       0
       1
       0
       0
       0
       1
       0
       0
       0
       0
       0
       0
       0
       0
       0
       1
       0
       0
       1
       0
       0
       0
       0
       1
       0
       0
       0
       2
       0
       0
       2
       0
       4
       7
      13
      26
      27
      25
      17
      11
       6
       1
       1
       0
       0
       0
       0
       1
       0
       0
       0
       0
       0
       0
       1
       1
       0
       0
       0
       0
       1
       0
       0
       0
       0
       2
       1
       0
       0
       1
       0
       0
       0
       0
       0
       0
       0
       2
       0
       0
       0
       0
       0
       0
       1
       0
       0
       1
       2
       0
       0
       0
       0
       0
       0
       0
       0
       0
       0
       0
       1
       0
       0
       0
       0
       0
       0
       0
       0
       0
       0
       1
       0
       0
       1
       0
       0
       0
       0
       0
       0
       0
       0
       0
       0
       0
       0
       0
       0
       1
       0
       0
       0
       1
       1
       1
       0
       1
       0
       0
       0
       0
       0
       0
       0
       0
       0
       0
       0
       0
       0
       0
       1
       0
       0
       1
       0
       0
       0
       0
       1
       0
       0
       0
       0
       1
       0
       0
       0
       0
       0
       1
       1
       0
       0
       0
       0
       0
       0
       1
       1
       0
       1
       0
       0
       0
       0
       0
       0
       0
       0
       0
       0
       0
       1
       0
       0
       0
       0
       0
       1
       0
       0
       1
       0
       1
       0
       0
       2
       0
       1
       0
       0
       0
       0
       0
       0
       1
       0
       0
       1
       0
       0
       0
       0
       0
       0
       0
       0
       0
       0
       0
       0
       0
       0
       0
       0
       0
       0
       0
       0
       0
       0
       0
       1
       0
       0
       0
       0
       0
       0
       0
       0
       0
       0
       0
       0
       1
       0
       0
       0
       0
       0
       0
       0
       0
       0
       0
       0
       0
       0
       0
       0
       0
       0
       1
       0
       0
       1
       0
       0
       0
       0
       0
       0
       0
       0
       0
       0
       0
       0
       0
       0
       1
       0
       0
       0
       0
       0
       0
       0
       0
       0
       0
       0
       0
       0
       0
       0
       0
       0
       0
       0
       0
       1
       0
       0
       0
       0
       0
       0
       0
       0
       0
       0
       0
       0
       0
       0
       0
       0
       0
       0
       1
       0
       0
       0
       0
       0
       0
       1
       0
       0
       0
       0
       0
       0
       0
       2
       0
       0
       1
       0
       0
       0
       0
       0
       0
       0
       0
       1
       0
       0
       0
       0
       0
       0
       0
       1
       0
       0
       0
       1
       0
       0
       0
       0
       1
       0
       0
       0
       0
       0
       1
       0
       1
       0
       0
       0
       1
       0
       0
       0
       0
       0
       0
       0
       0
       0
       0
       0
       0
       0
       1
       0
       0
       0
       1
       0
       0
       0
       0
       0
       1
       0
       0
       1
       0
       1
       0
       0
       0
       0
       0
       0
       0
       0
       0
       0
       0
       0
       0
       0
       0
       0
       0
       0
       0
       0
       0
       0
       0
       0
       0
       0
       0
       0
       0
       0
       0
       0
       0
       0
       0
       0
       0
       1
       0
       0
       0
       0
       1
       0
       0
       0
       0
       0
       0
       0
       0
       0
       0
       0
       0
       0
       0
       0
       0
       0
       0
       0
       0
       0
       0
       0
       0
       0
       0
       0
       0
       0
       0
       0
       0
       0
       0
       1
       0
       0
       0
       0
       0
       1
       0
       0
       0
       0
       0
       0
       0
       0
       0
       0
       0
       0
       0
       0
       0
       0
       0
       0
       0
       0
       0
       0
       0
       0
       0
       0
       1
       1
       0
       0
       0
       0
       0
       0
       0
       0
       0
       1
       0
       0
       0
       0
       0
       0
       0
       0
       0
       0
       0
       0
       1
       0
       0
       0
       0
       0
       0
       0
       0
       0
       0
       0
       1
       1
       0
       0
       0
       0
       0
       0
       0
       0
       0
       0
       0
       1
       1
       0
       0
       1
       0
       0
       0
       0
       0
       0
       0
       0
       0
       0
       1
       0
       0
       0
       0
       0
       0
       0
       0
       0
       0
       0
       0
       0
       0
       0
       0
       1
       0
       0
       0
       2
       0
       0
       0
       0
       0
       0
       0
       0
       0
       0
       0
       0
       0
       0
       0
       0
       0
       0
       0
       0
       0
       1
       0
       0
       0
       0
       0
       0
       0
       0
       0
       0
       0
       0
       0
       0
       0
       0
       0
       0
       0
       0
       0
       0
       0
       0
       0
       0
       0
       0
       0
       0
       0
       0
       0
       0
       0
       0
       0
       0
       0
       0
       0
       0
       0
       0
       0
       0
       0
       1
       0
       0
       0
       0
       0
       1
       0
       0
       0
       0
       0
       0
       0
       0
       0
       0
       0
       0
       0
       1
       0
       0
       0
       0
       0
       0
       0
       1
       1
       0
       0
       0
       0
       0
       0
       1
       2
       0
       1
       0
       0
       0
       0
       0
       0
       0
       0
       0
       0
       0
       0
       0
       0
       0
       0
       0
       0
       0
       0
       0
       1
       0
       0
       0
       0
       0
       0
       0
       0
       0
       0
       0
       0
       0
       0
       0
       0
       0
       0
       0
       0
       1
       0
       0
       0
       0
       0
       0
       0
       0
       0
       0
       0
       0
       0
       0
       0
       0
       0
       0
       0
       0
       0
       0
       1
       0
       0
       0
       0
       1
       0
       0
       0
       0
       0
       0
       0
       0
       0
       0
       0
       0
       0
       0
       1
       0
       4
       1
       1
       2
       1
       1
       1
       0
       1
       0
       0
       0
       0
       0
       0
       0
       0
       0
       1
       0
       0
       0
       0
       0
       0
       1
       0
       0
       0
       1
       0
       0
       0
       0
       0
       0
       0
       0
       0
       0
       0
       0
       0
       0
       0
       0
       0
       0
       0
       1
       0
       0
       0
       1
       0
       0
       0
       0
       0
       0
       1
       0
       0
       0
       0
       0
       0
       2
       0
       1
       0
       0
       0
       0
       0
       0
       0
       0
       0
       0
       0
       0
       0
       1
       0
       0
       0
       0
       0
       0
       0
       0
       0
       0
       0
       0
       0
       0
       0
       1
       0
       0
       0
       0
       0
       0
       0
       0
       0
       0
       0
       0
       0
       0
       0
       0
       0
       0
       0
       0
       0
       0
       0
       0
       0
       0
       0
       0
       1
       0
       0
       0
       0
       0
       0
       0
       0
       0
       0
       0
       0
       0
       0
       0
       0
       1
       0
       0
       0
       0
       1
       0
       0
       0
       0
       0
       0
       0
       1
       0
       0
       0
       0
       0
       0
       0
       0
       0
       0
       0
       0
       0
       0
       0
       0
       0
       0
       0
       0
       0
       0
       0
       0
       0
       0
       0
       0
       0
       0
       0
       0
       1
       0
       0
       0
       0
       0
       0
       1
       0
       0
       0
       0
       0
       0
       0
       0
       0
       0
       0
       0
       1
       0
       0
       0
       0
       1
       0
       1
       0
       0
       0
       0
       0
       0
       0
       0
       1
       0
       0
       0
       0
       0
       0
       0
       0
       0
       0
       0
       0
       0
       0
       0
       0
       0
       0
       0
       0
       1
       0
       0
       0
       0
       0
       0
       0
       0
       0
       0
       0
       0
       0
       0
       0
       0
       0
       0
       0
       0
       0
       0
       0
       0
       0
       0
       0
       0
       0
       0
       0
       0
       0
       0
       0
       0
       0
       0
       0
       0
       0
       0
       0
       0
       0
       0
       0
       0
       0
       0
       0
       0
       1
       0
       0
       0
       0
       0
       1
       0
       0
       0
       0
       0
       0
       0
       0
       0
       0
       1
       0
       0
       0
       0
       0
       0
       0
       0
       0
       0
       0
       1
       0
       0
       0
       0
       0
       0
       0
       0
       0
       0
       0
       0
       0
       0
       0
       0
       0
       0
       0
       0
       1
       0
       0
       0
       0
       0
       0
       1
       0
       0
       0
       1
       2
       0
       0
       0
       0
       0
       0
       0
       0
       0
       0
       0
       0
       0
       0
       0
       0
       0
       0
       0
       0
       0
       0
       0
       0
       0
       0
       0
       0
       0
       0
       0
       0
       0
       0
       0
       0
       0
       0
       0
       0
       0
       1
       0
       0
       0
       0
       0
       0
       0
       1
       0
       0
       0
       0
       0
       0
       0
       0
       0
       0
       0
       0
       0
       0
       0
       0
       0
       0
       0
       0
       0
       0
       0
       0
       0
       1
       0
       0
       0
       0
       0
       0
       0
       0
       0
       0
       0
       0
       0
       0
       0
       0
       0
       0
       0
       0
       0
       0
       0
       0
       1
       0
       0
       1
       0
       0
       0
       0
       0
       0
       0
       1
       0
       0
       0
       0
       0
       0
       0
       0
       0
       0
       0
       0
       0
       0
       0
       0
       0
       0
       0
       0
       0
       0
       0
       0
       0
       0
       0
       0
       0
       0
       0
       0
       0
       0
       0
       1
       0
       0
       0
       0
       0
       0
       0
       0
       0
       0
       0
       0
       0
       0
       0
       0
       0
       0
       0
       0
       0
       0
       0
       0
       0
       0
       0
       0
       0
       0
       0
       0
       0
       0
       0
       0
       0
       0
       0
       0
       0
       0
       0
       0
       0
       0
       0
       0
       0
       0
       0
       0
       0
       0
       0
       0
       0
       0
       0
       0
       0
       0
       0
       0
       0
       1
       0
       0
       0
       0
       0
       0
       0
       0
       0
       0
       0
       0
       1
       0
       0
       0
       0
       0
       0
       0
       0
       0
       0
       0
       0
       0
       0
       0
       0
       1
       0
       0
       1
       0
       0
       0
       0
       0
       0
       0
       0
       0
       0
       0
       0
       0
       0
       0
       0
       0
       0
       0
       0
       0
       0
       0
       0
       1
       0
       0
       0
       0
       0
       0
       0
       0
       0
       0
       0
       0
       0
       0
       0
       0
       0
       0
       0
       0
       0
       0
       0
       0
       0
       0
       0
       0
       0
       0
       0
       0
       0
       0
       0
       0
       0
       0
       0
       0
       0
       1
       0
       0
       0
       0
       0
       0
       1
       0
       0
       0
       0
       0
       0
       0
       0
       0
       0
       0
       0
       0
       0
       0
       2
       0
       0
       0
       0
       0
       0
       0
       0
       0
       0
       0
       0
       0
       0
       0
       0
       0
       0
       0
       0
       0
       0
       0
       0
       0
       0
       0
       0
       0
       0
       0
       0
       0
       0
       0
       0
       0
       0
       0
       0
       0
       0
       0
       0
       0
       0
       0
       0
       0
       0
       0
       0
       0
       0
       0
       0
       0
       0
       0
       0
       0
       0
       0
       1
       0
       0
       0
       0
       0
       0
       0
       0
       0
       0
       0
       0
       0
       1
       0
       0
       1
       0
       0
       0
       0
       0
       0
       0
       0
       0
       0
       0
       0
       0
       0
       0
       0
       0
       0
       0
       0
       0
       0
       0
       0
       0
       0
       0
       0
       0
       0
       0
       0
       0
       0
       0
       0
       0
       0
       1
       1
       1
       0
       0
       0
       0
       0
       0
       0
       0
       0
       0
       0
       0
       0
       0
       0
       0
       0
       0
       0
       0
       0
       0
       0
       0
       0
       0
       1
       0
       1
       0
       0
       0
       0
       0
       0
       0
       0
       1
       0
       0
       0
       0
       0
       0
       1
       0
       0
       0
       1
       1
       0
       1
       0
       0
       0
       0
       0
       0
       0
       0
       0
       0
       0
       1
       0
       0
       0
       0
       0
       0
       1
       0
       0
       0
       0
       0
       0
       0
       0
       0
       0
       0
       0
       0
       0
       0
       0
       0
       0
       0
       0
       0
       0
       1
       0
       0
       0
       0
       1
       0
       0
       0
       0
       0
       0
       0
       0
       0
       0
       0
       0
       0
       0
       0
       0
       0
       1
       0
       0
       0
       0
       0
       0
       0
       0
       0
       0
       0
       0
       0
       0
       0
       0
       1
       0
       0
       0
       0
       0
       0
       0
       0
       0
       0
       0
       0
       0
       1
       0
       0
       0
       0
       0
       1
       0
       0
       0
       0
       0
       0
       0
       1
       0
       0
       1
       0
       0
       0
       0
       0
       0
       0
       0
       1
       0
       0
       0
       0
       0
       0
       1
       0
       0
       0
       0
       0
       0
       0
       0
       0
       1
       0
       0
       0
       0
       0
       0
       0
       0
       0
       0
       0
       0
       0
       0
       0
       0
       0
       0
       0
       0
       0
       0
       0
       0
       0
       0
       0
       0
       0
       0
       0
       0
       0
       0
       0
       0
       0
       0
       0
       0
       0
       0
       0
       0
       0
       0
       0
       1
       0
       0
       0
       0
       0
       0
       0
       0
       0
       0
       0
       0
       0
       0
       0
       0
       0
       0
       0
       1
       0
       0
       0
       0
       0
       0
       0
       0
       0
       0
       0
       0
       0
       0
       0
       0
       0
       0
       0
       0
       0
       0
       0
       0
       0
       0
       0
       0
       0
       0
       0
       0
       1
       0
       0
       0
       0
       0
       0
       0
       0
       0
       0
       0
       0
       0
       0
       0
       1
       1
       0
       1
       0
       0
       0
       0
       0
       0
       0
       0
       0
       0
       0
       0
       0
       0
       0
       0
       0
       0
       0
       0
       0
       0
       0
       0
       0
       0
       0
       0
       1
       0
       0
       0
       0
       0
       0
       0
       0
       0
       0
       0
       0
       0
       0
       0
       0
       0
       0
       0
       0
       0
       0
       0
       0
       0
       0
       0
       0
       0
       0
       0
       1
       0
       0
       0
       0
       0
       0
       0
       1
       0
       0
       0
       0
       0
       0
       0
       0
       0
       0
       0
       0
       0
       0
       1
       0
       0
       0
       0
       0
       0
       0
       0
       1
       0
       0
       0
       0
       0
       0
       0
       0
       0
       0
       0
       0
       0
       2
       0
       0
       0
       0
       0
       0
       0
       0
       0
       0
       0
       1
       0
       0
       0
       0
       0
       0
       0
       0
       0
       1
       0
       0
       0
       0
       0
       0
       0
       0
       0
       0
       0
       0
       0
       0
       0
       0
       0
       0
       0
       0
       0
       0
       0
       0
       0
       0
       0
       0
       0
       0
       0
       0
       0
       0
       0
       0
       0
       0
       0
       0
       0
       0
       0
       0
       0
       0
       0
       0
       0
       0
       0
       0
       0
       0
       0
       0
       0
       0
       0
       0
       0
       0
       0
       0
       0
       0
       0
       0
       0
       0
       0
       0
       0
       0
       0
       0
       0
       0
       0
       0
       0
       0
       0
       0
       0
       0
       0
       0
       0
       0
       0
       0
       0
       0
       0
       0
       0
       0
       0
       1
       0
       0
       0
       0
       0
       0
       0
       0
       1
       0
       0
       0
       0
       1
       0
       1
       0
       0
       0
       1
       0
       0
       0
       0
       0
       0
       1
       0
       0
       0
       0
       0
       0
       0
       0
       0
       0
       1
       0
       0
       0
       0
       0
       0
       1
       0
       0
       0
       0
       1
       0
       0
       0
       0
       0
       0
       0
       0
       0
       0
       0
       0
       1
       0
       0
       0
       0
       0
       0
       0
       0
       0
       0
       0
       0
       0
       0
       0
       0
       0
       0
       0
       0
       0
       0
       1
       0
       0
       0
       0
       0
       0
       0
       0
       0
       0
       0
       0
       0
       0
       0
       0
       0
       0
       0
       0
       0
       1
       0
       0
       0
       0
       0
       0
       0
       0
       1
       0
       0
       0
       0
       0
       0
       1
       0
       0
       0
       0
       0
       0
       0
       0
       0
       0
       0
       0
       0
       0
       0
       0
       0
       0
       0
       0
       0
       0
       0
       0
       0
       0
       0
       0
       0
       0
       0
       0
       0
       0
       0
       0
       0
       0
       0
       1
       0
       0
       0
       0
       0
       0
       0
       0
       0
       0
       0
       0
       1
       0
       0
       0
       0
       0
       0
       0
       0
       0
       0
       0
       0
       0
       0
       0
       0
       0
       0
       0
       0
       0
       0
       0
       0
       0
       0
       0
       0
       0
       1
       0
       0
       0
       0
       0
       0
       0
       0
       1
       0
       0
       0
       0
       0
       0
       0
       0
       0
       0
       0
       0
       0
       0
       0
       0
       0
       0
       0
       0
       0
       0
       0
       0
       0
       0
       0
       0
       0
       0
       0
       0
       0
       0
       0
       0
       0
       0
       0
       0
       0
       0
       0
       0
       0
       0
       0
       0
       0
       0
       0
       0
       0
       0
       0
       0
       0
       0
       0
       0
       0
       0
       0
       0
       0
       0
       0
       0
       0
       0
       1
       0
       0
       0
       0
       0
       0
       0
       0
       0
       0
       0
       0
       0
       0
       0
       0
       0
       0
       0
       0
       0
       0
       0
       0
       0
       0
       0
       0
       0
       0
       0
       0
       0
       0
       0
       0
       0
       0
       0
       0
       0
       0
       0
       0
       1
       1
       0
       0
       0
       0
       0
       0
       0
       0
       0
       0
       0
       0
       0
       0
       0
       0
       0
       0
       0
       0
       0
       0
       0
       0
       0
       0
       0
       0
       0
       0
       0
       0
       0
       0
       0
       0
       0
       0
       0
       0
       0
       0
       0
       0
       0
       0
       0
       0
       0
       0
       0
       0
       0
       0
       0
       0
       0
       0
       0
       1
       0
       0
       0
       0
       0
       0
       0
       0
       0
       0
       0
       0
       0
       0
       0
       0
       0
       0
       0
       0
       0
       0
       0
       0
       0
       0
       0
       0
       0
       0
       0
       0
       0
       0
       0
       2
       0
       0
       0
       0
       0
       0
       0
       0
       0
       0
       0
       0
       0
       0
       0
       0
       0
       0
       1
       0
       0
       0
       0
       0
       0
       0
       0
       0
       0
       0
       0
       0
       0
       0
       0
       0
       0
       0
       0
       1
       0
       0
       0
       0
       0
       0
       0
       0
       0
       0
       0
       0
       0
       0
       1
       0
       0
       0
       0
       0
       0
       0
       0
       0
       0
       0
       0
       1
       0
       0
       0
       0
       0
       0
       0
       0
       0
       0
       0
       0
       0
       0
       0
       0
       0
       0
       0
       0
       0
       0
       0
       0
       0
       0
       0
       0
       0
       0
       0
       0
       0
       0
       0
       0
       0
       0
       0
       0
       0
       0
       0
       0
       0
       0
       0
       0
       0
       0
       0
       0
       0
       0
       0
       0
       0
       0
       0
       0
       0
       0
       0
       0
       0
       0
       0
       0
       0
       0
       0
       0
       0
       0
       0
       0
       0
       0
       0
       0
       0
       0
       0
       0
       0
       0
       0
       0
       0
       0
       0
       0
       0
       0
       0
       0
       0
       0
       0
       0
       0
       0
       0
       1
       0
       0
       0
       0
       0
       0
       0
       0
       0
       0
       0
       0
       0
       0
       0
       0
       0
       0
       0
       0
       0
       0
       0
       0
       0
       0
       0
       0
       0
       0
       0
       0
       0
       0
       1
       0
       0
       0
       0
       0
       0
       0
       0
       0
       0
       0
       0
       0
       0
       0
       0
       0
       0
       0
       0
       0
       0
       0
       0
       0
       0
       0
       0
       0
       0
       0
       0
       0
       0
       0
       0
       0
       0
       0
       0
       0
       0
       0
       0
       0
       0
       0
       0
       0
       0
       0
       0
       0
       0
       0
       0
       0
       0
       1
       0
       0
       0
       0
       0
       0
       0
       0
       0
       0
       0
       0
       0
       0
       0
       0
       0
       0
       0
       0
       0
       0
       0
       0
       0
       0
       0
       0
       0
       0
       0
       0
       0
       0
       0
       0
       0
       0
       0
       0
       0
       0
       0
       0
       0
       0
       0
       0
       0
       0
       0
       0
       0
       0
       0
       0
       0
       0
       0
       0
       0
       0
       0
       0
       0
       0
       0
       0
       0
       0
       0
       0
       0
       0
       0
       0
       0
       0
       0
       0
       0
       0
       0
       0
       0
       0
       0
       0
       0
       0
       0
       0
       0
       0
       0
       1
       0
       0
       0
       0
       0
       0
       0
       0
       1
       0
       0
       0
       0
       0
       0
       0
       0
       0
       0
       1
       0
       1
       3
       3
       2
       3
       5
       1
       1
       0
       1
       0
       0
       0
       0
       0
       0
       0
       0
       0
       0
       0
       0
       0
       0
       0
       0
       0
       0
       0
       0
       0
       0
       0
       0
       0
       0
       0
       0
       0
       0
       0
       0
       0
       0
       0
       0
       0
       0
       0
       0
       0
       0
       0
       0
       0
       0
       0
       0
       0
       0
       0
       0
       0
       0
       0
       0
       0
       0
       0
       0
       0
       0
       0
       0
       0
       0
       0
       0
       0
       0
       0
       0
       0
       0
       0
       0
       0
       0
       0
       0
       0
       0
       0
       0
       0
       0
       0
       0
       0
       0
       0
       0
       0
       0
       0
       0
       0
       0
       0
       0
       0
       0
       0
       0
       0
       0
       0
       0
       0
       0
       0
       0
       0
       0
       0
       0
       0
       0
       0
       0
       0
       0
       0
       0
       0
       0
       0
       0
       0
       0
       0
       0
       0
       0
       0
       0
       0
       0
       0
       0
       0
       0
       0
       0
       0
       0
       0
       0
       0
       0
       0
       0
       0
       0
       0
       0
       0
       0
       0
       0
       0
       0
       0
       0
       0
       0
       0
       0
       0
       0
       0
       0
       0
       0
       0
       0
       0
       0
       0
       0
       0
       0
       0
       0
       0
       0
       0
       0
       0
       0
       0
       0
       0
       0
       0
       0
       0
       0
       0
       0
       0
       0
       0
       0
       0
       0
       0
       0
       0
       0
       0
       0
       0
       0
       0
       0
       0
       0
       0
       0
       0
       0
       0
       0
       0
       0
       0
       0
       0
       0
       0
       0
       0
       0
       0
       0
       0
       0
       0
       0
       0
       0
       0
       0
       0
       0
       0
       0
       0
       0
       0
       0
       0
       0
       0
       0
       0
       0
       0
       0
       0
       0
       0
       0
       0
       0
       0
       0
       0
       0
       0
       0
       0
       0
       0
       0
       0
       0
       0
       0
       0
       0
       0
       0
       0
       0
       0
       0
       0
       0
       0
       0
       0
       0
       0
       0
       0
       0
       0
       0
       0
       0
       0
       0
       0
       0
       0
       0
       0
       0
       0
       0
       0
       0
       0
       0
       0
       0
       0
       0
       0
       0
       0
       0
       0
       0
       0
       0
       0
       0
       0
       0
       0
       0
       0
       0
       0
       0
       0
       0
       0
       0
       0
       0
       0
       0
       0
       0
       0
       0
       0
       0
       0
       0
       0
       0
       0
       0
       0
       0
       0
       0
       0
       0
       0
       0
       0
       0
       0
       0
       0
       0
       0
       0
       0
       0
       0
       0
       0
       0
       0
       0
       0
       0
       0
       0
       0
       0
       0
       0
       1
       0
       0
       0
       0
       0
       0
       0
       0
       0
       0
       0
       0
       0
       0
       0
       0
       0
       0
       0
       0
       0
       0
       0
       0
       0
       0
       0
       0
       0
       0
       0
       0
       0
       0
       0
       0
       1
       0
       0
       0
       0
       0
       0
       0
       0
       0
       0
       0
       0
       0
       0
       0
       0
       0
       0
       0
       0
       0
       0
       0
       0
       0
       0
       0
       0
       0
       0
       0
       0
       0
       0
       0
       0
       0
       0
       0
       0
       0
       0
       0
       0
       0
       0
       0
       0
       0
       0
       0
       0
       0
       0
       0
       0
       0
       0
       0
       0
       0
       0
       0
       0
       0
       0
       0
       0
       0
       0
       0
       0
       0
       0
       0
       0
       0
       0
       0
       0
       0
       0
       0
       0
       0
       0
       0
       0
       0
       0
       0
       0
       0
       0
       0
       0
       0
       0
       0
       0
       1
       0
       0
       0
       0
       0
       0
       0
       0
       0
       0
       0
       0
       0
       0
       0
       0
       0
       0
       0
       0
       0
       0
       0
       0
       0
       0
       0
       0
       0
       0
       0
       0
       0
       0
       0
       0
       0
       0
       0
       0
       0
       0
       0
       0
       0
       0
       0
       0
       0
       0
       0
       0
       0
       0
       0
       0
       0
       0
       0
       0
       0
       0
       0
       0
       0
       0
       0
       0
       0
       0
       0
       0
       0
       0
       0
       0
       0
       0
       0
       0
       0
       0
       0
       0
       0
       0
       0
       0
       0
       0
       0
       0
       0
       0
       0
       0
       0
       0
       0
       0
       0
       0
       0
       0
       0
       0
       0
       0
       0
       0
       0
       0
       0
       0
       0
       0
       0
       0
       0
       0
       0
       0
       0
       0
       0
       0
       0
       0
       0
       0
       0
       0
       0
       0
       0
       0
       0
       0
       0
       0
       0
       0
       0
       0
       0
       0
       0
       0
       0
       0
       0
       0
       0
       0
       0
       0
       0
       0
       0
       0
       0
       0
       0
       0
       0
       0
       0
       0
       0
       0
       0
       0
       0
       0
       0
       0
       0
       0
       0
       0
       0
       0
       0
       0
       0
       0
       0
       0
       0
       0
       0
       0
       0
       0
       0
       0
       0
       0
       0
       0
       0
       0
       0
       0
       0
       0
       0
       0
       0
       0
       0
       0
       0
       0
       0
       0
       0
       0
       0
       0
       0
       0
       0
       0
       0
       0
       0
       0
       0
       0
       0
       0
       0
       0
       0
       0
       0
       0
       0
       0
       0
       0
       0
       0
       0
       0
       0
       0
       0
       0
       0
       0
       0
       0
       0
       0
       0
       0
       0
       0
       0
       0
       0
       0
       0
       0
       0
       0
       0
       0
       0
       0
       0
       0
       0
       0
       0
       0
       0
       0
       0
       0
       0
       0
       0
       0
       0
       0
       0
       0
       0
       0
       0
       0
       0
       0
       0
       0
       0
       0
       0
       0
       0
       0
       0
       0
       0
       0
       0
       0
       0
       0
       0
       0
       0
       0
       0
       0
       0
       0
       0
       0
       0
       0
       0
       0
       0
       0
       0
       0
       0
       0
       0
       0
       0
       0
       0
       0
       0
       0
       0
       0
       0
       0
       0
       0
       0
       0
       0
       0
       0
       0
       0
       0
       0
       0
       0
       0
       0
       0
       0
       0
       0
       0
       0
       0
       0
       0
       0
       0
       0
       0
       0
       0
       0
       0
       0
       0
       0
       0
       0
       0
       0
       0
       0
       0
       0
       0
       0
       0
       0
       0
       0
       0
       0
       0
       0
       0
       0
       0
       0
       0
       0
       0
       0
       0
       0
       0
       0
       0
       0
       0
       0
       0
       0
       0
       0
       0
       0
       0
       0
       0
       0
       0
       0
       0
       0
       0
       0
       0
       0
       0
       0
       0
       0
       0
       0
       0
       0
       0
       0
       0
       0
       0
       0
       0
       0
       0
       0
       0
       0
       0
       0
       0
       0
       0
       0
       0
       0
       0
       0
       0
       0
       0
       0
       0
       0
       0
       0
       0
       0
       0
       0
       0
       0
       0
       0
       0
       0
       0
       0
       0
       0
       0
       0
       0
       0
       0
       0
       0
       0
       0
       0
       0
       0
       0
       0
       0
       0
       0
       0
       0
       0
       0
       0
       0
       0
       0
       0
       0
       0
       0
       0
       0
       0
       0
       0
       0
       0
       0
       0
       0
       0
       0
       0
       0
       0
       0
       0
       0
       1
       0
       0
       0
       0
       0
       0
       0
       0
       0
       0
       0
       0
       0
       0
       0
       0
       0
       0
       0
       0
       0
       0
       0
       0
       0
       0
       0
       0
       0
       0
       0
       0
       0
       0
       0
       0
       0
       0
       0
       0
       0
       0
       0
       0
       0
       0
       0
       0
       0
       0
       0
       0
       0
       0
       0
       0
       0
       0
       0
       0
       0
       0
       0
       0
       0
       0
       0
       0
       0
       0
       0
       0
       0
       0
       0
       0
       0
       0
       0
       0
       0
       0
       0
       0
       0
       0
       0
       0
       0
       0
       0
       0
       0
       0
       0
       0
       1
       0
       0
       0
       1
       0
       0
       0
       0
       0
       0
       0
       0
       0
       0
       0
       0
       0
       0
       0
       1
       0
       0
       0
       0
       0
       0
       0
       0
       0
       0
       0
       0
       0
       0
       0
       0
       0
       0
       0
       0
       0
       0
       0
       0
       0
       0
       0
       0
       0
       0
       0
       0
       0
       0
       0
       0
       0
       0
       0
       0
       0
       0
       0
       0
       0
       0
       0
       0
       0
       0
       0
       0
       0
       0
       0
       0
       0
       0
       0
       0
       0
       0
       0
       0
       0
       0
       0
       0
       0
       0
       0
       0
       0
       0
       0
       0
       0
       0
       0
       0
       0
       0
       0
       0
       0
       0
       0
       0
       0
       0
       0
       0
       0
       0
       0
       0
       0
       0
       0
       0
       0
       0
       0
       0
       0
       0
       0
       0
       0
       0
       0
       0
       0
       0
       0
       0
       0
       0
       0
       0
       0
       0
       0
       0
       0
       0
       0
       0
       0
       0
       0
       0
       0
       0
       0
       0
       0
       0
       0
       0
       0
       0
       0
       0
       0
       0
       0
       0
       0
       0
       0
       0
       0
       0
       0
       0
       0
       0
       0
       0
       0
       0
       0
       0
       0
       0
       0
       0
       0
       0
       0
       0
       0
       0
       0
       0
       0
       0
       0
       0
       0
       0
       0
       0
       0
       0
       0
       0
       0
       0
       0
       0
       0
       0
       0
       0
       0
       0
       0
       0
       0
       0
       0
       0
       0
       0
       0
       0
       0
       0
       0
       0
       0
       0
       0
       0
       0
       0
       0
       0
       0
       0
       0
       0
       0
       0
       0
       0
       0
       0
       0
       0
       0
       0
       0
       0
       0
       0
       0
       0
       0
       0
       0
       0
       0
       0
       0
       0
       0
       0
       0
       0
       0
       0
       0
       0
       0
       0
       0
       0
       0
       0
       0
       0
       0
       0
       0
       0
       0
       0
       0
       0
       0
       0
       0
       0
       0
       0
       0
       0
       0
       0
       0
       0
       0
       0
       0
       0
       0
       0
       0
       0
       0
       0
       0
       0
       0
       0
       0
       0
       0
       0
       0
       0
       0
       0
       0
       0
       0
       0
       0
       0
       0
       0
       0
       0
$ROI:
0
$PRESETS:
Real Time
180
0
$ENER_FIT:
0.888569 0.390988
$MCA_CAL:
3
8.885689E-001 3.909876E-001 3.191953E-008 keV
$SHAPE_CAL:
3
0.000000E+000 0.000000E+000 0.000000E+000
