$SPEC_ID:
1
$SPEC_REM:
DET# 2
DETDESC# MCB 130 Normal
AP# Maestro Version 7.01
$DATE_MEA:
09/21/2019 23:49:09
$MEAS_TIM:
178 180
$DATA:
0 8191
       0
       0
       0
       0
       0
       0
       0
       0
       0
       0
       0
       0
       0
       0
       0
       0
       0
       0
       0
       0
       0
       0
       0
       0
       0
       0
       9
     248
      52
      28
      36
      53
      82
     135
     141
     104
      52
      50
      51
      57
      72
      90
     110
     132
     141
      84
      51
      40
      46
      41
      38
      46
      79
      66
      56
      43
      53
      51
      56
      58
      47
      50
      48
      36
      40
      37
      52
      49
      37
      41
      52
      39
      31
      37
      40
      38
      25
      28
      39
      37
      36
      46
      37
      33
      30
      46
      57
      42
      28
      40
      29
      37
      32
      32
      31
      43
      39
      42
      40
      45
      41
      27
      30
      27
      37
      41
      40
      45
      35
      30
      37
      42
      55
      47
      48
      61
      41
      41
      28
      51
      43
      35
      41
      48
      47
      47
      38
      35
      58
      57
      39
      37
      56
      56
      60
      57
      46
      62
      50
      59
      37
      54
      40
      63
      50
      67
      69
      53
      65
      66
      68
      84
      56
      59
      76
      74
      86
      77
      71
      62
      69
      65
      86
      63
      78
      84
      79
      77
      74
      72
      74
      78
      85
      75
      84
      97
      73
      59
      89
      81
      94
      73
      92
      91
     100
      98
      89
      72
      87
     112
     116
     107
      93
     101
      93
     109
     120
      96
      86
     113
      86
      92
     102
     106
      70
      75
     109
      83
      72
      79
      86
      91
     109
     115
     115
     125
      98
      90
     124
     122
     122
     111
     116
     100
     122
      94
     106
     102
     114
     127
      89
      93
     101
      89
      94
     102
      94
     101
     104
     122
      98
     118
     116
      94
     103
     103
     106
     111
     108
     126
     128
     182
     261
     279
     259
     145
     103
     102
     102
     108
      93
     120
     185
     361
     431
     297
     169
     126
     189
     402
     548
     328
     163
      87
      85
      78
      89
      82
      72
      92
      74
      86
      75
      69
      85
      84
      96
      90
      90
      85
      78
     101
      88
      72
      91
     106
     134
     148
     162
     131
     110
      93
      63
      74
      76
      91
      85
     109
     103
     102
     105
      76
      84
      70
      72
      77
      62
      69
      83
      88
      67
      65
      85
      69
      75
      79
      69
      72
      81
      71
      78
      76
      62
      76
      79
      66
      71
      66
      58
      76
      78
      78
      78
      73
      68
      78
      59
      70
      76
      53
      57
      70
      78
      66
      64
      58
      74
      76
      68
      72
      67
      52
      53
      54
      63
      60
      71
      79
      51
      62
      58
      66
      59
      59
      56
      59
      70
      60
      49
      67
      66
      56
      58
      58
      83
      55
      61
      45
      57
      50
      45
      49
      63
      49
      61
      61
      57
      64
      49
      76
      67
      55
      67
      65
      50
      55
      71
      61
      45
      55
      53
      50
      42
      55
      45
      52
      55
      58
      63
      52
      49
      54
      59
      50
      46
      52
      47
      45
      62
      48
      48
      47
      57
      54
      49
      47
      56
      45
      52
      42
      40
      40
      43
      48
      55
      42
      37
      37
      52
      46
      47
      43
      46
      51
      39
      32
      41
      46
      59
      55
      29
      44
      40
      49
      34
      38
      39
      37
      37
      40
      38
      39
      44
      33
      46
      38
      55
      27
      34
      37
      52
      36
      43
      41
      38
      33
      32
      39
      33
      38
      27
      33
      46
      39
      38
      35
      38
      38
      37
      37
      31
      44
      44
      58
      40
      32
      38
      38
      38
      26
      41
      39
      34
      42
      41
      32
      35
      33
      35
      43
      31
      30
      30
      29
      33
      44
      37
      26
      35
      42
      36
      30
      29
      36
      36
      67
      54
      51
      33
      37
      26
      18
      29
      20
      38
      29
      29
      29
      29
      34
      39
      45
      25
      39
      35
      29
      27
      26
      31
      34
      24
      31
      19
      31
      26
      33
      24
      32
      26
      32
      26
      29
      21
      31
      30
      27
      22
      41
      35
      28
      31
      72
     136
     154
      97
      36
      24
      23
      28
      28
      30
      25
      35
      20
      23
      23
      26
      31
      18
      24
      31
      27
      24
      21
      26
      25
      30
      29
      33
      45
      48
      21
      24
      13
      23
      26
      29
      31
      30
      37
      23
      23
      22
      23
      25
      29
      18
      18
      18
      18
      24
      19
      20
      28
      24
      20
      21
      26
      30
      24
      16
      23
      26
      17
      27
      21
      18
      30
      17
      17
      15
      23
      23
      19
      23
      25
      19
      21
      15
      19
      21
      23
      15
      26
      24
      13
      18
      14
      21
      20
      30
      15
      14
      22
      14
      18
      17
      16
      22
      11
      20
      22
      18
      20
      15
      18
      18
      16
      17
      20
      25
      19
      19
      23
      14
       6
      19
      20
      20
      21
      15
      17
      12
      18
      20
      20
      26
      51
     103
     145
     103
      46
      34
      14
      13
      14
      19
      14
      18
      18
      21
      17
      18
       9
      22
       7
      19
      19
      24
      21
      24
      18
      17
      15
      10
      15
      13
      24
       7
      11
      18
      11
      17
      12
      15
      11
      12
      16
      25
      11
       9
       9
      16
      26
      23
      40
      46
      27
      19
      14
      20
      27
      24
      48
      45
      15
      17
      13
      10
      13
      12
      14
      13
      13
      10
      11
      15
       7
       8
      18
      13
      11
       6
      12
      15
       9
      18
      25
      19
      22
      12
      18
      19
      13
       9
      19
      16
      13
      12
      16
      10
      16
      13
      13
      15
      11
      23
      34
      38
      37
      31
      17
      14
      10
      12
      13
      10
       8
      11
      15
      14
      16
       9
       4
       9
       9
      11
      17
      10
      10
       9
      10
      18
       7
       5
       8
      15
       8
      12
      10
       6
       8
       9
       8
       5
      10
       8
       5
       6
       7
      10
       9
      14
      18
      26
      30
      10
      13
      12
      10
       7
       9
       7
      16
      13
       9
      17
       7
      13
       5
      12
      11
       7
      12
       5
      18
      11
       9
      19
      11
       7
      19
      11
       8
      12
       6
       6
       9
       9
       7
       6
      10
       9
       9
       7
       5
      11
       8
      20
      26
      30
      26
       9
      11
      11
       5
       9
       8
       9
       7
       6
      10
       9
       6
       5
       7
      13
      13
      10
       8
       7
       7
       7
       9
       3
       5
      10
       6
       7
      10
       7
       6
      10
       6
       6
       9
       6
       5
      10
       3
       7
      16
       6
       5
       4
      11
       3
      10
       7
       7
       6
       8
       8
       4
       3
       8
      11
       4
       9
       6
       7
       6
       8
       6
       4
       8
       8
       7
       9
       4
       6
       4
       5
      12
       3
       8
       9
       9
       4
       6
       6
      10
      11
      11
       3
       4
       8
       6
       2
       6
       5
       6
       4
       8
       4
       4
       7
       4
       8
       9
      11
       9
       9
       6
       7
       4
       8
       3
       5
       8
       6
       7
       9
       2
      12
       3
       4
       5
       6
       7
      12
       9
       4
       6
       6
       8
       2
       7
       4
       8
      11
       2
       9
       6
       5
       7
       5
       8
       7
       4
       4
       6
       4
       5
       5
      10
       7
       8
       7
       3
       6
       7
      10
      10
       3
       6
       7
       8
       3
       8
       7
      10
       2
       3
      11
       3
       7
       0
       9
       6
       3
       4
      10
       7
       3
       5
       9
       4
       1
       8
       5
       5
       6
       5
      11
       5
       5
       4
       5
       6
       4
       6
       7
       3
       8
       5
       9
       7
       5
       3
      10
       4
       7
       8
       7
       6
       6
       5
       9
       4
       6
       8
       8
       4
       5
       4
       7
       2
       7
       1
       7
       6
      10
       1
       6
       7
       7
       7
       8
       4
       5
       4
       6
       4
       6
       5
       6
       0
       5
       6
       6
       6
       5
       9
       3
       6
       3
       1
       7
       7
       4
       3
       8
       1
       7
       5
       9
       1
       9
       4
       4
       7
       2
       7
       1
       3
       8
       9
       4
       3
       5
       3
       3
       2
       5
       4
       5
       5
       2
      10
       8
       3
       6
       7
       5
       6
       5
       4
      10
       9
       5
       3
       1
       2
       6
       6
      16
      12
      12
       7
       6
       0
       3
       3
       2
       1
       3
       2
       4
       3
       2
       1
       3
       3
       3
       3
      10
       4
       7
       9
       5
       3
       2
       8
       3
       2
      10
       3
       2
       3
       5
       6
       4
       5
       9
       7
       5
       4
       4
       4
       5
       3
       4
       3
       4
       3
       2
       3
       3
       2
       0
       6
       5
       3
       2
       3
       4
       3
       5
       3
       7
       3
       2
       3
       5
       3
       6
       3
       2
       9
       6
      15
      11
       4
       8
       6
       3
       9
       6
       2
       4
       2
       6
       6
       2
       3
       2
       4
       3
       4
       2
       7
       3
       5
       5
       4
       5
       3
       2
       5
       3
       4
       7
       5
       2
       6
       4
       9
      11
       5
       3
       4
       3
       4
       1
       5
       7
       4
       5
       2
       4
       2
       4
       7
       4
       2
       5
       1
       5
       3
       4
       0
       1
       3
       1
       1
       1
       6
       7
       3
       0
       5
       4
       5
       3
       4
       0
       4
       6
       6
       2
       4
       1
       2
       7
       5
       1
       2
       5
       1
       3
       1
       8
       3
       2
       3
       3
       5
       2
       7
       1
       2
       6
       5
       3
       2
       6
       2
       2
       2
       4
       4
       2
       3
       2
       3
       1
       3
       3
       7
       2
       1
       3
       3
       2
       6
       3
       3
       3
       2
       6
       6
       1
       3
       3
       3
       2
       4
       2
       3
       1
       4
       1
       3
       1
       5
       3
       3
       3
       7
       0
       7
       3
       1
       7
       3
       2
       3
       5
       3
       6
       0
       0
       4
       4
       4
       2
       2
       1
       2
       7
       3
       3
       4
       5
       4
       6
       7
       4
       4
       2
       3
       7
       3
       5
       2
       1
       4
       4
       2
       4
       4
       6
       1
       2
       3
       2
       4
       5
       0
       0
       2
       4
       1
       3
       3
       4
       1
       1
       3
       4
       2
       5
       1
       2
       2
       1
       1
       3
       1
      10
      10
      12
       8
      10
       5
       1
       3
       3
       2
       3
       2
       3
       1
       2
       3
       0
       2
       3
       3
       5
       0
       1
       1
       3
       2
       2
       2
       2
       3
       4
       0
       3
       2
       3
       2
       0
       0
       4
       2
       2
       0
       3
       0
       1
       1
       6
       4
       2
       5
       1
       5
       7
       4
       2
       5
       7
       9
       4
       2
       4
       8
       0
       1
       5
       5
       4
      12
      16
      19
      19
       8
       5
       0
       3
       2
       6
       4
       4
       2
       1
       4
       2
       3
       1
       7
       1
       3
       2
       2
       6
       0
       4
       4
       3
       4
       6
       1
       2
       4
       2
       4
       1
       4
       2
       1
       4
       1
       3
       2
       0
       3
       2
       2
       4
       0
       3
       1
       2
       2
       2
       1
       3
       2
       0
       2
       2
       5
       2
       3
       0
       3
       3
       0
       1
       4
       4
       6
       2
       4
       1
       1
       1
       2
       0
       2
       2
       1
       4
       2
       1
       5
       2
       2
       1
       5
       5
       3
       0
       4
       5
       2
       2
       4
       2
       0
       3
       2
       3
       2
       3
       0
       4
       1
       1
       2
       5
       0
       3
       2
       0
       3
       2
       4
       3
       0
       1
       1
       4
       4
       4
       7
       4
       2
       2
       1
       2
       3
       4
       6
       5
       2
       5
       5
       7
       1
       1
       2
       1
       2
       4
       3
       0
       3
       2
       2
       0
       3
       1
       3
       3
       1
       2
       5
       0
       1
       1
       3
       1
       1
       2
       1
       0
       5
       3
       4
       3
       2
       3
       1
       2
       3
       4
       2
       2
       2
       2
       5
       3
       3
       5
       3
       2
       0
       2
       2
       6
       1
       1
       1
       2
       1
       3
       2
       2
       1
       1
       3
       3
       0
       0
       1
       1
       1
       1
       0
       3
       0
       0
       4
       5
       0
       2
       1
       4
       3
       1
       1
       0
       3
       5
       5
       2
       4
       3
       2
       2
       0
       0
       5
       4
       1
       1
       1
       1
       3
       0
       2
       3
       4
       1
       1
       2
       2
       2
       0
       2
       2
       2
       1
       0
       5
       4
       3
       5
       2
       4
       3
       0
       3
       2
       3
       3
       0
       2
       0
       1
       2
       1
       6
       2
       1
       0
       0
       0
       2
       1
       2
       1
       1
       3
       1
       1
       4
       1
       2
       1
       0
       1
       2
       1
       2
       3
       2
       1
       2
       1
       2
       4
       1
       5
       2
       2
       2
       1
       2
       3
       2
       0
       0
       3
       1
       7
       3
       0
       5
       2
       2
       0
       2
       0
       1
       4
       2
       0
       2
       3
       1
       3
       2
       4
       3
       1
       0
       2
       2
       1
       3
       2
       2
       2
       2
       0
       1
       1
       3
       1
       1
       5
       2
       1
       3
       2
       1
       3
       3
       0
       1
       3
       1
       2
       5
       0
       0
       1
       2
       2
       1
       6
       0
       2
       0
       5
       2
       2
       3
       4
       2
       1
       1
       2
       0
       1
       3
       2
       1
       3
       1
       0
       0
       0
       0
       2
       0
       3
       3
       3
       2
       3
       0
       1
       0
       3
       1
       5
       3
       1
       1
       4
       1
       5
       0
       1
       2
       0
       1
       3
       2
       1
       1
       3
       3
       2
       0
       5
       5
       1
       2
       4
       1
       1
       4
       0
       2
       1
       3
       2
       1
       1
       0
       2
       2
       1
       1
       0
       1
       3
       3
       1
       3
       1
       2
       3
       1
       5
       0
       4
       1
       2
       3
       4
       0
       2
       1
       0
       2
       1
       3
       0
       0
       2
       1
       1
       6
       4
       1
       6
       2
       1
       2
       3
       2
       1
       3
       0
       2
       1
       2
       3
       1
       1
       0
       2
       1
       2
       1
       3
       1
       3
       0
       2
       0
       1
       2
       2
       1
       1
       2
       1
       2
       1
       2
       0
       2
       0
       3
       1
       3
       2
       1
       1
       2
       2
       1
       0
       0
       2
       1
       1
       1
       1
       0
       2
       1
       0
       0
       1
       1
       1
       2
       1
       4
       1
       0
       3
       0
       1
       3
       1
       2
       0
       0
       1
       3
       1
       0
       4
       0
       1
       2
       0
       1
       2
       2
       0
       0
       1
       2
       2
       0
       3
       1
       0
       2
       1
       0
       1
       2
       0
       1
       3
       1
       2
       2
       3
       0
       1
       1
       2
       2
       1
       3
       0
       0
       0
       1
       2
       2
       2
       0
       3
       2
       0
       1
       2
       1
       2
       2
       2
       2
       3
       2
       1
       0
       1
       2
       1
       2
       2
       2
       0
       1
       0
       2
       2
       2
       0
       2
       2
       0
       1
       0
       1
       3
       0
       1
       1
       1
       0
       0
       2
       1
       2
       1
       1
       4
       2
       3
       3
       0
       2
       0
       0
       1
       0
       0
       3
       0
       0
       1
       2
       4
       4
       0
       1
       1
       2
       1
       2
       2
       1
       1
       2
       3
       3
       0
       2
       1
       2
       1
       1
       3
       2
       3
       0
       2
       1
       2
       8
      13
      10
      12
       9
       8
       2
       3
       0
       1
       1
       2
       1
       5
       1
       0
       1
       2
       2
       3
       1
       1
       2
       3
       0
       4
       4
       2
       3
       8
       1
       2
       4
       1
       2
       0
       0
       4
       0
       0
       3
       2
       0
       1
       0
       0
       0
       1
       1
       0
       2
       0
       4
       2
       1
       1
       0
       2
       2
       0
       0
       4
       0
       1
       1
       0
       1
       0
       2
       0
       0
       0
       2
       2
       1
       3
       1
       1
       2
       1
       5
       3
       3
       7
       7
       9
       7
       1
       0
       0
       0
       2
       1
       2
       2
       1
       1
       0
       0
       1
       1
       0
       1
       1
       1
       0
       1
       2
       1
       2
       2
       0
       2
       0
       3
       2
       1
       0
       0
       3
       0
       2
       0
       2
       0
       2
       0
       2
       2
       2
       2
       1
       1
       0
       3
       1
       2
       1
       0
       1
       1
       1
       1
       3
       0
       2
       1
       1
       1
       1
       0
       1
       1
       1
       0
       3
       0
       1
       2
       1
       2
       0
       1
       0
       1
       1
       2
       2
       2
       2
       0
       1
       0
       2
       2
       2
       1
       1
       1
       2
       2
       2
       0
       1
       0
       1
       2
       2
       1
       0
       3
       0
       0
       1
       0
       0
       2
       1
       0
       2
       4
       1
       1
       1
       1
       1
       2
       3
       1
       2
       0
       3
       0
       3
       3
       3
       5
       5
       2
       1
       3
       3
       3
      11
      14
       9
       7
       5
       0
       1
       3
       3
       7
       5
       0
       2
       3
       1
       3
       0
       1
       0
       4
       1
       1
       2
       2
       3
       1
       0
       3
       2
       2
       1
       0
       2
       2
       1
       0
       0
       3
       1
       0
       0
       1
       3
       1
       1
       0
       1
       2
       1
       0
       1
       2
       2
       0
       2
       0
       0
       1
       1
       0
       2
       1
       1
       0
       2
       1
       4
       1
       0
       2
       2
       0
       1
       1
       1
       1
       0
       0
       1
       1
       0
       0
       2
       5
       2
       3
       1
       1
       1
       4
       4
       1
       2
       0
       4
       2
       1
       4
       0
       2
       3
       3
       0
       0
       2
       1
       1
       1
       1
       1
       1
       0
       1
       0
       0
       2
       0
       0
       0
       2
       1
       1
       1
       1
       0
       2
       3
       0
       2
       0
       3
       0
       1
       0
       2
       0
       2
       0
       0
       1
       2
       2
       0
       0
       1
       0
       0
       1
       0
       0
       1
       0
       1
       0
       6
       3
       0
       0
       0
       2
       2
       2
       2
       0
       1
       0
       2
       0
       2
       0
       1
       0
       0
       0
       0
       2
       0
       0
       0
       0
       0
       2
       0
       1
       1
       1
       0
       0
       0
       0
       1
       0
       0
       0
       0
       1
       0
       3
       1
       0
       1
       0
       2
       2
       1
       2
       4
       0
       0
       2
       0
       1
       2
       2
       0
       2
       0
       2
       0
       0
       0
       0
       1
       1
       0
       0
       1
       0
       0
       1
       2
       3
       1
       0
       3
       1
       0
       0
       1
       2
       2
       0
       1
       1
       3
       1
       2
       3
       1
       2
       1
       2
       1
       1
       2
       1
       1
       0
       2
       0
       0
       0
       0
       1
       1
       1
       1
       1
       1
       0
       0
       1
       3
       0
       0
       1
       2
       1
       0
       0
       3
       5
       0
       1
       0
       0
       2
       2
       0
       1
       0
       1
       2
       1
       1
       1
       0
       0
       1
       0
       1
       2
       3
       1
       1
       4
       1
       4
       0
       3
       2
       0
       0
       4
       0
       2
       2
       0
       3
       0
       1
       1
       2
       1
       1
       1
       0
       1
       1
       0
       0
       2
       0
       2
       0
       1
       2
       2
       1
       0
       1
       0
       0
       2
       0
       2
       1
       0
       0
       1
       0
       0
       1
       3
       1
       2
       0
       1
       0
       1
       0
       1
       0
       0
       0
       0
       2
       2
       0
       3
       1
       1
       0
       2
       1
       1
       0
       2
       0
       2
       1
       2
       1
       1
       0
       0
       0
       0
       1
       1
       1
       0
       1
       1
       1
       2
       6
       6
       3
       3
       3
       1
       0
       3
       0
       1
       3
       1
       1
       1
       2
       0
       0
       1
       1
       2
       2
       0
       0
       1
       2
       2
       1
       0
       0
       0
       1
       2
       1
       0
       1
       1
       1
       0
       1
       1
       1
       1
       1
       0
       0
       0
       0
       1
       2
       2
       0
       0
       1
       1
       0
       1
       0
       0
       3
       0
       0
       2
       2
       0
       2
       0
       0
       1
       0
       0
       1
       2
       1
       1
       0
       0
       0
       0
       0
       0
       1
       0
       1
       0
       2
       1
       0
       1
       1
       2
       0
       1
       3
       1
       0
       0
       0
       0
       0
       1
       1
       1
       0
       1
       1
       1
       0
       0
       1
       0
       0
       0
       0
       0
       1
       0
       0
       1
       2
       1
       1
       0
       0
       0
       0
       1
       1
       1
       0
       0
       0
       0
       1
       2
       5
       4
       6
       4
       4
       0
       1
       0
       0
       1
       2
       2
       4
       4
       5
       2
       2
       3
       1
       0
       2
       0
       0
       0
       1
       3
       0
       2
       1
       0
       0
       2
       2
       1
       0
       2
       1
       1
       1
       1
       1
       0
       1
       1
       1
       0
       1
       3
       1
       0
       1
       1
       0
       1
       0
       2
       0
       1
       1
       1
       1
       1
       0
       1
       1
       1
       0
       0
       0
       2
       1
       1
       3
       0
       0
       0
       1
       0
       1
       1
       1
       3
       0
       1
       0
       1
       0
       1
       0
       3
       0
       1
       0
       0
       0
       1
       0
       1
       1
       0
       1
       1
       1
       2
       0
       1
       1
       0
       3
       2
       0
       1
       1
       1
       0
       1
       2
       0
       2
       0
       0
       2
       2
       0
       2
       0
       0
       1
       1
       2
       1
       0
       1
       0
       2
       1
       1
       0
       0
       0
       2
       0
       2
       0
       0
       0
       1
       1
       0
       0
       2
       3
       0
       2
       2
       1
       0
       4
       2
       0
       0
       0
       1
       0
       2
       2
       2
       1
       2
       3
       2
       1
       1
       2
       1
       0
       0
       1
       1
       0
       1
       0
       0
       0
       1
       1
       0
       1
       0
       0
       2
       0
       1
       1
       2
       0
       2
       1
       0
       0
       1
       0
       1
       1
       1
       0
       0
       1
       1
       1
       0
       0
       0
       0
       0
       1
       0
       0
       0
       1
       1
       0
       0
       0
       1
       0
       0
       0
       0
       0
       0
       0
       0
       0
       0
       0
       0
       1
       2
       3
       1
       0
       0
       0
       0
       1
       0
       0
       1
       0
       0
       1
       2
       2
       2
       2
       1
       1
       2
       2
       3
       0
       1
       0
       0
       0
       1
       0
       0
       1
       0
       1
       0
       0
       0
       0
       0
       0
       0
       1
       0
       2
       2
       1
       0
       0
       0
       1
       0
       0
       0
       0
       0
       1
       1
       1
       0
       1
       0
       0
       0
       2
       0
       2
       0
       1
       0
       2
       0
       1
       0
       1
       0
       0
       0
       0
       0
       1
       2
       0
       0
       0
       0
       2
       3
       0
       1
       0
       0
       0
       0
       0
       0
       0
       1
       0
       0
       0
       0
       0
       0
       0
       0
       0
       0
       1
       0
       0
       2
       0
       1
       1
       0
       1
       1
       0
       3
       2
       3
       1
       2
       0
       0
       2
       0
       1
       0
       0
       0
       0
       0
       0
       0
       0
       0
       1
       0
       0
       0
       0
       0
       1
       0
       0
       1
       0
       1
       0
       0
       0
       0
       0
       0
       0
       0
       0
       0
       0
       1
       1
       1
       0
       0
       0
       0
       1
       0
       1
       2
       5
       3
       8
       4
       2
       0
       1
       0
       0
       1
       1
       1
       0
       0
       1
       0
       0
       2
       0
       0
       0
       0
       0
       0
       0
       0
       1
       0
       0
       1
       0
       0
       1
       0
       0
       2
       0
       0
       1
       0
       1
       0
       0
       0
       0
       0
       0
       0
       0
       0
       0
       0
       0
       1
       1
       1
       1
       0
       0
       0
       1
       0
       1
       0
       0
       0
       1
       0
       0
       0
       0
       0
       0
       0
       1
       0
       0
       0
       1
       1
       0
       2
       0
       0
       1
       0
       0
       0
       0
       0
       0
       0
       1
       0
       0
       0
       0
       0
       1
       1
       0
       3
       0
       0
       0
       0
       0
       0
       0
       0
       1
       0
       0
       0
       1
       3
       1
       0
       1
       2
       0
       0
       1
       0
       1
       1
       0
       1
       0
       0
       0
       1
       0
       0
       1
       1
       0
       0
       1
       0
       0
       0
       0
       0
       0
       0
       1
       0
       0
       0
       0
       0
       0
       0
       0
       1
       0
       2
       0
       0
       0
       0
       0
       0
       0
       0
       0
       0
       1
       0
       0
       0
       1
       2
       0
       1
       0
       2
       0
       0
       2
       1
       0
       0
       0
       0
       1
       0
       0
       0
       0
       1
       0
       3
       1
       0
       0
       2
       0
       3
       0
       0
       1
       0
       1
       1
       0
       0
       0
       1
       0
       0
       0
       1
       0
       0
       0
       0
       1
       0
       1
       0
       0
       0
       0
       0
       0
       1
       0
       0
       0
       1
       0
       0
       0
       0
       1
       0
       0
       2
       0
       0
       0
       0
       0
       0
       0
       0
       0
       0
       1
       0
       0
       0
       0
       0
       0
       0
       0
       2
       0
       1
       1
       3
       0
       1
       0
       0
       0
       0
       1
       0
       0
       1
       0
       0
       0
       0
       1
       0
       0
       0
       0
       0
       0
       0
       1
       0
       0
       0
       0
       1
       0
       0
       0
       0
       0
       1
       0
       1
       0
       0
       0
       0
       0
       0
       1
       0
       0
       0
       0
       0
       0
       0
       0
       0
       1
       1
       0
       0
       0
       0
       0
       2
       0
       4
      14
      15
      20
      23
      27
      15
      13
       5
       4
       1
       0
       0
       0
       0
       0
       0
       0
       0
       0
       0
       1
       0
       0
       0
       0
       0
       0
       1
       0
       0
       1
       0
       0
       0
       0
       1
       0
       0
       1
       0
       0
       0
       0
       0
       0
       0
       0
       0
       0
       0
       0
       0
       0
       0
       0
       0
       0
       0
       0
       0
       0
       0
       0
       0
       0
       0
       0
       0
       0
       0
       0
       0
       0
       1
       0
       0
       0
       0
       0
       0
       0
       0
       0
       0
       1
       0
       0
       0
       0
       0
       0
       1
       0
       1
       0
       0
       0
       1
       1
       0
       0
       0
       0
       0
       0
       0
       0
       1
       0
       0
       0
       0
       0
       0
       1
       0
       1
       0
       0
       0
       0
       0
       0
       0
       0
       1
       0
       1
       0
       0
       1
       0
       1
       0
       0
       0
       0
       1
       0
       0
       0
       0
       0
       0
       0
       0
       0
       0
       0
       0
       0
       0
       0
       0
       0
       0
       0
       0
       1
       0
       0
       0
       0
       0
       0
       0
       0
       2
       0
       0
       0
       0
       1
       0
       0
       0
       0
       0
       0
       0
       0
       0
       0
       0
       0
       0
       0
       0
       0
       0
       0
       1
       1
       1
       0
       0
       0
       0
       1
       1
       1
       1
       0
       0
       0
       0
       2
       0
       0
       0
       0
       0
       0
       1
       0
       0
       0
       1
       1
       0
       0
       0
       0
       0
       1
       0
       0
       0
       0
       0
       0
       0
       0
       0
       0
       0
       0
       0
       1
       0
       0
       0
       0
       0
       0
       0
       0
       0
       0
       0
       0
       0
       0
       0
       1
       0
       0
       0
       0
       1
       0
       1
       1
       0
       0
       0
       0
       0
       0
       1
       0
       0
       0
       1
       0
       0
       0
       0
       0
       1
       0
       0
       1
       0
       0
       0
       0
       0
       0
       1
       0
       0
       0
       1
       0
       0
       0
       0
       0
       0
       0
       0
       0
       1
       0
       0
       0
       0
       0
       0
       0
       0
       0
       0
       0
       1
       0
       0
       0
       1
       1
       0
       0
       0
       1
       0
       1
       0
       1
       0
       0
       0
       1
       0
       0
       0
       0
       0
       1
       1
       0
       0
       1
       0
       0
       0
       0
       0
       0
       0
       0
       0
       0
       1
       1
       0
       0
       0
       0
       1
       0
       0
       1
       0
       0
       0
       0
       0
       0
       0
       0
       1
       0
       0
       0
       0
       0
       0
       0
       0
       0
       1
       0
       0
       0
       0
       0
       0
       0
       0
       1
       0
       0
       0
       0
       0
       0
       1
       0
       0
       0
       0
       0
       0
       0
       0
       0
       0
       0
       0
       1
       0
       1
       0
       0
       0
       0
       0
       1
       0
       0
       0
       0
       0
       0
       0
       0
       0
       0
       1
       0
       0
       0
       0
       0
       0
       0
       0
       0
       0
       0
       0
       0
       0
       0
       0
       0
       0
       0
       0
       0
       0
       0
       0
       0
       2
       0
       0
       0
       0
       0
       1
       0
       0
       0
       0
       0
       0
       0
       0
       0
       0
       0
       0
       0
       0
       0
       0
       0
       0
       0
       0
       0
       0
       1
       0
       0
       0
       0
       0
       0
       0
       0
       0
       0
       0
       0
       0
       0
       0
       0
       0
       0
       0
       0
       0
       0
       0
       0
       0
       1
       0
       0
       0
       1
       0
       0
       0
       0
       0
       0
       1
       0
       0
       0
       0
       0
       1
       0
       0
       0
       0
       0
       0
       1
       0
       0
       0
       0
       0
       0
       0
       0
       0
       0
       0
       0
       0
       0
       0
       0
       0
       0
       0
       1
       0
       0
       0
       1
       0
       0
       0
       1
       0
       0
       0
       0
       0
       0
       1
       0
       0
       0
       0
       0
       0
       0
       0
       0
       0
       0
       0
       0
       0
       1
       0
       0
       0
       0
       0
       0
       0
       0
       0
       0
       0
       0
       0
       0
       0
       0
       0
       0
       0
       0
       0
       0
       0
       0
       0
       1
       0
       0
       0
       0
       0
       0
       0
       0
       1
       0
       0
       0
       0
       0
       0
       0
       0
       0
       0
       0
       0
       0
       0
       0
       0
       0
       0
       0
       0
       0
       0
       0
       0
       0
       0
       0
       0
       0
       0
       0
       0
       0
       0
       0
       0
       0
       0
       0
       0
       0
       0
       0
       0
       0
       1
       0
       0
       0
       0
       1
       0
       1
       0
       0
       0
       0
       0
       0
       0
       1
       1
       0
       0
       0
       0
       0
       0
       0
       1
       1
       0
       0
       0
       0
       0
       0
       0
       0
       0
       1
       0
       0
       0
       0
       0
       0
       0
       0
       0
       0
       0
       0
       0
       0
       0
       0
       0
       0
       0
       0
       0
       0
       0
       0
       0
       0
       0
       0
       0
       0
       0
       0
       0
       0
       0
       0
       0
       0
       0
       1
       0
       0
       0
       0
       0
       1
       0
       0
       0
       0
       0
       0
       1
       1
       0
       0
       1
       0
       0
       0
       0
       1
       0
       0
       0
       0
       0
       0
       0
       0
       0
       0
       0
       0
       0
       0
       3
       1
       1
       3
       3
       1
       2
       5
       1
       0
       0
       1
       0
       0
       0
       0
       0
       0
       0
       0
       0
       0
       0
       0
       0
       0
       0
       0
       0
       0
       0
       0
       0
       1
       0
       0
       0
       0
       0
       0
       0
       0
       0
       0
       0
       0
       0
       0
       0
       0
       0
       0
       0
       0
       0
       0
       0
       0
       0
       0
       0
       0
       0
       0
       1
       0
       0
       0
       0
       0
       0
       0
       0
       0
       0
       0
       0
       0
       0
       0
       0
       0
       0
       0
       1
       0
       0
       0
       0
       0
       0
       0
       0
       0
       0
       0
       0
       0
       0
       0
       0
       0
       0
       0
       0
       0
       0
       0
       0
       1
       0
       0
       0
       0
       0
       0
       0
       0
       0
       0
       0
       0
       0
       0
       0
       0
       0
       0
       1
       0
       0
       0
       0
       0
       0
       0
       0
       0
       0
       0
       0
       0
       0
       1
       0
       0
       0
       0
       0
       0
       0
       1
       0
       0
       0
       0
       0
       0
       0
       0
       0
       0
       0
       0
       0
       0
       0
       0
       0
       0
       0
       1
       0
       0
       0
       0
       0
       0
       0
       0
       1
       0
       0
       0
       0
       0
       0
       0
       0
       1
       0
       0
       0
       0
       0
       0
       0
       0
       0
       0
       0
       0
       0
       0
       0
       0
       0
       0
       0
       0
       1
       0
       0
       0
       0
       0
       0
       0
       1
       0
       1
       0
       0
       0
       0
       0
       0
       1
       0
       0
       0
       0
       1
       0
       0
       0
       0
       0
       0
       0
       0
       0
       0
       0
       0
       0
       0
       0
       0
       0
       0
       0
       0
       0
       0
       1
       0
       0
       0
       0
       0
       0
       0
       0
       0
       0
       0
       0
       0
       0
       0
       0
       0
       0
       0
       0
       0
       0
       0
       0
       0
       0
       0
       0
       0
       0
       0
       0
       0
       0
       0
       0
       0
       0
       0
       0
       0
       0
       0
       0
       1
       0
       0
       0
       0
       0
       0
       0
       0
       0
       0
       0
       0
       0
       0
       0
       0
       0
       0
       0
       0
       0
       0
       0
       0
       0
       0
       0
       0
       0
       1
       0
       0
       0
       0
       0
       0
       0
       0
       0
       0
       0
       0
       0
       0
       0
       0
       0
       0
       0
       0
       0
       0
       0
       1
       0
       0
       0
       0
       1
       0
       0
       0
       0
       0
       1
       0
       0
       0
       0
       0
       0
       0
       0
       0
       0
       0
       0
       0
       0
       0
       0
       0
       0
       0
       0
       0
       0
       0
       0
       1
       0
       0
       0
       0
       0
       0
       0
       1
       0
       0
       0
       0
       0
       0
       0
       1
       0
       0
       0
       0
       0
       0
       0
       0
       0
       0
       0
       0
       0
       0
       0
       0
       0
       0
       0
       0
       0
       0
       0
       1
       0
       0
       0
       0
       0
       1
       0
       0
       0
       0
       0
       0
       0
       0
       0
       1
       0
       0
       0
       0
       0
       0
       0
       0
       1
       0
       1
       0
       1
       0
       0
       0
       0
       0
       1
       0
       0
       1
       0
       0
       0
       0
       0
       0
       0
       0
       0
       0
       0
       0
       0
       0
       0
       0
       0
       1
       0
       0
       0
       0
       0
       0
       0
       0
       0
       0
       0
       0
       0
       0
       0
       0
       1
       0
       0
       0
       0
       0
       0
       0
       0
       0
       0
       0
       0
       0
       0
       0
       0
       0
       0
       0
       0
       0
       0
       0
       0
       0
       0
       0
       0
       0
       0
       0
       0
       0
       0
       0
       0
       0
       0
       0
       0
       0
       0
       0
       0
       0
       0
       0
       0
       0
       0
       1
       0
       0
       0
       0
       0
       0
       0
       0
       0
       0
       0
       0
       0
       0
       0
       0
       0
       0
       0
       0
       0
       0
       1
       1
       0
       0
       1
       1
       0
       0
       0
       0
       0
       0
       0
       0
       0
       0
       0
       0
       0
       1
       0
       0
       0
       0
       0
       0
       0
       0
       0
       0
       0
       0
       0
       0
       0
       0
       0
       0
       0
       0
       0
       0
       0
       0
       0
       0
       0
       0
       0
       0
       0
       0
       0
       0
       0
       0
       0
       0
       0
       0
       1
       1
       0
       0
       0
       0
       0
       1
       0
       0
       0
       0
       0
       0
       1
       0
       0
       0
       0
       0
       0
       0
       0
       0
       0
       0
       0
       0
       0
       0
       0
       0
       0
       0
       0
       0
       0
       0
       0
       0
       0
       0
       0
       0
       0
       0
       0
       0
       0
       0
       0
       1
       0
       0
       0
       0
       0
       0
       0
       0
       1
       0
       1
       0
       0
       0
       0
       0
       0
       0
       0
       0
       0
       0
       0
       0
       0
       0
       0
       0
       0
       0
       0
       0
       0
       0
       0
       0
       0
       0
       0
       0
       0
       0
       0
       0
       0
       0
       0
       0
       0
       0
       0
       0
       0
       0
       0
       0
       0
       0
       0
       0
       0
       0
       0
       0
       0
       0
       0
       0
       0
       0
       0
       0
       0
       0
       0
       0
       0
       0
       0
       0
       0
       0
       0
       0
       0
       0
       0
       0
       0
       0
       0
       0
       0
       0
       0
       0
       1
       0
       0
       0
       0
       0
       0
       0
       0
       0
       0
       0
       0
       0
       0
       0
       0
       0
       1
       0
       0
       0
       0
       0
       1
       0
       0
       0
       0
       0
       0
       0
       0
       0
       0
       0
       0
       0
       0
       0
       0
       1
       0
       1
       0
       0
       0
       0
       0
       0
       0
       0
       0
       1
       0
       0
       0
       0
       0
       0
       0
       0
       0
       0
       0
       0
       0
       0
       0
       0
       0
       0
       0
       0
       0
       0
       0
       0
       0
       0
       0
       0
       1
       0
       0
       1
       0
       0
       1
       0
       0
       0
       0
       0
       0
       0
       0
       0
       0
       0
       0
       0
       0
       0
       0
       0
       0
       0
       1
       0
       0
       0
       0
       0
       0
       1
       0
       0
       0
       0
       0
       0
       0
       0
       1
       1
       0
       0
       1
       0
       0
       0
       0
       0
       0
       0
       0
       0
       0
       0
       0
       0
       0
       0
       0
       0
       0
       0
       0
       0
       0
       0
       0
       0
       0
       0
       0
       1
       0
       0
       0
       0
       0
       0
       0
       0
       0
       0
       0
       0
       0
       0
       0
       0
       0
       0
       0
       0
       0
       0
       0
       0
       0
       0
       0
       0
       0
       0
       0
       0
       1
       0
       0
       0
       0
       0
       0
       0
       0
       0
       0
       0
       0
       0
       0
       2
       0
       0
       0
       0
       0
       0
       0
       0
       0
       0
       0
       0
       1
       0
       0
       0
       0
       0
       0
       0
       0
       0
       0
       0
       0
       0
       0
       0
       0
       0
       0
       0
       0
       0
       1
       0
       0
       0
       0
       0
       0
       0
       0
       0
       0
       0
       0
       0
       0
       0
       0
       0
       0
       0
       0
       0
       0
       1
       0
       0
       0
       0
       1
       0
       0
       0
       0
       0
       0
       0
       0
       0
       0
       0
       0
       0
       0
       0
       0
       0
       0
       0
       0
       0
       0
       0
       0
       0
       0
       0
       0
       0
       0
       0
       1
       0
       0
       0
       0
       0
       0
       0
       0
       0
       0
       0
       0
       0
       0
       0
       0
       0
       0
       0
       0
       0
       0
       0
       0
       0
       0
       0
       0
       1
       1
       0
       0
       1
       0
       0
       1
       0
       0
       0
       0
       0
       1
       0
       1
       1
       0
       0
       0
       0
       0
       0
       0
       1
       0
       0
       0
       0
       0
       0
       0
       0
       0
       0
       1
       0
       0
       0
       0
       0
       0
       0
       0
       0
       0
       0
       0
       0
       0
       0
       0
       0
       0
       0
       0
       0
       0
       0
       0
       0
       0
       0
       0
       1
       0
       0
       0
       0
       0
       0
       0
       0
       0
       0
       0
       0
       0
       0
       0
       0
       0
       0
       0
       0
       0
       0
       0
       0
       0
       0
       0
       0
       0
       0
       0
       0
       0
       0
       0
       0
       0
       0
       0
       0
       0
       0
       0
       0
       0
       0
       0
       0
       0
       0
       0
       0
       0
       0
       0
       0
       0
       0
       0
       0
       0
       0
       0
       0
       0
       0
       0
       0
       0
       0
       0
       0
       0
       0
       0
       0
       0
       0
       0
       0
       0
       0
       0
       0
       0
       0
       0
       0
       0
       0
       0
       0
       0
       0
       0
       0
       0
       0
       1
       0
       0
       0
       0
       0
       0
       0
       0
       1
       0
       0
       0
       0
       0
       0
       0
       0
       0
       0
       0
       0
       0
       0
       0
       0
       0
       0
       0
       0
       0
       0
       2
       0
       0
       0
       0
       0
       0
       0
       0
       0
       0
       0
       0
       0
       0
       0
       0
       0
       0
       1
       0
       0
       0
       0
       0
       0
       0
       0
       0
       0
       0
       0
       0
       0
       0
       0
       0
       0
       0
       0
       0
       0
       0
       0
       0
       0
       0
       0
       0
       0
       0
       0
       0
       0
       0
       0
       0
       0
       0
       1
       0
       1
       0
       0
       0
       0
       0
       0
       0
       0
       0
       0
       0
       0
       0
       0
       0
       0
       0
       0
       0
       0
       0
       0
       0
       0
       0
       0
       0
       0
       0
       0
       0
       0
       0
       0
       1
       0
       0
       0
       0
       0
       0
       0
       0
       0
       0
       0
       0
       0
       0
       0
       0
       0
       1
       0
       0
       0
       0
       0
       0
       0
       0
       0
       0
       0
       0
       1
       0
       0
       0
       0
       0
       0
       0
       0
       0
       0
       0
       0
       0
       0
       0
       0
       0
       0
       0
       0
       0
       0
       0
       0
       0
       0
       0
       0
       0
       0
       0
       0
       0
       0
       0
       0
       0
       0
       0
       0
       0
       0
       0
       0
       0
       0
       0
       0
       0
       0
       0
       0
       0
       0
       0
       1
       0
       0
       0
       0
       0
       0
       0
       0
       0
       1
       0
       0
       0
       0
       0
       0
       0
       0
       0
       0
       0
       0
       0
       1
       0
       0
       0
       0
       0
       0
       0
       0
       0
       0
       0
       0
       0
       0
       0
       0
       0
       0
       0
       0
       0
       1
       0
       0
       0
       0
       0
       0
       0
       0
       0
       0
       0
       0
       0
       0
       0
       0
       0
       0
       0
       0
       0
       0
       0
       0
       0
       0
       0
       0
       0
       0
       0
       0
       0
       0
       0
       0
       0
       0
       0
       0
       0
       0
       0
       0
       0
       0
       0
       0
       0
       0
       0
       0
       0
       0
       0
       0
       0
       0
       0
       0
       0
       0
       0
       0
       0
       0
       0
       0
       0
       0
       0
       0
       0
       0
       0
       0
       0
       0
       0
       0
       0
       0
       0
       0
       0
       0
       0
       0
       0
       0
       0
       0
       0
       0
       0
       1
       0
       0
       0
       0
       0
       0
       0
       0
       0
       0
       0
       0
       0
       0
       0
       0
       0
       0
       0
       0
       0
       0
       0
       0
       0
       0
       0
       1
       0
       0
       0
       0
       0
       0
       0
       0
       0
       0
       0
       0
       0
       0
       0
       0
       0
       0
       0
       0
       0
       0
       0
       0
       0
       0
       0
       0
       0
       0
       0
       0
       0
       0
       0
       0
       0
       0
       0
       0
       0
       0
       0
       0
       0
       0
       0
       0
       0
       0
       0
       0
       0
       0
       0
       0
       0
       0
       0
       0
       0
       0
       0
       1
       0
       0
       0
       0
       0
       0
       0
       0
       0
       0
       0
       0
       0
       0
       0
       0
       0
       0
       0
       0
       0
       0
       0
       0
       0
       0
       0
       0
       0
       0
       0
       0
       0
       0
       0
       0
       0
       0
       0
       0
       0
       0
       0
       0
       1
       0
       0
       0
       0
       0
       0
       0
       1
       0
       0
       1
       0
       0
       0
       0
       0
       0
       0
       0
       0
       0
       0
       0
       0
       0
       0
       0
       0
       0
       0
       0
       0
       0
       0
       0
       0
       0
       0
       0
       0
       0
       0
       0
       0
       0
       0
       0
       0
       0
       0
       0
       0
       0
       0
       0
       0
       0
       0
       0
       0
       0
       0
       0
       0
       0
       0
       0
       0
       0
       0
       0
       0
       0
       0
       0
       0
       0
       0
       0
       0
       0
       0
       0
       0
       0
       0
       0
       0
       0
       0
       0
       0
       0
       0
       0
       0
       0
       0
       0
       0
       0
       0
       1
       0
       0
       0
       0
       0
       0
       0
       0
       0
       0
       0
       0
       0
       0
       0
       0
       0
       0
       0
       0
       0
       0
       0
       0
       0
       0
       0
       0
       0
       0
       0
       0
       0
       0
       0
       0
       0
       0
       0
       0
       0
       0
       0
       0
       0
       0
       0
       0
       0
       0
       0
       0
       0
       0
       0
       0
       0
       0
       0
       0
       0
       0
       0
       0
       0
       0
       0
       0
       0
       0
       0
       0
       0
       0
       0
       0
       0
       0
       0
       0
       0
       0
       0
       0
       0
       0
       0
       0
       0
       0
       0
       0
       1
       0
       0
       0
       0
       0
       0
       0
       0
       0
       0
       0
       0
       0
       0
       0
       0
       0
       0
       0
       0
       0
       0
       0
       1
       0
       0
       0
       0
       0
       0
       0
       0
       0
       0
       1
       0
       0
       0
       0
       0
       0
       0
       0
       0
       0
       0
       0
       0
       0
       0
       0
       0
       0
       0
       0
       0
       0
       0
       0
       0
       0
       0
       0
       0
       0
       0
       0
       0
       1
       0
       0
       0
       0
       0
       0
       0
       0
       0
       1
       0
       0
       0
       0
       0
       0
       0
       0
       0
       0
       0
       0
       0
       0
       0
       0
       0
       0
       0
       0
       0
       0
       0
       0
       0
       0
       0
       0
       0
       0
       0
       0
       0
       0
       0
       0
       0
       0
       0
       0
       0
       0
       0
       0
       0
       0
       0
       0
       1
       0
       0
       0
       0
       0
       0
       0
       0
       0
       0
       0
       0
       0
       0
       0
       0
       0
       0
       0
       0
       0
       0
       0
       0
       0
       0
       0
       0
       0
       0
       0
       0
       0
       0
       0
       0
       0
       0
       0
       0
       0
       0
       0
       0
       0
       0
       0
       0
       0
       0
       0
       0
       0
       0
       0
       0
       0
       0
       0
       0
       0
       0
       0
       0
       0
       0
       0
       0
       0
       0
       0
       0
       0
       0
       0
       0
       0
       0
       0
       0
       0
       0
       2
       2
       3
       2
       1
       1
       0
       0
       0
       0
       0
       0
       0
       0
       0
       0
       0
       0
       0
       0
       0
       0
       0
       0
       0
       0
       0
       0
       0
       0
       0
       0
       0
       0
       0
       0
       0
       0
       0
       0
       0
       0
       0
       0
       0
       0
       0
       0
       0
       0
       0
       0
       0
       0
       0
       0
       0
       0
       0
       0
       0
       0
       0
       0
       0
       0
       0
       0
       0
       0
       0
       0
       0
       0
       0
       0
       0
       0
       0
       0
       0
       0
       0
       0
       0
       0
       0
       0
       0
       0
       0
       0
       0
       0
       0
       0
       0
       0
       0
       0
       0
       0
       0
       0
       0
       0
       0
       0
       0
       0
       0
       0
       0
       0
       0
       0
       0
       0
       0
       0
       0
       0
       0
       0
       0
       0
       0
       0
       0
       0
       0
       0
       0
       0
       0
       0
       0
       0
       0
       0
       0
       0
       0
       0
       0
       0
       0
       0
       0
       0
       0
       0
       0
       0
       0
       0
       0
       0
       0
       0
       0
       0
       0
       0
       0
       0
       0
       0
       0
       0
       0
       0
       1
       0
       0
       0
       0
       0
       0
       0
       0
       0
       0
       0
       0
       0
       0
       0
       0
       0
       0
       0
       0
       0
       0
       0
       0
       0
       0
       0
       0
       0
       0
       0
       0
       0
       0
       0
       0
       0
       0
       0
       0
       0
       0
       0
       0
       0
       0
       0
       0
       0
       0
       0
       0
       0
       0
       0
       0
       0
       0
       0
       0
       0
       0
       0
       0
       0
       0
       0
       0
       0
       0
       0
       0
       0
       0
       0
       0
       0
       0
       0
       0
       0
       0
       0
       1
       0
       0
       0
       0
       0
       0
       0
       0
       0
       0
       0
       0
       0
       0
       0
       0
       0
       0
       0
       0
       0
       0
       0
       0
       0
       0
       1
       0
       0
       0
       0
       0
       0
       0
       0
       0
       0
       0
       0
       0
       0
       0
       0
       0
       0
       0
       0
       0
       0
       0
       0
       0
       0
       0
       0
       0
       0
       0
       0
       0
       0
       0
       0
       0
       0
       0
       0
       0
       0
       0
       0
       0
       0
       0
       0
       0
       0
       0
       0
       0
       0
       0
       0
       0
       0
       0
       0
       0
       0
       0
       0
       0
       0
       0
       0
       0
       0
       0
       0
       0
       0
       0
       0
       0
       0
       0
       0
       0
       0
       0
       0
       0
       0
       0
       0
       0
       0
       0
       0
       0
       0
       0
       0
       0
       0
       0
       0
       0
       0
       0
       0
       0
       0
       0
       0
       0
       0
       0
       0
       0
       0
       0
       0
       0
       0
       0
       0
       0
       0
       0
       0
       0
       0
       0
       0
       0
       0
       0
       0
       0
       0
       0
       0
       0
       0
       0
       0
       0
       0
       0
       0
       0
       0
       0
       0
       0
       0
       0
       0
       0
       0
       0
       0
       0
       0
       0
       0
       0
       0
       0
       0
       0
       0
       0
       0
       0
       0
       0
       0
       0
       0
       0
       0
       0
       0
       0
       0
       0
       0
       0
       0
       0
       0
       0
       0
       0
       1
       0
       0
       0
       0
       0
       0
       0
       0
       0
       0
       0
       0
       0
       0
       0
       0
       0
       0
       0
       0
       0
       0
       0
       0
       0
       0
       0
       0
       0
       0
       0
       0
       0
       0
       0
       0
       0
       0
       0
       0
       0
       0
       0
       0
       0
       0
       0
       0
       0
       0
       0
       0
       0
       0
       0
       0
       1
       0
       0
       0
       0
       0
       0
       0
       0
       0
       0
       0
       0
       0
       0
       0
       0
       0
       0
       0
       0
       0
       0
       0
       0
       0
       0
       0
       0
       0
       0
       0
       0
       0
       0
       0
       0
       0
       0
       0
       0
       0
       0
       0
       0
       0
       0
       0
       0
       0
       0
       0
       0
       0
       0
       0
       0
       0
       0
       0
       0
       0
       0
       0
       0
       0
       0
       0
       0
       0
       0
       0
       0
       0
       0
       0
       0
       0
       0
       0
       0
       0
       0
       0
       0
       0
       0
       0
       0
       0
       0
       0
       0
       0
       0
       0
       0
       0
       0
       0
       0
       0
       0
       0
       0
       0
       0
       0
       0
       0
       0
       0
       0
       0
       0
       0
       0
       0
       0
       0
       0
       0
       0
       0
       0
       0
       0
       0
       0
       0
       0
       0
       0
       0
       0
       0
       0
       0
       0
       0
       0
       0
       0
       0
       0
       0
       0
       0
       0
       0
       0
       0
       0
       0
       0
       0
       0
       0
       0
       0
       0
       0
       0
       0
       0
       0
       0
       0
       0
       0
       0
       0
       0
       0
       0
       0
       0
       0
       0
       0
       0
       0
       0
       0
       0
       0
       0
       0
       0
       0
       0
       0
       0
       0
       0
       0
       0
       0
       0
       0
       0
       0
       0
       0
       0
       0
       0
       0
       0
       0
       0
       0
       0
       0
       0
       0
       0
       0
       0
       0
       0
       0
       0
       0
       0
       0
       0
       0
       0
       0
       0
       0
       0
       0
       0
       0
       0
       0
       0
       0
       0
       0
       0
       0
       0
       0
       0
       0
       0
       0
       0
       0
       0
       0
       0
       0
       0
       0
       0
       0
       0
       0
       0
       0
       0
       0
       0
       0
       0
       0
       0
       0
       0
       0
       0
       0
       0
       0
       0
       0
       0
       0
       0
       0
       0
       0
       0
       0
       0
       0
       0
       0
       0
       0
       0
       0
       0
       0
       0
       0
       0
       0
       0
       0
       0
       0
       0
       0
       0
       0
       0
       0
       0
       0
       0
       0
       0
       0
       0
       0
       0
       0
       0
       0
       0
       0
       0
       0
       0
       0
       0
       0
       0
       0
       0
       0
       0
       0
       0
       0
       0
       0
       0
       0
       0
       0
       0
       0
       0
       0
       0
       0
       0
       0
       0
       0
       0
       0
       0
       0
       0
       0
       0
       0
       0
       0
       0
       0
       0
       0
       0
       0
       0
       0
       0
       0
       0
       0
       0
       0
       0
       0
       0
       0
       0
       0
       0
       0
       0
       0
       0
       0
       0
       0
       0
       0
       0
       0
       0
       0
       0
       0
       0
       0
       0
       0
       0
       0
       0
       0
       0
       1
       0
       0
       0
       0
       0
       0
       0
       0
       0
       0
       0
       0
       0
       0
       0
       0
       0
       0
       0
       1
       0
       0
       0
       0
       0
       0
       0
       0
       0
       0
       0
       0
       0
       0
       0
       0
       0
       0
       0
       0
       0
       0
       0
       0
       0
       0
       0
       0
       0
       0
       0
       0
       0
       0
       0
       0
       0
       0
       0
       0
       0
       0
       0
       0
       0
       0
       0
       0
       0
       0
       0
       0
       0
       0
       0
       0
       0
       0
       0
       0
       0
       0
       0
       0
       0
       0
       0
       0
       0
       0
       0
       0
       0
       0
       0
       0
       0
       0
       0
       0
       0
       0
       0
       0
       0
       0
       0
       0
       0
       0
       0
       0
       0
       0
       0
       0
       0
       0
       0
       0
       0
       0
       0
       0
       0
       0
       0
       0
       0
       0
       0
       0
       0
       0
       0
       0
       0
       0
       0
       0
       0
       0
       0
       0
       0
       0
       0
       0
       0
       0
       0
       0
       0
       0
       0
       0
       0
       0
       0
       0
       0
       0
       0
       0
       0
       0
       0
       0
       0
       0
       0
       0
       0
       0
       0
       0
       0
       0
       0
       0
       0
       0
       0
       0
       0
       0
       0
       0
       0
       0
       0
       0
       0
       0
       0
       0
       0
       0
       1
       0
       0
       0
       0
       0
       0
       0
       1
       0
       0
       0
       0
       0
       0
       0
       0
       0
       0
       0
       0
       0
       0
       0
       0
       0
       0
       0
       0
       0
       0
       0
       0
       0
       0
       0
       0
       0
       0
       0
       0
       0
       0
       0
       0
       0
       0
       0
       0
       0
       0
       0
       0
       0
       0
       0
       0
       0
       0
       0
       0
       0
       0
       0
       0
       0
       0
       0
       0
       0
       0
       0
       0
       0
       0
       0
       0
       0
       0
       0
       0
       0
       0
       0
       0
       0
       0
       0
       0
       0
       0
       0
       0
       0
       0
       0
       0
       0
       0
       0
       0
       0
       0
       0
       0
       0
       0
       0
       0
       0
       0
       0
       0
       0
       0
       0
       0
       0
       0
       0
       0
       0
       0
       0
       0
       0
       0
       0
       0
       0
       0
       0
       0
       0
       0
       0
       0
       0
       0
       0
       0
       0
       0
       0
       0
       0
       0
       0
       0
       0
       0
       0
       0
       0
       0
       0
       0
       0
       0
       0
       0
       0
       0
       0
       0
       0
       0
       0
       0
       0
       0
       0
       0
       0
       0
       0
       0
       0
       0
       0
       0
       0
       0
       0
       0
       0
       0
       0
       0
       0
       0
       0
       0
       0
       0
       0
       0
       0
       0
       0
       0
       0
       0
       0
       0
       0
       0
       0
       0
       0
       0
       0
       0
       0
       0
       0
       0
       0
       0
       0
       0
       0
       0
       0
       0
       0
       0
       0
       0
       0
       0
       0
       0
       0
       0
       0
       0
       0
       0
       0
       0
       0
       0
       0
       0
       0
       0
       0
       0
       0
       0
       0
       0
       0
       0
       0
       0
       0
       0
       0
       0
       0
       0
       0
       0
       0
       0
       0
       0
       0
       0
       0
       0
       0
       0
       0
       0
       0
       0
       0
       0
       0
       0
       0
       0
       0
       0
       0
       0
       0
       0
       0
       0
       0
       0
       0
       0
       0
       0
       0
       0
       0
       0
       0
       0
       0
       0
       0
       0
       0
       0
       0
       0
       0
       0
       0
       0
       0
       0
       0
       0
       0
       0
       0
       0
       0
       0
       0
       0
       0
       0
       0
       0
       0
       0
       0
       0
       0
       0
       0
       0
       0
       0
       0
       0
       0
       0
       0
       0
       0
       0
       0
       0
       0
       0
       0
       0
       0
       0
       0
       0
$ROI:
0
$PRESETS:
Real Time
180
0
$ENER_FIT:
0.888569 0.390988
$MCA_CAL:
3
8.885689E-001 3.909876E-001 3.191953E-008 keV
$SHAPE_CAL:
3
0.000000E+000 0.000000E+000 0.000000E+000
