$SPEC_ID:
1
$SPEC_REM:
DET# 2
DETDESC# MCB 130 Normal
AP# Maestro Version 7.01
$DATE_MEA:
09/21/2019 06:35:30
$MEAS_TIM:
178 180
$DATA:
0 8191
       0
       0
       0
       0
       0
       0
       0
       0
       0
       0
       0
       0
       0
       0
       0
       0
       0
       0
       0
       0
       0
       0
       0
       0
       0
       0
      12
     235
      63
      30
      36
      51
      95
     152
     210
     144
      65
      54
      51
      86
     102
     114
     116
     138
     156
     102
      52
      41
      57
      51
      56
      77
      74
      76
      57
      60
      48
      41
      62
      55
      70
      45
      38
      44
      47
      33
      41
      55
      48
      48
      32
      45
      36
      43
      44
      32
      42
      45
      42
      32
      29
      32
      38
      44
      38
      40
      31
      43
      36
      44
      36
      45
      38
      32
      44
      39
      39
      46
      44
      37
      44
      39
      40
      42
      32
      39
      40
      45
      39
      33
      46
      52
      45
      52
      42
      53
      50
      41
      40
      38
      44
      52
      46
      35
      58
      57
      42
      43
      47
      56
      62
      47
      70
      47
      54
      51
      43
      51
      45
      54
      47
      45
      50
      58
      59
      57
      55
      67
      71
      56
      70
      72
      59
      71
      78
      89
      83
      88
      56
      72
      74
      72
      68
      60
      53
      79
      72
      87
      75
      69
      84
      75
      84
      75
      68
      75
      90
      95
      76
      99
      80
      86
      71
      87
      85
     112
      88
      85
      90
     101
     104
     126
     101
      91
      96
     106
     106
     103
      98
      97
      93
      94
      88
      91
      91
      90
     102
      93
      86
     101
      94
      72
      95
     120
     114
     129
     102
     132
      99
     116
     142
     122
     116
     117
      99
      98
     103
      95
     104
     105
     103
      92
     103
     109
     104
     112
     115
     109
     121
     119
     120
     109
      98
      95
     124
      96
     125
     124
     118
     148
     147
     181
     284
     342
     270
     169
     121
     100
     105
     113
     112
     117
     235
     404
     462
     313
     176
     130
     232
     476
     568
     402
     176
     106
      97
      86
      81
      71
      96
      84
      92
      82
      63
      84
      88
      71
     101
      86
     102
      86
      90
      74
      88
      85
     100
     120
     142
     163
     157
     143
     126
      90
      79
      69
      75
      97
     105
     137
     102
      98
     107
      76
      79
      96
      74
      75
      89
      94
      77
      66
      63
      68
      72
      66
      81
      81
      77
      75
      71
      78
      69
      71
      69
      64
      78
      73
      77
      72
      76
      66
      72
      61
      61
      65
      78
      62
      71
      75
      78
      64
      71
      70
      84
      64
      43
      58
      61
      73
      67
      64
      56
      64
      71
      61
      70
      53
      71
      56
      63
      68
      67
      70
      52
      52
      63
      86
      56
      56
      55
      68
      71
      58
      56
      66
      42
      49
      58
      64
      56
      63
      67
      64
      60
      56
      60
      53
      51
      66
      48
      55
      67
      64
      57
      55
      60
      61
      54
      46
      52
      48
      57
      52
      62
      54
      52
      54
      60
      56
      67
      48
      39
      52
      41
      59
      42
      54
      50
      49
      38
      73
      54
      48
      48
      44
      36
      60
      59
      50
      43
      46
      51
      42
      41
      43
      35
      55
      41
      36
      44
      44
      48
      48
      41
      45
      38
      50
      47
      43
      36
      39
      49
      48
      49
      38
      38
      43
      41
      51
      43
      45
      39
      39
      43
      58
      50
      47
      45
      38
      47
      47
      47
      45
      45
      48
      33
      31
      45
      32
      38
      55
      38
      36
      32
      27
      43
      34
      34
      33
      37
      26
      39
      54
      60
      43
      40
      31
      46
      37
      30
      44
      48
      48
      38
      45
      29
      50
      30
      42
      40
      39
      34
      28
      28
      32
      24
      35
      41
      32
      35
      35
      28
      28
      36
      30
      52
      82
      63
      56
      41
      35
      32
      39
      24
      32
      31
      30
      27
      24
      33
      23
      36
      36
      40
      30
      35
      35
      28
      37
      35
      34
      26
      29
      16
      31
      36
      34
      25
      26
      25
      38
      36
      30
      23
      37
      28
      22
      37
      21
      28
      36
      64
      97
     144
     160
     103
      52
      34
      19
      24
      21
      29
      29
      28
      26
      28
      18
      24
      28
      33
      26
      23
      31
      22
      17
      20
      35
      25
      26
      30
      49
      36
      40
      39
      24
      32
      21
      22
      38
      30
      26
      24
      28
      21
      26
      17
      23
      26
      23
      29
      25
      20
      22
      21
      23
      20
      24
      23
      21
      33
      19
      17
      26
      19
      22
      16
      18
      25
      23
      27
      22
      26
      25
      31
      19
      17
      17
      13
      25
      16
      22
      15
      19
      20
      20
      19
      24
      18
      20
      23
      17
      27
      20
      18
      25
      15
      24
      18
      25
      14
      25
      17
      14
      20
      16
      22
      19
      16
      22
      17
      20
      13
      20
      16
      17
      21
      20
      16
      13
      10
      12
      18
      20
      11
      20
      16
      17
      19
      55
     106
     186
     136
      63
      31
      11
      17
      13
      13
      18
      17
      16
      11
      18
      19
      15
      23
      17
      16
      22
      13
      22
      24
      17
      15
      14
      19
      15
      18
      17
      13
      15
      13
      15
      15
      12
      18
      15
      13
      12
      14
      17
       9
      17
      16
      20
      25
      31
      29
      28
      21
      13
      26
      17
      42
      44
      41
      26
      16
      11
      12
      13
      16
       9
      13
       8
      10
      16
      13
      12
      10
      13
       7
      17
      18
      17
      13
       9
      12
      22
      32
      22
      20
      22
      14
      15
      14
      16
      12
      16
       9
      14
       9
      12
       7
       7
      12
      15
      27
      40
      52
      55
      43
      22
      16
      14
       8
      10
      11
      10
      10
       8
      13
      19
      11
       9
      12
       6
      12
      12
       9
      10
       8
       9
      17
       5
      12
       9
      18
      14
      10
      11
      16
      14
       8
       5
      14
      11
      15
      10
      13
      18
       9
       8
      18
      10
      23
      22
       8
      12
      11
      12
      16
       5
       7
      11
      18
      12
      12
       6
       9
      10
       8
       8
       6
       9
       6
       8
       9
       6
      10
      10
      13
      15
       5
       7
      16
       7
       8
      10
       8
      10
       8
      12
       7
      10
      11
       8
       7
      14
      17
      26
      22
      13
      12
       8
       6
       9
       6
      13
       7
       6
       8
       2
      10
       4
       5
       7
       9
       8
      11
       5
      13
       6
       8
      13
      15
      11
      10
      13
       8
       1
       4
      11
       7
       8
       6
       5
       7
       5
      11
       8
      11
       8
       6
       9
       5
       6
      12
      10
       8
       7
       5
       7
      15
       7
       5
       8
      10
       8
       8
       6
      10
       7
       6
       5
      11
       8
       7
       8
       5
       5
      13
       9
       5
       8
      12
       3
       7
       3
       9
       8
       7
       6
       6
       5
       3
       5
       6
       7
       6
       2
       8
       9
       7
       3
       8
       7
       9
       4
       4
       1
       4
       5
       4
       8
       5
       4
       8
       8
       7
       6
       6
       6
       7
       9
       2
      13
       7
       8
       8
       7
       7
       6
       4
       5
      10
       2
       5
       9
       4
       4
       8
       5
       6
       6
       3
       8
       6
       7
       3
       5
       6
       4
       5
       7
       8
      11
      11
      10
       7
       8
       6
       7
       8
       4
      13
       7
       7
       0
       8
       5
       6
       7
       9
       6
       5
       4
       3
       7
       4
       8
      14
       5
       5
       3
       9
       5
       5
       4
       7
       4
       5
       7
       9
       5
       7
       5
       6
       6
       6
       6
       5
       7
       3
       5
       5
       4
       4
       6
       1
       8
       6
       3
       4
       4
       4
       7
      10
       5
       7
       7
       8
       7
       4
       5
       1
       3
       3
       3
       9
       5
       7
       4
       3
       7
       9
       3
       2
       3
       6
       4
       3
       2
       5
       6
       6
       4
       6
       7
       1
       3
       5
       5
       5
       5
       5
       6
       4
       7
       7
       5
       6
       9
       5
       5
       4
       7
       9
       3
       1
       6
       8
       3
       6
       1
       7
       5
       0
       4
       4
       9
       7
       5
       5
       2
       7
       2
       4
       3
      10
       3
       6
       4
       4
       6
       2
       7
       3
       6
       5
       1
       1
       7
       5
       6
       4
      12
      11
      19
      15
      10
      11
       7
       4
       6
       3
       7
       3
       4
       5
       4
       8
       6
       5
       8
       4
       5
       3
       6
       6
       5
       6
       6
       2
       6
       3
       2
       2
       4
       7
       2
       4
       7
       8
       3
       6
       5
       6
       5
       5
       1
       2
       0
       5
       4
       3
       3
       8
       6
       4
       1
       7
       0
       2
       2
       2
       4
       5
       6
       2
       5
       6
       5
       4
       2
       0
       5
       3
       6
       4
       5
       6
       9
      13
      10
       3
       4
       9
       1
       6
       5
       2
       4
       7
       4
       2
       2
       5
       6
       3
       2
       3
       2
       1
       3
       3
       1
       1
       5
       4
       3
       3
       7
       5
       3
       3
       6
       8
       6
       3
       9
       9
       5
       2
       7
       5
       2
       5
       4
       3
       3
       1
       0
       4
       4
       7
       2
       3
       5
       2
       2
       6
       4
       4
       1
       2
       3
       4
       2
       3
       3
       6
       2
       2
       1
       5
       2
       2
       1
       4
       3
       6
       5
       1
       5
       4
       3
       2
       4
       3
       4
       2
       2
       3
       3
       6
       4
       1
       2
       2
       2
       1
       3
       0
       0
       3
       3
       2
       1
       3
       0
       1
       4
       4
       4
       4
       2
       5
       9
       5
       3
       5
       4
       3
       7
       1
       2
       2
       2
       9
       4
       3
       0
       2
       4
       0
       3
       5
       4
       2
       4
       5
       3
       3
       2
       4
       0
       2
       4
       7
       6
       6
       2
       3
       1
       3
       2
       5
       3
       2
       2
       1
       1
       1
       3
       4
       4
       2
       3
       2
       3
       4
       1
       1
       1
       2
       1
       4
       1
       0
       2
       3
       2
       3
       3
       5
       4
       5
       5
       4
       4
       1
       6
       0
       4
       4
       5
       2
       1
       3
       2
       3
       1
       3
       2
       3
       6
       7
       2
       2
       1
       3
       4
       1
       3
       3
       2
       3
       6
       3
       0
       8
      11
       4
       9
       4
       6
       3
       3
       1
       2
       5
       3
       2
       6
       2
       5
       1
       5
       2
       4
       4
       2
       4
       2
       1
       0
       3
       5
       3
       4
       3
       4
       4
       2
       3
       5
       2
       3
       2
       2
       3
       3
       4
       5
       3
       4
       3
       2
       2
       3
       1
       0
       3
       3
      10
       3
       5
       6
       5
       2
       1
       5
       2
       5
       3
       1
       6
      10
      13
      23
      21
       6
       4
       3
       1
       6
       2
       9
       4
       3
       1
       3
       4
       4
       4
       2
       1
       4
       2
       2
       4
       3
       3
       3
       3
       0
       3
       3
       4
       3
       5
       0
       2
       3
       2
       1
       3
       0
       3
       3
       0
       5
       2
       5
       4
       3
       2
       3
       8
       3
       1
       2
       0
       2
       3
       1
       3
       4
       3
       4
       2
       1
       4
       3
       0
       4
       1
       2
       3
       4
       4
       0
       1
       6
       0
       3
       2
       0
       1
       1
       2
       4
       2
       1
       1
       2
       2
       1
       1
       2
       3
       2
       2
       3
       0
       0
       3
       2
       0
       2
       1
       4
       3
       2
       3
       0
       2
       1
       4
       6
       2
       3
       0
       4
       7
       3
       0
       0
       2
       3
       3
       2
       0
       3
       1
       5
       2
       2
       1
       4
       1
       3
       7
       4
       4
       3
       4
       2
       1
       5
       5
       1
       2
       2
       0
       1
       5
       0
       3
       3
       4
       4
       2
       0
       1
       3
       5
       3
       3
       3
       1
       0
       1
       1
       1
       3
       1
       1
       6
       3
       3
       1
       0
       2
       0
       0
       3
       2
       1
       0
       5
       3
       4
       3
       1
       1
       0
       6
       3
       2
       4
       3
       3
       3
       6
       0
       1
       1
       2
       3
       0
       2
       6
       2
       0
       1
       5
       0
       2
       0
       7
       1
       4
       6
       2
       2
       2
       0
       0
       1
       2
       4
       5
       2
       4
       2
       0
       4
       1
       2
       0
       0
       0
       0
       1
       4
       1
       1
       0
       2
       1
       0
       1
       2
       0
       2
       1
       2
       2
       2
       0
       1
       1
       0
       3
       1
       1
       2
       1
       1
       2
       0
       7
       2
       1
       2
       0
       2
       4
       0
       1
       1
       2
       2
       2
       1
       1
       3
       1
       3
       0
       1
       5
       1
       1
       2
       2
       0
       3
       2
       2
       1
       1
       0
       1
       2
       0
       1
       2
       4
       4
       2
       2
       2
       1
       1
       0
       0
       1
       2
       1
       1
       3
       1
       5
       1
       4
       0
       4
       3
       1
       1
       2
       1
       0
       2
       0
       2
       1
       3
       2
       2
       4
       4
       2
       2
       3
       1
       2
       3
       3
       5
       2
       1
       3
       0
       3
       1
       3
       0
       1
       1
       1
       0
       2
       1
       2
       1
       2
       2
       0
       1
       2
       0
       5
       5
       2
       1
       4
       2
       2
       1
       2
       1
       3
       4
       2
       1
       2
       0
       4
       2
       1
       0
       4
       2
       2
       0
       3
       2
       2
       1
       0
       2
       0
       3
       3
       8
       4
       3
       2
       3
       0
       0
       0
       4
       4
       2
       4
       3
       3
       0
       3
       1
       1
       2
       0
       2
       1
       0
       1
       1
       3
       2
       2
       0
       1
       3
       5
       1
       1
       0
       1
       2
       1
       1
       0
       0
       1
       4
       0
       1
       4
       2
       2
       1
       4
       0
       1
       0
       3
       3
       2
       1
       2
       1
       2
       3
       2
       4
       2
       0
       0
       1
       1
       0
       2
       2
       2
       0
       1
       1
       2
       3
       0
       2
       2
       8
       1
       4
       3
       1
       3
       2
       0
       2
       0
       1
       1
       1
       1
       1
       2
       2
       3
       4
       1
       0
       1
       2
       1
       4
       3
       0
       3
       2
       2
       0
       2
       3
       0
       0
       0
       1
       2
       3
       2
       3
       0
       1
       1
       2
       1
       0
       2
       2
       0
       2
       0
       1
       0
       2
       0
       0
       1
       2
       0
       1
       3
       1
       1
       0
       2
       0
       1
       0
       3
       2
       1
       0
       1
       2
       2
       2
       1
       1
       3
       2
       0
       1
       2
       2
       2
       1
       0
       3
       0
       1
       2
       2
       4
       1
       3
       3
       3
       2
       0
       3
       1
       1
       3
       2
       2
       1
       1
       0
       2
       0
       2
       0
       3
       1
       4
       4
       5
       1
       0
       1
       1
       4
       0
       2
       2
       2
       4
       1
       0
       0
       0
       0
       3
       2
       2
       1
       1
       4
       3
       0
       2
       2
       1
       0
       1
       3
       1
       0
       0
       0
       3
       2
       2
       2
       1
       1
       2
       0
       1
       1
       1
       0
       1
       2
       2
       0
       1
       4
       3
       2
       2
       3
       1
       0
       2
       2
       1
       1
       2
       2
       0
       1
       2
       2
       2
       1
       1
       0
       3
       0
       2
       0
       3
       0
       1
       0
       0
       0
       1
       1
       1
       2
       1
       1
       0
       3
       1
       1
       3
       4
       8
      11
      14
      13
      12
       6
       9
       4
       2
       3
       1
       0
       1
       0
       1
       2
       3
       1
       2
       1
       1
       2
       1
       1
       3
       1
       3
       6
       5
       8
       2
       1
       2
       1
       0
       1
       1
       3
       2
       0
       1
       4
       2
       1
       0
       1
       1
       0
       3
       2
       0
       0
       0
       3
       1
       2
       1
       2
       3
       0
       1
       2
       0
       0
       0
       2
       3
       3
       1
       1
       1
       1
       4
       2
       2
       2
       2
       0
       0
       1
       3
       1
       3
       2
       5
       9
       1
       2
       3
       0
       0
       1
       1
       0
       2
       0
       1
       1
       1
       0
       0
       1
       1
       0
       1
       2
       1
       0
       2
       2
       1
       1
       2
       0
       1
       0
       1
       0
       0
       2
       0
       1
       0
       2
       1
       1
       3
       0
       4
       0
       0
       2
       1
       0
       0
       1
       1
       4
       0
       1
       2
       0
       2
       1
       3
       3
       1
       0
       0
       1
       2
       0
       0
       1
       2
       2
       2
       0
       1
       1
       0
       0
       1
       0
       2
       3
       2
       3
       1
       0
       2
       1
       1
       1
       1
       0
       2
       2
       1
       0
       1
       1
       0
       1
       1
       3
       3
       0
       2
       0
       0
       1
       2
       1
       2
       1
       3
       0
       0
       2
       1
       4
       2
       1
       4
       0
       1
       1
       1
       3
       1
       1
       3
       6
       4
       2
       3
       7
       1
       2
       2
       1
       4
       7
       7
      11
       6
       7
       1
       4
       0
       2
       4
       8
       4
       2
       2
       2
       1
       1
       1
       0
       1
       1
       0
       0
       1
       0
       0
       1
       1
       1
       2
       1
       2
       0
       1
       1
       0
       0
       1
       1
       0
       0
       1
       0
       2
       0
       0
       0
       2
       0
       0
       1
       1
       5
       1
       1
       0
       1
       0
       0
       0
       0
       1
       1
       1
       0
       1
       1
       1
       0
       1
       2
       3
       1
       1
       3
       1
       0
       2
       0
       1
       1
       2
       0
       1
       2
       1
       1
       2
       0
       1
       0
       0
       3
       3
       2
       2
       1
       1
       2
       0
       0
       2
       2
       0
       1
       0
       1
       0
       0
       0
       4
       0
       0
       0
       0
       3
       1
       1
       0
       2
       1
       2
       2
       0
       0
       0
       1
       0
       0
       1
       4
       0
       1
       0
       0
       3
       2
       0
       2
       0
       1
       0
       1
       1
       0
       2
       0
       0
       0
       1
       0
       1
       1
       4
       2
       0
       0
       0
       0
       1
       3
       1
       0
       2
       0
       3
       0
       3
       2
       1
       0
       0
       2
       0
       0
       1
       4
       0
       1
       2
       2
       1
       0
       1
       0
       0
       1
       0
       1
       1
       1
       1
       0
       1
       1
       1
       0
       3
       1
       1
       1
       0
       2
       2
       0
       0
       0
       1
       2
       0
       0
       1
       1
       0
       0
       4
       0
       0
       1
       0
       1
       0
       1
       2
       1
       0
       1
       0
       2
       1
       2
       2
       0
       1
       3
       2
       3
       0
       0
       1
       1
       1
       0
       1
       0
       0
       0
       1
       2
       1
       0
       1
       1
       1
       1
       0
       0
       0
       1
       1
       2
       4
       0
       0
       2
       0
       1
       1
       2
       0
       1
       0
       0
       0
       0
       3
       0
       0
       3
       3
       1
       4
       0
       0
       1
       0
       1
       0
       2
       3
       3
       1
       1
       1
       0
       1
       2
       1
       1
       0
       0
       1
       0
       0
       0
       0
       1
       1
       1
       0
       1
       0
       1
       2
       0
       0
       1
       1
       0
       2
       0
       1
       0
       2
       0
       0
       1
       0
       1
       2
       1
       1
       2
       2
       3
       0
       2
       1
       1
       1
       1
       2
       2
       0
       4
       1
       0
       1
       1
       0
       0
       0
       0
       0
       1
       2
       1
       0
       1
       0
       1
       2
       0
       1
       1
       2
       0
       2
       1
       2
       0
       0
       0
       2
       2
       1
       3
       1
       1
       0
       1
       1
       0
       2
       2
       2
       1
       1
       2
       2
       2
       0
       1
       0
       2
       5
       6
       6
       8
       5
       5
       0
       5
       1
       1
       0
       2
       1
       2
       0
       1
       0
       0
       0
       0
       1
       0
       0
       0
       1
       1
       2
       1
       0
       0
       2
       2
       1
       1
       0
       4
       1
       1
       2
       0
       1
       0
       0
       1
       2
       0
       2
       2
       2
       0
       4
       1
       1
       2
       1
       2
       1
       0
       2
       0
       1
       0
       0
       0
       2
       1
       1
       0
       1
       2
       0
       2
       0
       1
       3
       0
       1
       1
       1
       0
       0
       1
       2
       1
       0
       1
       0
       1
       0
       2
       3
       1
       1
       1
       0
       0
       1
       1
       1
       0
       0
       5
       1
       0
       1
       0
       3
       0
       2
       2
       0
       0
       0
       1
       1
       1
       1
       1
       1
       1
       1
       0
       0
       1
       1
       0
       0
       1
       0
       2
       1
       0
       1
       0
       4
       6
       2
       3
       4
       2
       0
       0
       0
       1
       3
       2
       2
       3
       4
       3
       4
       4
       2
       0
       1
       0
       1
       0
       0
       1
       1
       1
       0
       0
       1
       0
       0
       1
       1
       0
       0
       0
       0
       2
       0
       1
       1
       2
       2
       2
       2
       0
       0
       1
       1
       0
       1
       0
       0
       1
       1
       0
       2
       0
       0
       2
       1
       0
       0
       1
       1
       0
       1
       2
       2
       3
       0
       1
       2
       0
       1
       1
       2
       0
       0
       0
       2
       0
       1
       2
       0
       1
       2
       3
       0
       2
       0
       0
       0
       0
       1
       1
       0
       0
       0
       0
       0
       0
       1
       2
       2
       1
       0
       0
       0
       1
       0
       1
       0
       0
       0
       0
       1
       0
       0
       2
       3
       0
       2
       1
       2
       0
       1
       2
       1
       0
       0
       1
       2
       3
       0
       0
       0
       1
       2
       0
       0
       1
       0
       1
       0
       1
       0
       0
       0
       0
       0
       1
       1
       2
       2
       3
       2
       2
       1
       2
       1
       0
       0
       1
       2
       1
       2
       1
       4
       2
       2
       0
       0
       0
       0
       1
       2
       0
       1
       1
       0
       0
       1
       0
       0
       1
       0
       0
       1
       0
       0
       1
       0
       0
       1
       0
       0
       0
       2
       0
       0
       0
       0
       0
       0
       0
       0
       2
       2
       0
       0
       0
       1
       1
       1
       0
       0
       0
       0
       0
       1
       2
       0
       2
       1
       0
       0
       0
       0
       1
       0
       2
       3
       1
       0
       1
       0
       0
       0
       1
       1
       3
       0
       0
       0
       0
       0
       0
       1
       0
       0
       3
       3
       3
       1
       4
       1
       4
       0
       0
       0
       1
       0
       0
       2
       0
       1
       1
       1
       0
       1
       0
       1
       1
       1
       2
       1
       0
       1
       0
       1
       1
       1
       0
       0
       0
       1
       0
       0
       0
       0
       0
       0
       1
       0
       0
       1
       0
       0
       0
       2
       0
       0
       3
       1
       0
       2
       0
       0
       0
       0
       1
       0
       0
       0
       0
       0
       0
       0
       1
       0
       0
       0
       1
       0
       3
       0
       0
       0
       1
       1
       1
       1
       0
       0
       0
       0
       0
       0
       1
       0
       1
       0
       0
       0
       0
       0
       1
       0
       0
       1
       0
       0
       2
       0
       1
       2
       3
       2
       0
       0
       1
       1
       0
       0
       1
       0
       0
       1
       0
       0
       1
       1
       0
       0
       0
       0
       0
       1
       1
       0
       0
       0
       0
       0
       1
       0
       1
       0
       0
       0
       1
       1
       1
       0
       0
       0
       0
       0
       0
       0
       0
       0
       0
       1
       1
       2
       1
       6
       5
       6
       4
       5
       0
       0
       0
       2
       0
       0
       0
       0
       0
       0
       0
       0
       0
       0
       0
       0
       1
       0
       0
       0
       0
       0
       0
       0
       0
       0
       0
       0
       0
       0
       0
       1
       0
       1
       0
       0
       0
       0
       0
       1
       0
       0
       0
       0
       1
       0
       0
       1
       0
       1
       0
       1
       0
       0
       1
       0
       0
       1
       0
       0
       0
       0
       0
       0
       0
       0
       0
       0
       0
       0
       0
       0
       0
       0
       1
       1
       1
       1
       0
       0
       0
       0
       2
       0
       0
       0
       0
       0
       1
       1
       0
       0
       0
       0
       0
       3
       1
       0
       0
       0
       0
       0
       0
       1
       0
       0
       1
       0
       0
       0
       1
       0
       1
       0
       1
       1
       1
       1
       0
       0
       0
       0
       1
       0
       0
       1
       0
       1
       1
       0
       0
       0
       0
       0
       0
       1
       0
       0
       0
       0
       0
       1
       0
       0
       0
       0
       0
       1
       0
       0
       0
       1
       0
       0
       0
       0
       0
       0
       0
       1
       0
       1
       0
       0
       0
       0
       0
       1
       1
       0
       0
       0
       0
       0
       1
       1
       0
       0
       1
       2
       0
       1
       0
       2
       2
       1
       1
       1
       0
       1
       0
       1
       0
       0
       0
       1
       0
       0
       0
       2
       0
       0
       1
       0
       0
       0
       1
       1
       0
       0
       0
       0
       1
       0
       0
       1
       0
       0
       0
       1
       0
       0
       0
       0
       0
       0
       0
       0
       1
       0
       0
       0
       0
       0
       0
       0
       0
       0
       0
       1
       1
       2
       0
       0
       0
       0
       0
       1
       0
       0
       0
       0
       0
       0
       0
       0
       0
       0
       0
       0
       0
       0
       0
       0
       0
       0
       0
       0
       0
       0
       0
       0
       0
       0
       0
       0
       0
       0
       0
       0
       1
       0
       0
       1
       0
       1
       2
       0
       0
       0
       0
       0
       0
       0
       0
       0
       0
       0
       0
       0
       0
       0
       1
       0
       0
       0
       0
       0
       0
       0
       0
       1
       0
       0
       0
       0
       0
       0
       4
       6
       7
       8
      17
      22
      28
      24
      19
      12
       5
       4
       0
       1
       0
       0
       0
       0
       0
       0
       0
       0
       1
       0
       0
       0
       0
       0
       1
       1
       0
       0
       0
       0
       0
       0
       0
       0
       0
       0
       0
       1
       0
       0
       1
       0
       0
       0
       0
       0
       0
       0
       0
       0
       0
       0
       1
       0
       1
       0
       0
       0
       1
       0
       0
       0
       0
       0
       0
       0
       0
       0
       1
       0
       0
       1
       0
       0
       1
       0
       0
       0
       0
       0
       0
       0
       0
       0
       1
       0
       0
       0
       0
       0
       0
       2
       0
       0
       1
       0
       0
       0
       1
       0
       1
       0
       1
       0
       0
       0
       0
       0
       1
       0
       2
       1
       0
       0
       1
       0
       0
       0
       0
       0
       0
       0
       0
       0
       0
       0
       1
       0
       2
       0
       0
       0
       0
       0
       0
       0
       1
       1
       0
       1
       0
       0
       0
       0
       0
       0
       0
       0
       0
       0
       1
       0
       0
       0
       0
       0
       0
       0
       0
       0
       0
       2
       0
       0
       0
       0
       0
       0
       0
       0
       0
       0
       0
       0
       0
       0
       0
       0
       1
       1
       0
       0
       0
       0
       0
       0
       0
       0
       0
       0
       0
       0
       0
       0
       0
       1
       0
       0
       0
       3
       0
       1
       1
       1
       0
       0
       0
       0
       0
       0
       0
       0
       1
       0
       0
       0
       0
       0
       0
       0
       0
       0
       0
       0
       0
       0
       0
       0
       0
       1
       0
       0
       0
       0
       0
       1
       1
       0
       0
       0
       0
       1
       0
       0
       0
       0
       0
       0
       0
       0
       0
       0
       0
       0
       0
       0
       0
       1
       0
       0
       0
       0
       1
       0
       0
       1
       0
       0
       0
       0
       0
       1
       0
       0
       0
       0
       0
       1
       0
       0
       1
       0
       0
       0
       0
       0
       0
       0
       0
       0
       0
       1
       0
       1
       0
       0
       0
       0
       0
       0
       0
       1
       0
       0
       0
       0
       1
       1
       0
       0
       0
       0
       0
       0
       0
       0
       0
       0
       0
       0
       0
       0
       1
       0
       1
       0
       0
       0
       2
       1
       1
       0
       0
       0
       0
       0
       0
       1
       0
       3
       1
       1
       0
       0
       0
       1
       0
       0
       0
       0
       0
       0
       0
       0
       0
       0
       0
       1
       1
       0
       0
       0
       0
       0
       0
       0
       0
       0
       0
       0
       0
       0
       0
       0
       0
       0
       0
       0
       0
       0
       0
       0
       0
       0
       0
       0
       0
       0
       0
       0
       1
       1
       0
       0
       0
       0
       0
       0
       0
       0
       0
       1
       0
       1
       1
       0
       1
       0
       0
       1
       0
       1
       0
       0
       0
       1
       0
       0
       0
       1
       0
       0
       0
       1
       0
       0
       0
       0
       0
       0
       0
       0
       0
       1
       0
       0
       0
       0
       0
       1
       0
       0
       0
       0
       0
       0
       1
       0
       0
       0
       0
       1
       0
       0
       0
       0
       0
       0
       0
       0
       0
       0
       0
       0
       0
       0
       0
       0
       0
       0
       1
       0
       0
       0
       0
       0
       0
       0
       0
       0
       0
       1
       0
       0
       0
       0
       0
       0
       0
       0
       0
       0
       0
       0
       0
       0
       0
       0
       0
       0
       0
       1
       0
       0
       0
       0
       0
       0
       0
       1
       0
       0
       0
       1
       0
       0
       0
       0
       0
       0
       0
       0
       0
       0
       0
       0
       0
       0
       0
       0
       0
       0
       0
       0
       0
       0
       0
       0
       0
       0
       0
       0
       0
       0
       0
       0
       0
       0
       0
       1
       0
       0
       0
       0
       0
       0
       0
       0
       0
       0
       0
       0
       0
       0
       0
       0
       0
       0
       0
       0
       0
       0
       0
       0
       0
       0
       0
       0
       0
       0
       0
       0
       0
       0
       0
       0
       1
       0
       0
       0
       0
       0
       0
       0
       0
       0
       0
       0
       0
       0
       0
       0
       0
       0
       0
       0
       0
       0
       0
       0
       0
       0
       0
       0
       1
       0
       0
       0
       0
       0
       0
       0
       0
       0
       0
       0
       0
       0
       0
       0
       0
       0
       0
       0
       0
       0
       0
       0
       0
       0
       0
       0
       0
       0
       0
       0
       0
       0
       0
       0
       0
       0
       0
       0
       0
       1
       0
       1
       1
       0
       0
       0
       0
       0
       0
       0
       0
       0
       0
       0
       0
       0
       0
       0
       0
       0
       0
       0
       0
       0
       0
       0
       0
       0
       0
       0
       0
       0
       0
       0
       0
       1
       3
       0
       0
       1
       0
       0
       1
       0
       0
       0
       0
       0
       0
       0
       0
       0
       0
       0
       0
       0
       0
       0
       0
       0
       0
       0
       0
       0
       0
       1
       0
       0
       0
       0
       0
       0
       0
       0
       0
       0
       0
       0
       0
       0
       0
       0
       0
       0
       0
       1
       0
       0
       0
       1
       0
       0
       0
       1
       0
       0
       0
       0
       0
       1
       0
       0
       0
       0
       0
       0
       0
       0
       0
       0
       0
       0
       0
       0
       0
       0
       1
       0
       0
       1
       2
       4
       4
       2
       2
       2
       0
       2
       0
       0
       0
       0
       0
       0
       0
       0
       0
       0
       0
       0
       0
       0
       0
       0
       0
       0
       0
       0
       0
       0
       0
       0
       0
       0
       0
       0
       0
       0
       0
       0
       0
       0
       0
       0
       0
       0
       0
       0
       0
       0
       0
       0
       0
       0
       0
       0
       0
       0
       0
       0
       0
       0
       0
       0
       0
       0
       0
       0
       1
       0
       0
       0
       0
       0
       0
       0
       0
       0
       1
       0
       0
       0
       0
       0
       0
       0
       0
       0
       0
       1
       0
       0
       0
       0
       0
       0
       0
       1
       0
       0
       0
       0
       0
       0
       1
       0
       0
       0
       0
       0
       0
       0
       0
       0
       0
       0
       0
       0
       0
       0
       0
       0
       0
       0
       0
       0
       0
       0
       0
       0
       0
       0
       1
       0
       0
       0
       0
       0
       0
       0
       0
       0
       0
       0
       1
       0
       0
       0
       0
       0
       0
       0
       0
       0
       0
       0
       0
       0
       0
       0
       0
       0
       0
       0
       0
       0
       0
       0
       0
       0
       0
       0
       0
       0
       0
       2
       0
       0
       0
       0
       0
       0
       0
       0
       0
       0
       0
       0
       0
       0
       0
       0
       0
       0
       0
       0
       0
       0
       0
       0
       0
       0
       0
       1
       0
       0
       0
       0
       0
       0
       1
       1
       0
       0
       0
       1
       1
       0
       0
       0
       0
       0
       0
       0
       0
       0
       0
       0
       0
       0
       0
       0
       0
       0
       1
       0
       0
       0
       0
       0
       0
       0
       0
       0
       0
       0
       0
       0
       0
       0
       0
       0
       0
       0
       0
       1
       0
       0
       0
       0
       0
       0
       0
       0
       0
       0
       0
       0
       0
       0
       0
       0
       0
       0
       0
       1
       0
       0
       0
       0
       0
       0
       0
       0
       0
       0
       0
       0
       0
       0
       0
       0
       0
       0
       0
       0
       0
       0
       0
       0
       0
       0
       0
       0
       0
       0
       0
       0
       0
       0
       0
       0
       0
       0
       0
       0
       0
       0
       0
       0
       0
       0
       0
       0
       0
       0
       0
       0
       0
       0
       0
       0
       0
       0
       0
       0
       0
       0
       0
       0
       0
       0
       0
       0
       0
       1
       0
       0
       0
       0
       0
       0
       0
       0
       0
       0
       0
       0
       0
       1
       0
       0
       0
       0
       0
       0
       0
       0
       0
       0
       0
       0
       0
       0
       0
       0
       0
       0
       0
       0
       0
       0
       0
       1
       0
       0
       0
       0
       0
       0
       0
       0
       0
       0
       0
       0
       0
       0
       1
       0
       0
       0
       0
       0
       0
       0
       0
       0
       0
       0
       0
       0
       1
       0
       0
       0
       0
       0
       0
       0
       0
       0
       0
       0
       0
       0
       0
       0
       0
       0
       0
       0
       0
       0
       0
       0
       0
       0
       0
       0
       0
       0
       0
       0
       1
       0
       0
       1
       0
       0
       0
       0
       0
       1
       0
       0
       1
       1
       0
       0
       0
       0
       0
       0
       0
       0
       0
       0
       0
       0
       0
       0
       0
       0
       0
       0
       0
       0
       0
       0
       0
       0
       1
       0
       0
       0
       0
       0
       0
       0
       1
       0
       0
       1
       0
       0
       0
       0
       0
       0
       0
       1
       0
       0
       0
       0
       0
       0
       0
       0
       0
       0
       0
       0
       0
       0
       0
       0
       0
       0
       0
       0
       0
       0
       0
       0
       0
       0
       0
       0
       0
       0
       0
       1
       0
       0
       0
       0
       1
       0
       0
       0
       0
       0
       0
       0
       0
       0
       0
       0
       0
       0
       0
       0
       0
       0
       0
       0
       0
       0
       0
       0
       0
       0
       0
       0
       0
       0
       0
       0
       0
       0
       0
       0
       0
       0
       0
       0
       0
       0
       0
       0
       0
       0
       0
       0
       0
       0
       0
       0
       0
       0
       0
       0
       0
       1
       0
       0
       0
       1
       0
       0
       0
       0
       0
       0
       0
       0
       0
       0
       0
       0
       0
       0
       0
       0
       0
       0
       0
       0
       0
       0
       0
       0
       0
       0
       0
       0
       0
       0
       0
       0
       0
       0
       0
       0
       1
       1
       0
       0
       0
       0
       0
       0
       0
       0
       0
       0
       0
       0
       0
       0
       0
       0
       0
       0
       0
       0
       0
       0
       0
       0
       0
       0
       0
       0
       0
       0
       0
       0
       0
       0
       0
       0
       0
       0
       0
       0
       0
       0
       0
       0
       0
       0
       0
       0
       0
       0
       0
       0
       0
       0
       0
       0
       0
       0
       0
       0
       0
       0
       0
       0
       0
       0
       0
       0
       0
       0
       0
       0
       0
       0
       0
       0
       0
       0
       0
       0
       0
       0
       0
       0
       0
       0
       0
       0
       0
       0
       0
       0
       0
       0
       0
       0
       0
       0
       0
       0
       0
       0
       0
       0
       0
       0
       0
       1
       0
       0
       0
       0
       0
       0
       0
       0
       0
       0
       0
       0
       0
       0
       0
       0
       0
       0
       1
       0
       0
       0
       0
       0
       0
       1
       0
       0
       0
       0
       0
       0
       0
       0
       0
       0
       0
       0
       0
       0
       0
       0
       0
       0
       1
       0
       0
       0
       0
       0
       0
       0
       0
       0
       0
       0
       0
       0
       0
       0
       0
       0
       0
       0
       0
       0
       0
       0
       0
       0
       0
       0
       0
       0
       0
       0
       0
       1
       0
       0
       0
       1
       0
       0
       0
       0
       0
       0
       0
       0
       0
       2
       0
       1
       0
       0
       0
       0
       0
       0
       0
       0
       0
       0
       0
       0
       0
       0
       0
       0
       0
       0
       0
       0
       2
       0
       0
       0
       0
       0
       0
       1
       0
       1
       0
       1
       0
       0
       0
       0
       0
       1
       0
       0
       0
       0
       0
       0
       0
       0
       0
       0
       0
       0
       0
       0
       0
       0
       0
       0
       0
       0
       0
       0
       0
       0
       0
       0
       0
       1
       0
       0
       0
       0
       0
       1
       0
       0
       0
       0
       1
       0
       0
       0
       0
       0
       0
       0
       0
       0
       0
       0
       0
       0
       0
       0
       0
       0
       0
       0
       0
       0
       0
       0
       0
       0
       0
       0
       0
       0
       1
       0
       0
       0
       0
       0
       0
       0
       0
       0
       0
       0
       0
       0
       0
       0
       0
       0
       0
       0
       0
       0
       0
       0
       0
       0
       0
       0
       0
       0
       0
       0
       0
       0
       0
       0
       0
       0
       0
       0
       0
       0
       0
       0
       0
       0
       0
       0
       0
       0
       0
       0
       0
       0
       0
       0
       0
       0
       0
       0
       0
       0
       0
       0
       0
       0
       0
       0
       1
       0
       0
       0
       0
       0
       0
       0
       0
       0
       0
       0
       0
       0
       0
       0
       0
       0
       0
       0
       0
       1
       0
       0
       1
       0
       0
       0
       0
       0
       0
       0
       0
       0
       0
       0
       0
       0
       0
       0
       0
       0
       0
       0
       0
       0
       0
       0
       0
       0
       1
       0
       0
       0
       0
       0
       0
       0
       0
       0
       0
       0
       0
       0
       0
       0
       0
       0
       0
       0
       0
       0
       0
       0
       0
       0
       0
       0
       0
       0
       0
       0
       0
       0
       0
       0
       0
       0
       0
       0
       0
       0
       0
       0
       0
       0
       0
       1
       0
       0
       0
       0
       0
       0
       0
       0
       0
       0
       0
       0
       0
       0
       0
       2
       0
       0
       2
       0
       0
       0
       1
       0
       0
       0
       1
       0
       0
       0
       0
       0
       0
       0
       0
       0
       0
       0
       0
       0
       0
       0
       0
       0
       0
       0
       0
       1
       0
       1
       0
       0
       0
       0
       0
       0
       0
       0
       0
       0
       0
       0
       0
       0
       0
       1
       0
       0
       0
       0
       0
       0
       0
       0
       0
       0
       0
       0
       0
       0
       0
       0
       1
       0
       0
       0
       0
       0
       0
       0
       1
       0
       0
       0
       0
       0
       0
       0
       1
       0
       0
       0
       0
       0
       0
       0
       0
       0
       0
       0
       1
       0
       0
       0
       0
       0
       0
       0
       0
       0
       0
       0
       0
       0
       0
       0
       0
       0
       0
       0
       0
       0
       0
       0
       0
       0
       0
       0
       0
       0
       0
       0
       0
       0
       0
       1
       0
       0
       0
       0
       0
       0
       0
       0
       0
       0
       0
       0
       0
       0
       0
       0
       0
       0
       0
       0
       1
       0
       0
       0
       0
       0
       0
       0
       0
       0
       0
       0
       0
       0
       0
       0
       0
       0
       0
       0
       0
       1
       0
       0
       0
       1
       0
       0
       0
       1
       0
       0
       0
       0
       0
       0
       0
       0
       0
       0
       0
       0
       1
       0
       0
       0
       0
       0
       0
       0
       0
       0
       0
       0
       0
       0
       0
       0
       0
       0
       0
       0
       0
       0
       0
       0
       0
       0
       0
       1
       0
       0
       0
       0
       0
       0
       0
       1
       0
       0
       0
       0
       0
       0
       0
       0
       0
       0
       0
       0
       0
       0
       0
       0
       0
       0
       0
       0
       0
       0
       0
       0
       0
       0
       0
       0
       0
       0
       0
       0
       0
       0
       0
       0
       0
       2
       0
       0
       0
       0
       0
       0
       0
       1
       0
       0
       0
       0
       0
       0
       1
       1
       0
       0
       0
       0
       1
       0
       0
       0
       0
       0
       0
       0
       0
       0
       0
       0
       0
       0
       0
       0
       1
       0
       0
       0
       0
       0
       0
       0
       0
       0
       0
       0
       0
       0
       0
       0
       0
       0
       0
       0
       1
       0
       0
       0
       0
       0
       0
       0
       0
       0
       0
       0
       0
       0
       0
       0
       0
       0
       0
       0
       1
       0
       0
       0
       0
       0
       0
       0
       0
       0
       0
       0
       0
       0
       0
       0
       0
       0
       0
       0
       0
       0
       0
       0
       0
       0
       1
       0
       0
       0
       0
       0
       0
       0
       0
       0
       0
       0
       0
       0
       0
       0
       0
       0
       0
       0
       0
       0
       0
       0
       0
       0
       0
       0
       0
       1
       0
       0
       0
       0
       0
       0
       0
       0
       0
       0
       1
       0
       0
       0
       0
       0
       0
       0
       0
       0
       0
       0
       0
       0
       0
       0
       0
       0
       0
       0
       0
       0
       0
       0
       0
       0
       0
       0
       0
       0
       0
       0
       0
       0
       0
       0
       0
       0
       0
       0
       0
       0
       0
       0
       0
       0
       0
       0
       0
       0
       0
       0
       0
       0
       0
       0
       0
       1
       0
       0
       0
       0
       0
       0
       0
       0
       0
       1
       0
       0
       0
       0
       0
       0
       0
       0
       0
       0
       0
       1
       0
       0
       0
       0
       0
       0
       0
       0
       0
       0
       0
       0
       0
       0
       1
       0
       0
       1
       0
       0
       0
       0
       0
       0
       0
       0
       0
       0
       0
       0
       0
       0
       1
       0
       0
       0
       0
       0
       0
       0
       0
       0
       0
       0
       0
       0
       0
       0
       0
       0
       1
       0
       0
       0
       0
       0
       0
       0
       0
       0
       0
       0
       0
       0
       0
       0
       0
       0
       0
       0
       0
       0
       0
       0
       0
       0
       2
       1
       0
       0
       0
       0
       0
       0
       0
       0
       0
       0
       0
       0
       0
       0
       0
       0
       0
       0
       0
       0
       0
       0
       0
       0
       0
       0
       0
       0
       0
       0
       0
       0
       0
       0
       0
       0
       0
       0
       0
       0
       0
       0
       0
       0
       0
       0
       0
       0
       0
       0
       0
       0
       0
       0
       0
       0
       0
       0
       0
       0
       0
       0
       0
       0
       0
       0
       0
       0
       0
       0
       0
       1
       0
       0
       0
       0
       0
       0
       0
       0
       0
       0
       0
       0
       0
       0
       0
       0
       0
       0
       0
       0
       0
       0
       0
       0
       0
       0
       0
       0
       0
       0
       0
       0
       0
       0
       0
       0
       0
       1
       0
       0
       0
       0
       0
       0
       0
       0
       0
       0
       0
       0
       0
       0
       0
       0
       0
       0
       0
       0
       0
       0
       0
       0
       0
       0
       0
       0
       0
       0
       0
       0
       0
       0
       0
       0
       0
       0
       0
       0
       0
       0
       0
       0
       0
       0
       0
       0
       0
       0
       0
       0
       0
       0
       0
       0
       0
       0
       0
       0
       0
       0
       1
       0
       0
       0
       0
       0
       0
       1
       0
       0
       0
       0
       0
       0
       0
       0
       0
       0
       0
       0
       0
       0
       0
       1
       0
       0
       0
       0
       0
       0
       0
       0
       0
       0
       0
       0
       0
       1
       0
       0
       0
       0
       0
       0
       0
       0
       0
       0
       0
       0
       0
       0
       0
       0
       0
       0
       0
       0
       0
       0
       0
       0
       0
       0
       0
       0
       0
       0
       0
       0
       0
       0
       0
       0
       0
       0
       0
       0
       0
       0
       0
       0
       0
       0
       0
       0
       0
       0
       0
       0
       0
       0
       0
       0
       0
       0
       0
       0
       0
       0
       0
       0
       0
       0
       0
       0
       0
       0
       0
       0
       0
       0
       0
       0
       0
       0
       0
       0
       0
       0
       0
       0
       0
       0
       0
       0
       0
       0
       0
       0
       0
       0
       0
       0
       0
       0
       0
       0
       0
       0
       0
       0
       0
       0
       0
       0
       0
       0
       0
       0
       0
       0
       0
       0
       0
       0
       0
       0
       1
       0
       0
       0
       0
       0
       0
       0
       0
       0
       0
       0
       0
       0
       0
       0
       0
       0
       0
       0
       0
       0
       0
       0
       0
       0
       0
       0
       0
       0
       1
       0
       0
       0
       0
       0
       0
       0
       0
       0
       0
       0
       0
       0
       0
       0
       0
       0
       0
       0
       0
       0
       0
       0
       0
       0
       0
       0
       0
       0
       0
       0
       0
       0
       0
       0
       0
       0
       0
       0
       0
       0
       0
       0
       0
       0
       0
       0
       0
       0
       0
       0
       0
       0
       0
       0
       0
       0
       0
       0
       0
       0
       0
       0
       0
       0
       0
       0
       0
       0
       0
       0
       0
       0
       0
       0
       1
       0
       0
       0
       0
       0
       0
       0
       0
       0
       0
       0
       0
       0
       0
       0
       0
       0
       0
       0
       0
       0
       0
       0
       0
       0
       0
       0
       0
       0
       0
       0
       0
       0
       0
       0
       0
       0
       0
       0
       0
       0
       0
       0
       0
       1
       1
       2
       0
       3
       1
       3
       2
       0
       1
       0
       0
       0
       0
       0
       0
       0
       0
       0
       0
       0
       0
       0
       0
       0
       0
       0
       0
       0
       0
       0
       0
       0
       0
       0
       0
       0
       0
       0
       0
       0
       0
       0
       0
       0
       0
       0
       0
       0
       0
       0
       0
       0
       0
       0
       0
       0
       0
       0
       0
       0
       0
       0
       0
       0
       0
       0
       0
       0
       0
       0
       0
       0
       0
       0
       0
       0
       0
       1
       0
       0
       0
       0
       0
       0
       0
       0
       0
       0
       0
       0
       0
       0
       0
       0
       0
       0
       0
       0
       0
       0
       0
       0
       0
       0
       0
       0
       0
       0
       0
       0
       0
       0
       0
       0
       0
       0
       0
       0
       0
       0
       0
       0
       0
       0
       0
       0
       0
       0
       0
       0
       0
       0
       0
       0
       0
       0
       0
       0
       0
       0
       0
       0
       0
       0
       0
       0
       0
       0
       0
       0
       0
       0
       0
       0
       0
       0
       0
       0
       0
       0
       0
       0
       0
       0
       0
       0
       0
       0
       0
       0
       0
       0
       0
       0
       0
       0
       0
       0
       0
       0
       0
       0
       0
       0
       0
       0
       0
       0
       0
       0
       0
       0
       0
       0
       0
       0
       0
       0
       0
       0
       0
       0
       0
       0
       0
       0
       0
       0
       0
       0
       0
       0
       0
       0
       0
       0
       0
       0
       0
       0
       0
       0
       0
       0
       0
       0
       0
       0
       0
       0
       0
       0
       0
       0
       0
       0
       0
       0
       0
       0
       0
       0
       0
       0
       0
       0
       0
       0
       0
       0
       0
       0
       0
       1
       0
       0
       0
       0
       0
       0
       0
       0
       0
       0
       0
       0
       0
       0
       0
       0
       0
       0
       0
       0
       0
       0
       0
       0
       0
       0
       0
       0
       0
       0
       0
       0
       0
       0
       0
       0
       0
       0
       0
       0
       0
       0
       0
       0
       0
       0
       0
       0
       0
       0
       0
       0
       0
       0
       0
       0
       0
       0
       0
       0
       0
       0
       0
       0
       0
       0
       0
       0
       0
       0
       0
       0
       0
       0
       0
       0
       0
       0
       0
       0
       0
       0
       0
       0
       0
       0
       0
       0
       0
       0
       0
       0
       0
       0
       0
       0
       0
       0
       0
       0
       0
       0
       0
       0
       0
       0
       0
       0
       0
       0
       0
       0
       0
       0
       0
       0
       0
       0
       0
       0
       0
       0
       0
       0
       0
       0
       0
       0
       0
       0
       0
       0
       0
       0
       0
       0
       0
       0
       0
       0
       0
       0
       0
       0
       0
       0
       0
       0
       0
       0
       0
       0
       0
       0
       0
       0
       0
       0
       0
       0
       1
       0
       0
       0
       0
       0
       0
       0
       0
       0
       0
       0
       0
       0
       0
       0
       0
       0
       0
       0
       0
       0
       0
       0
       0
       0
       0
       0
       0
       0
       0
       0
       0
       0
       0
       0
       0
       0
       0
       0
       0
       0
       0
       0
       0
       0
       0
       0
       0
       0
       0
       0
       0
       0
       0
       0
       0
       0
       0
       0
       0
       0
       0
       0
       0
       0
       0
       0
       0
       0
       0
       0
       0
       0
       0
       0
       0
       0
       0
       0
       0
       0
       0
       0
       0
       0
       0
       0
       0
       0
       0
       0
       0
       0
       0
       0
       0
       0
       0
       0
       0
       0
       0
       0
       0
       0
       0
       0
       0
       0
       0
       0
       0
       0
       0
       0
       0
       0
       0
       0
       0
       0
       0
       0
       0
       0
       0
       0
       0
       0
       0
       0
       0
       0
       0
       0
       0
       0
       0
       0
       0
       0
       0
       0
       0
       0
       0
       0
       0
       0
       0
       0
       0
       0
       0
       0
       0
       0
       0
       0
       0
       0
       0
       0
       0
       0
       0
       0
       0
       0
       0
       0
       0
       0
       0
       0
       0
       0
       0
       0
       0
       0
       0
       0
       0
       0
       0
       0
       0
       0
       0
       0
       0
       0
       0
       0
       0
       0
       0
       0
       0
       0
       0
       0
       0
       0
       0
       0
       0
       0
       0
       0
       0
       0
       0
       0
       0
       0
       0
       0
       0
       0
       0
       0
       0
       0
       0
       0
       0
       0
       0
       0
       0
       0
       0
       0
       0
       0
       0
       0
       0
       0
       0
       0
       0
       0
       0
       0
       0
       0
       0
       0
       0
       0
       0
       0
       0
       0
       0
       0
       0
       0
       0
       0
       0
       0
       0
       0
       0
       0
       0
       0
       0
       0
       0
       0
       0
       0
       0
       0
       0
       0
       0
       0
       0
       0
       0
       0
       0
       0
       0
       0
       0
       0
       0
       0
       0
       0
       0
       0
       0
       0
       0
       0
       0
       0
       0
       0
       0
       0
       0
       0
       0
       0
       0
       0
       0
       0
       0
       0
       0
       0
       0
       0
       0
       0
       0
       0
       0
       0
       0
       0
       0
       0
       0
       0
       0
       0
       0
       0
       0
       0
       0
       0
       0
       0
       0
       0
       0
       0
       0
       0
       0
       0
       0
       0
       0
       0
       0
       0
       0
       0
       0
       0
       0
       0
       0
       0
       0
       0
       0
       0
       0
       0
       0
       0
       0
       0
       0
       0
       0
       0
       0
       0
       0
       0
       0
       0
       0
       0
       0
       0
       0
       0
       0
       0
       0
       0
       0
       0
       0
       0
       0
       0
       0
       0
       0
       0
       0
       0
       0
       0
       0
       0
       0
       0
       0
       0
       0
       0
       0
       0
       0
       0
       0
       0
       0
       0
       0
       0
       0
       0
       0
       0
       0
       0
       0
       0
       0
       0
       0
       0
       0
       0
       0
       0
       0
       0
       0
       0
       0
       0
       0
       0
       1
       0
       0
       0
       0
       0
       0
       0
       0
       0
       0
       0
       0
       0
       0
       0
       0
       0
       0
       0
       0
       0
       0
       0
       0
       0
       0
       0
       0
       0
       0
       0
       0
       0
       0
       0
       0
       0
       0
       0
       0
       0
       0
       0
       0
       0
       0
       0
       0
       0
       0
       0
       0
       0
       0
       0
       0
       0
       0
       0
       0
       0
       0
       0
       0
       0
       0
       0
       0
       0
       0
       0
       0
       0
       0
       0
       0
       0
       0
       0
       0
       0
       0
       0
       0
       0
       0
       0
       0
       0
       0
       0
       0
       0
       0
       0
       0
       0
       0
       0
       0
       0
       0
       0
       0
       0
       0
       0
       0
       0
       0
       0
       0
       0
       0
       0
       0
       0
       0
       0
       0
       0
       0
       0
       0
       0
       0
       0
       0
       0
       0
       0
       0
       0
       0
       0
       0
       0
       0
       0
       0
       0
       0
       0
       0
       0
       0
       0
       0
       0
       0
       0
       0
       0
       0
       0
       0
       0
       0
       0
       0
       0
       0
       0
       0
       0
       0
       0
       0
       0
       0
       0
       0
       0
       0
       0
       0
       0
       0
       0
       0
       0
       0
       0
       0
       0
       0
       0
       0
       0
       0
       0
       0
       0
       0
       0
       0
       0
       0
       0
       0
       0
       0
       0
       0
       0
       0
       0
       0
       0
       0
       0
       0
       0
       0
       0
       0
       0
       0
       0
       0
       0
       0
       0
       0
       0
       0
       0
       0
       0
       0
       0
       0
       0
       0
       0
       0
       0
       0
       0
       0
       0
       0
       0
       0
       0
       0
       0
       0
       0
       0
       0
       0
       0
       0
       0
       0
       0
       0
       0
       0
       0
       0
       0
       0
       0
       0
       0
       0
       0
       0
       0
       0
       0
       0
       0
       0
       0
       0
       0
       0
       0
       0
       0
       0
       0
       0
       0
       0
       0
       0
       0
       0
       0
       0
       0
       0
       0
       0
       0
       0
       0
       0
       0
       0
       0
       0
       0
       0
       0
       0
       0
       0
       0
       0
       0
       0
       0
       0
       0
       0
       0
       0
       0
       0
       0
       0
       0
       0
       0
       0
       0
       0
       0
       0
       0
       0
       0
       0
       0
       0
       0
       0
       0
       0
       0
       0
       0
       0
       0
       0
       0
       0
       0
       0
       0
       0
       0
       0
       0
       0
       0
       0
       0
       0
       0
       0
       0
       0
       0
       0
       0
       0
       0
       0
       0
       0
       0
       0
       0
       0
       0
       0
       0
       0
       0
       0
       0
       0
       0
       0
       0
       0
       0
       0
       0
       0
       0
       0
       0
       0
       0
       0
       0
       0
       0
       0
       0
       0
       0
       0
       0
       0
       0
       0
       0
       0
       0
       0
       0
       0
       0
       0
       0
       0
       0
       0
       0
       0
       0
       0
       0
       0
       0
       0
       0
       0
       0
       0
       0
       0
       0
       0
       0
       0
       0
       0
       0
       0
       0
       0
       0
       0
       0
       0
       0
       0
       0
       0
       0
       0
       0
       0
       0
       0
       0
       0
       0
       0
       0
       0
       0
       0
       0
       0
       0
       0
       0
       0
       0
       0
       0
       0
       0
       0
       0
       0
       0
       0
       0
       0
       0
       0
       0
       0
       0
       0
       0
       0
       0
       0
       0
       0
       0
       0
       0
       0
       0
       0
       0
       0
       0
       0
       0
       0
       0
       0
       0
       0
       0
       0
       0
       0
       0
       0
       0
       0
       0
       0
       0
       0
       0
       0
       0
       0
       0
       0
       0
       0
       0
       0
       0
       0
       0
       0
       0
       0
       0
       0
       0
       0
       0
       0
       0
       0
       0
       0
       0
       0
       0
       0
       0
       0
       0
       0
       0
       0
       0
       0
       0
       0
       0
       0
       0
       0
       0
       0
       0
       0
       0
       0
       0
       0
       0
       0
       0
       0
       0
       0
       0
       0
       0
       0
       0
       0
       0
       0
       0
       0
       0
       0
       0
       0
       0
       0
       0
       0
       0
       0
       0
       0
       0
       0
       0
       0
       0
       0
       0
       0
       0
       0
       0
       0
       0
       0
       0
       0
       0
       0
       0
       0
       0
       0
       0
       0
$ROI:
0
$PRESETS:
Real Time
180
0
$ENER_FIT:
0.888569 0.390988
$MCA_CAL:
3
8.885689E-001 3.909876E-001 3.191953E-008 keV
$SHAPE_CAL:
3
0.000000E+000 0.000000E+000 0.000000E+000
