$SPEC_ID:
1
$SPEC_REM:
DET# 2
DETDESC# MCB 130 Normal
AP# Maestro Version 7.01
$DATE_MEA:
09/21/2019 19:18:40
$MEAS_TIM:
178 180
$DATA:
0 8191
       0
       0
       0
       0
       0
       0
       0
       0
       0
       0
       0
       0
       0
       0
       0
       0
       0
       0
       0
       0
       0
       0
       0
       0
       0
       0
       7
     224
      60
      27
      40
      53
      94
     129
     175
     118
      66
      58
      59
      58
      76
     101
     104
     148
     156
      94
      73
      43
      45
      35
      43
      56
      74
      58
      52
      46
      44
      41
      57
      76
      77
      36
      43
      31
      46
      39
      48
      41
      40
      50
      31
      45
      37
      41
      45
      47
      33
      39
      30
      42
      38
      36
      41
      44
      39
      54
      48
      49
      39
      44
      33
      28
      24
      31
      35
      39
      39
      47
      42
      31
      40
      30
      38
      41
      41
      40
      42
      45
      40
      40
      41
      43
      50
      44
      44
      55
      48
      51
      33
      43
      39
      34
      44
      49
      45
      54
      55
      37
      54
      50
      58
      56
      61
      60
      54
      53
      46
      46
      51
      69
      48
      51
      55
      66
      54
      66
      60
      53
      66
      69
      79
      55
      80
      71
      62
      78
      80
      76
      66
      70
      69
      62
      74
      67
      59
      74
      79
      72
      89
      71
      68
      73
      98
      84
      76
      58
      92
      80
      65
      92
      71
      77
      90
      80
      92
      82
      89
      63
      90
     102
     116
     114
     111
      88
      84
     111
     109
      70
      92
      65
      96
      84
     104
      95
      97
     100
      90
      83
     101
      97
     108
     100
      74
     114
     121
     105
     124
      98
     106
     112
     113
     130
     114
     100
      91
      96
     103
     101
     100
     106
     116
      89
     101
     107
      96
     105
     118
     101
     117
     106
     125
      99
     118
      77
     100
     100
      93
     110
     122
     107
     124
     170
     253
     325
     242
     134
      99
     119
      95
     113
     103
     122
     203
     366
     424
     279
     147
     104
     208
     421
     515
     362
     151
     100
      74
      96
      87
      85
      84
      72
      81
      82
      72
      86
      89
      88
      69
      89
      72
      86
      93
      97
      72
      92
     113
     114
     118
     159
     159
     136
     104
     103
      90
      97
      91
      92
      98
     101
      84
      82
     100
      96
      78
      79
      78
      84
      59
      85
      85
      55
      80
      73
      60
      73
      83
      75
      86
      77
      69
      67
      79
      83
      74
      61
      71
      78
      75
      65
      57
      76
      62
      97
      69
      70
      63
      64
      64
      65
      67
      65
      64
      72
      61
      78
      62
      66
      63
      76
      66
      54
      67
      58
      73
      64
      79
      70
      62
      62
      62
      67
      60
      79
      54
      65
      68
      64
      49
      51
      54
      60
      70
      70
      67
      63
      58
      60
      56
      62
      58
      70
      57
      54
      60
      67
      73
      54
      48
      64
      57
      59
      50
      52
      52
      64
      44
      55
      49
      59
      41
      53
      52
      59
      58
      42
      55
      47
      57
      52
      49
      61
      50
      67
      56
      44
      47
      41
      47
      48
      51
      51
      64
      52
      48
      50
      55
      46
      38
      49
      37
      50
      37
      50
      46
      50
      42
      35
      39
      52
      53
      43
      43
      54
      45
      49
      45
      53
      47
      33
      41
      41
      51
      45
      41
      59
      42
      40
      43
      54
      50
      42
      30
      37
      33
      42
      53
      46
      40
      33
      28
      36
      46
      40
      31
      40
      40
      43
      37
      47
      41
      36
      47
      31
      38
      36
      46
      36
      45
      36
      40
      45
      33
      41
      53
      39
      47
      32
      49
      37
      40
      30
      32
      28
      41
      29
      36
      39
      37
      32
      30
      41
      28
      33
      41
      36
      37
      22
      35
      42
      27
      20
      31
      44
      33
      45
      58
      58
      68
      66
      35
      35
      32
      28
      22
      23
      39
      25
      32
      19
      29
      35
      39
      35
      26
      25
      27
      37
      20
      29
      30
      24
      31
      31
      23
      32
      32
      27
      25
      28
      27
      27
      25
      30
      27
      27
      30
      24
      33
      29
      25
      29
      60
      64
     111
     136
     100
      47
      31
      40
      21
      32
      30
      19
      29
      28
      22
      28
      20
      23
      27
      23
      30
      33
      24
      26
      31
      21
      17
      28
      45
      36
      47
      36
      27
      20
      19
      27
      26
      28
      26
      32
      21
      23
      16
      23
      24
      19
      21
      22
      30
      28
      24
      16
      19
      26
      17
      21
      24
      26
      18
      19
      22
      29
      22
      18
      20
      12
      23
      19
      25
      24
      22
      19
      12
      27
      25
      18
      19
      21
       9
      12
      17
      23
      19
      17
      18
      24
      21
      20
      18
      25
      20
      25
      22
      17
      22
      24
      18
      18
      20
      19
      29
      21
      26
      21
      19
      16
      15
      20
      18
      17
      20
      15
      21
      26
      10
      16
      19
      13
      21
      20
      21
      14
      20
      18
      13
      21
      20
      59
     110
     145
     120
      65
      31
      18
      12
      15
      16
      23
      19
      13
      15
      22
      13
      14
      11
      14
      15
      16
      18
      24
      18
      24
      15
      12
      18
      17
      16
      10
      15
      22
      19
      17
      14
      11
      16
      15
      10
      12
      15
      14
       4
      11
      21
      23
      25
      29
      33
      20
      22
      13
      15
      27
      44
      32
      27
      26
      23
      16
      18
      15
      21
      23
      12
       6
      16
      13
      11
      17
      11
      15
      14
      11
       6
      16
      17
      19
       9
      24
      23
      20
      24
      12
      13
      17
      16
       8
      11
      12
      17
      10
       9
       9
      13
       7
      11
      12
      18
      26
      55
      52
      46
      19
      11
      13
       7
      12
      15
      10
       9
      10
      12
      14
       7
       6
      15
       7
      16
      13
       8
      12
       8
      11
      11
      14
      11
      12
      12
       9
       5
      13
      10
       7
       8
      12
      10
       5
      13
      12
      17
      11
      13
      10
      11
      20
      20
      20
      20
       6
      14
      11
       7
       4
      12
       9
      11
       9
      15
      15
       7
      12
      13
       8
       8
       7
       9
       7
       5
      10
      10
       8
      12
      13
      11
      11
       8
       8
      14
      10
       9
      12
       6
       7
       6
      12
       3
       8
      11
      16
      21
      31
      28
      19
       9
      11
      12
       8
       6
      10
       6
      12
       5
       8
      10
       6
       6
       7
       8
      15
       7
       4
       7
       9
      10
       3
       6
       7
       5
      11
      11
       7
       8
       6
       5
      10
      11
       8
       6
       7
       9
       4
      11
       9
       6
       2
       4
       6
      12
       4
      10
       5
      11
       7
      11
       8
       6
      10
       8
       7
       5
      10
       6
       7
       8
      11
       8
       6
      10
       5
       5
       3
       9
       9
       6
       4
       6
      10
       3
       7
       5
       6
      12
       7
       7
       6
       6
       7
      10
       9
       8
       4
       8
       3
       5
       6
       4
       8
       4
       4
       5
      13
       4
       7
       7
       7
       8
       8
       5
       5
      10
       5
       9
       5
       5
       5
       6
      11
       3
       6
      11
       6
       6
       5
       6
       8
       6
       2
       8
       6
       6
       5
       5
      10
       8
       8
       3
       2
       8
       5
       8
       5
       8
       6
       3
       9
       4
       4
       4
       3
       7
       7
       7
       2
       5
       7
       4
       4
       6
       4
       4
       3
       7
       7
       5
       6
       5
       9
       8
       7
       5
       5
       6
       4
       5
       3
       5
       9
       8
       5
       5
       6
       6
       4
       4
       4
       8
       6
       5
       6
       5
      11
       3
       1
       7
       5
       2
       5
       1
       3
       4
       6
       6
       4
       5
       8
       9
       4
       2
       3
       7
       4
       6
       4
       4
       9
       3
       2
       4
       3
       4
       7
       8
       2
       5
       7
       6
       4
       6
       6
       3
       2
       2
       4
       8
       5
       8
       5
       3
       4
      10
      12
       4
       6
       5
       6
       1
       4
       3
       7
       8
       7
       5
       3
       5
       4
       7
       1
       3
       1
      11
       6
       1
       4
       5
       6
       4
       6
       6
       8
       5
       3
       2
       6
       8
       6
       7
       5
       4
       2
       3
       5
       5
       5
       5
       6
       7
       7
       3
       6
       6
       4
       4
       3
       1
       7
       6
       3
      17
      24
      16
       9
       7
       3
       3
       3
       5
       6
       4
       5
       5
       6
       1
       4
       3
       3
       7
       3
       6
       1
       5
       6
       3
       6
       2
       7
       5
       2
       5
       6
       3
       5
       3
       4
       5
       5
       7
       8
       1
       1
       6
       5
       1
       2
       4
       5
       3
       3
       1
       2
       3
       4
       4
       5
       6
       2
       4
       2
       3
       4
       7
       5
       3
       2
       5
       3
       3
       3
       2
       1
       6
       7
       6
      15
       6
       6
       6
       3
       4
       6
       4
       7
       4
       7
       3
       1
       1
       7
       5
       4
       3
       1
       2
       6
       5
       1
       5
       8
       2
       3
       2
       1
       3
       6
       3
       2
       6
       3
      10
       5
       2
       6
       4
       5
       5
       3
       7
       5
       4
       4
       8
       2
       1
       0
       5
       2
       2
       6
       2
       4
       3
       0
       3
       4
       3
       4
       3
       3
       4
       8
       4
       7
       2
       4
       4
       1
       1
       3
       5
       6
       4
       3
       2
       1
       4
       5
       7
       6
       8
       3
       3
       3
       2
       3
       5
       2
       5
       2
       2
       3
       5
       3
       4
       5
       4
       4
       5
       3
       5
       1
       5
       1
       4
       6
       3
       4
       2
       3
       3
       4
       6
       3
       2
       8
       6
       4
       3
       5
       2
       3
       1
       3
       0
       5
       4
       5
       1
       6
       2
       3
       1
       0
       2
       2
       1
       3
       3
       2
       3
       4
       5
       2
       4
       6
       1
       2
       1
       3
       3
       3
       3
       0
       5
       4
       0
       3
       2
       3
       4
       1
       4
       4
       2
       1
       1
       4
       3
       2
       2
       4
       2
       1
       2
       4
       4
       3
       5
       3
       2
       3
       4
       2
       1
       1
       2
       0
       1
       2
       0
       4
       2
       3
       0
       2
       0
       4
       3
       0
       5
       3
       5
       5
       6
       3
       1
       5
       2
       4
       1
       3
       8
       4
       2
       7
       5
      10
       5
       6
       2
       4
       2
       2
       4
       4
       3
       2
       3
       5
       3
       1
       1
       1
       3
       0
       2
       1
       2
       3
       1
       4
       6
       2
       0
       1
       0
       5
       6
       1
       2
       3
       4
       2
       7
       2
       5
       1
       5
       5
       2
       0
       6
       1
       2
       2
       1
       3
       7
       5
       4
       4
       5
       5
       2
       2
       3
       2
       3
       3
       6
      12
      20
      22
      22
       7
       2
       0
       5
       4
       6
       3
       4
       3
       3
       2
       3
       3
       1
       2
       2
       2
       2
       0
       4
       3
       4
       3
       2
       1
       1
       0
       6
       3
       4
       0
       4
       1
       3
       4
       2
       5
       1
       2
       2
       2
       2
       2
       3
       3
       5
       1
       0
       2
       1
       4
       2
       7
       1
       2
       4
       2
       1
       1
       4
       0
       1
       3
       0
       2
       1
       2
       2
       1
       0
       5
       6
       2
       1
       2
       4
       1
       1
       2
       1
       2
       3
       0
       1
       2
       1
       1
       2
       1
       3
       0
       0
       0
       2
       0
       4
       5
       2
       0
       1
       2
       1
       0
       2
       0
       0
       2
       3
       3
       0
       1
       4
       0
       2
       0
       2
       0
       4
       3
       5
       5
       1
       3
       3
       2
       4
       3
       1
       3
       0
       5
       2
       4
       4
       3
       1
       2
       3
       3
       2
       2
       2
       3
       1
       3
       4
       2
       2
       4
       3
       1
       3
       1
       0
       2
       3
       1
       1
       1
       2
       3
       3
       3
       4
       2
       1
       4
       1
       4
       1
       2
       7
       2
       2
       2
       3
       2
       1
       1
       2
       2
       2
       3
       3
       2
       1
       1
       3
       4
       1
       0
       2
       3
       5
       0
       2
       6
       1
       3
       1
       1
       2
       0
       4
       2
       4
       2
       3
       0
       3
       1
       1
       3
       2
       0
       2
       1
       1
       1
       1
       1
       2
       6
       0
       1
       0
       2
       1
       0
       1
       1
       1
       0
       1
       1
       1
       3
       3
       1
       2
       5
       2
       1
       2
       2
       1
       1
       3
       3
       0
       0
       3
       3
       4
       2
       1
       1
       1
       1
       2
       2
       0
       2
       3
       0
       3
       2
       1
       5
       3
       0
       2
       1
       1
       1
       3
       3
       3
       1
       2
       3
       3
       2
       2
       2
       1
       2
       4
       4
       2
       1
       4
       2
       2
       4
       2
       2
       2
       1
       2
       1
       2
       4
       3
       2
       4
       1
       0
       3
       3
       0
       0
       2
       1
       2
       0
       0
       2
       3
       2
       2
       3
       0
       3
       1
       3
       1
       1
       2
       4
       3
       1
       1
       1
       0
       2
       1
       4
       1
       1
       2
       3
       3
       0
       0
       2
       3
       4
       1
       3
       0
       0
       2
       1
       1
       2
       3
       0
       2
       3
       1
       3
       2
       3
       1
       3
       1
       3
       3
       2
       1
       1
       2
       0
       1
       3
       1
       3
       0
       3
       2
       1
       1
       0
       1
       2
       1
       3
       4
       1
       2
       2
       4
       2
       3
       3
       3
       3
       2
       3
       1
       2
       3
       0
       1
       3
       5
       1
       1
       0
       2
       1
       1
       3
       1
       1
       3
       1
       2
       2
       1
       2
       3
       2
       2
       1
       5
       2
       1
       3
       2
       2
       1
       1
       1
       1
       1
       2
       1
       2
       3
       3
       1
       4
       1
       2
       1
       3
       0
       1
       2
       0
       1
       1
       1
       3
       3
       1
       0
       1
       1
       1
       2
       2
       2
       1
       3
       1
       0
       0
       2
       1
       5
       0
       2
       5
       1
       4
       0
       2
       1
       1
       2
       1
       5
       2
       0
       2
       1
       2
       2
       3
       2
       1
       3
       0
       1
       2
       4
       2
       2
       1
       0
       1
       1
       1
       3
       1
       2
       2
       0
       1
       0
       0
       4
       1
       1
       0
       1
       0
       2
       3
       0
       4
       2
       2
       4
       0
       0
       1
       1
       0
       1
       1
       1
       2
       1
       1
       3
       1
       0
       1
       1
       0
       2
       2
       1
       0
       3
       2
       1
       0
       1
       1
       2
       3
       1
       2
       3
       1
       0
       3
       0
       2
       1
       2
       1
       2
       0
       1
       2
       2
       1
       2
       0
       0
       3
       0
       4
       0
       2
       0
       1
       0
       2
       2
       0
       2
       0
       2
       1
       0
       4
       0
       4
       0
       1
       2
       3
       3
       2
       1
       1
       2
       1
       0
       2
       3
       0
       0
       0
       0
       0
       2
       3
       3
       1
       1
       0
       1
       2
       1
       0
       1
       0
       3
       2
       0
       2
       1
       2
       1
       2
       2
       0
       2
       1
       3
       1
       3
       8
       4
       3
       3
       1
       1
       1
       1
       0
       0
       0
       0
       1
       1
       2
       2
       1
       1
       1
       2
       1
       1
       0
       1
       0
       5
       1
       1
       1
       2
       2
       2
       1
       1
       0
       0
       0
       0
       1
       2
       0
       1
       0
       1
       1
       5
       5
      10
      11
      10
      13
       7
       6
       2
       2
       0
       0
       2
       1
       0
       1
       2
       1
       1
       0
       3
       0
       1
       2
       2
       4
       1
       2
       3
       2
      11
       4
       2
       2
       1
       0
       2
       1
       2
       2
       3
       1
       0
       3
       3
       1
       0
       1
       1
       2
       2
       2
       2
       0
       0
       1
       4
       1
       0
       2
       2
       3
       2
       1
       0
       0
       2
       3
       2
       0
       0
       0
       1
       2
       2
       3
       1
       1
       2
       3
       1
       1
       1
       3
       6
       3
       5
       3
       2
       0
       0
       2
       1
       3
       2
       0
       0
       1
       1
       1
       2
       1
       4
       1
       0
       3
       1
       0
       2
       2
       0
       1
       3
       0
       0
       0
       0
       0
       1
       2
       1
       0
       0
       4
       2
       1
       0
       1
       1
       0
       0
       1
       2
       1
       2
       3
       2
       0
       0
       2
       2
       0
       2
       2
       2
       5
       0
       2
       1
       1
       1
       0
       0
       0
       2
       0
       0
       0
       3
       1
       1
       0
       2
       0
       1
       5
       0
       0
       0
       0
       1
       0
       3
       2
       2
       3
       1
       1
       3
       2
       1
       1
       2
       1
       1
       1
       3
       0
       2
       2
       0
       1
       2
       0
       0
       1
       0
       1
       1
       1
       1
       1
       1
       2
       0
       2
       2
       2
       3
       0
       0
       1
       2
       3
       3
       2
       3
       6
       7
       0
       3
       3
       2
       2
       4
      11
      15
       7
       7
       4
       2
       2
       3
       3
       4
       0
       1
       1
       1
       2
       2
       0
       0
       1
       0
       0
       1
       1
       3
       1
       0
       2
       2
       2
       1
       1
       1
       1
       1
       0
       1
       4
       4
       1
       0
       1
       1
       2
       0
       2
       0
       1
       1
       0
       3
       4
       0
       0
       1
       0
       1
       0
       1
       2
       0
       2
       0
       0
       0
       1
       2
       1
       1
       1
       0
       0
       0
       0
       0
       1
       1
       0
       0
       0
       1
       1
       1
       1
       1
       2
       4
       0
       0
       1
       1
       0
       0
       2
       0
       0
       2
       1
       1
       1
       1
       1
       1
       1
       2
       2
       0
       1
       1
       2
       1
       1
       1
       1
       0
       0
       1
       1
       0
       1
       1
       0
       0
       0
       1
       0
       0
       3
       0
       1
       1
       1
       0
       3
       1
       1
       1
       0
       1
       1
       1
       0
       1
       3
       1
       1
       0
       0
       0
       1
       2
       0
       0
       3
       1
       2
       1
       0
       1
       0
       1
       3
       2
       1
       0
       2
       1
       4
       1
       0
       0
       2
       0
       3
       1
       0
       2
       1
       0
       1
       0
       1
       1
       0
       3
       0
       0
       1
       0
       2
       0
       2
       0
       0
       1
       0
       1
       1
       2
       1
       1
       0
       1
       0
       1
       1
       2
       0
       1
       0
       0
       2
       2
       0
       1
       1
       4
       0
       0
       0
       0
       0
       0
       1
       0
       0
       0
       1
       0
       2
       0
       1
       3
       3
       0
       0
       0
       0
       1
       3
       0
       1
       0
       0
       1
       1
       0
       0
       0
       0
       1
       0
       2
       1
       0
       1
       2
       2
       2
       1
       0
       1
       0
       1
       1
       1
       1
       0
       0
       0
       0
       0
       3
       1
       1
       2
       1
       0
       1
       1
       2
       2
       0
       2
       0
       0
       1
       0
       4
       0
       2
       1
       2
       0
       0
       2
       1
       0
       1
       1
       0
       0
       1
       1
       1
       2
       0
       0
       0
       0
       2
       2
       0
       1
       0
       0
       0
       0
       0
       2
       0
       0
       1
       0
       0
       0
       2
       1
       2
       2
       1
       1
       0
       1
       1
       0
       0
       1
       1
       1
       0
       1
       1
       2
       0
       3
       2
       0
       1
       0
       1
       1
       2
       1
       1
       0
       0
       0
       1
       0
       0
       1
       1
       1
       2
       1
       1
       0
       2
       2
       1
       0
       1
       1
       2
       0
       1
       1
       2
       0
       3
       0
       1
       1
       3
       2
       3
       0
       1
       0
       1
       1
       2
       0
       2
       1
       5
       7
      12
       6
       5
       4
       1
       0
       2
       0
       0
       0
       1
       0
       0
       0
       0
       0
       1
       0
       0
       2
       0
       2
       1
       1
       0
       0
       0
       0
       0
       1
       1
       0
       2
       0
       1
       3
       1
       1
       2
       1
       2
       1
       0
       1
       1
       0
       0
       1
       0
       1
       0
       1
       1
       0
       0
       0
       1
       0
       0
       0
       0
       1
       1
       1
       0
       0
       0
       0
       0
       1
       2
       1
       0
       0
       0
       0
       1
       0
       1
       0
       0
       0
       1
       2
       2
       0
       2
       1
       0
       0
       1
       1
       3
       1
       0
       1
       0
       0
       1
       1
       1
       3
       1
       2
       3
       1
       0
       1
       2
       2
       1
       3
       0
       3
       1
       2
       0
       0
       0
       2
       0
       1
       0
       3
       1
       2
       0
       1
       0
       3
       0
       3
       4
       4
       5
       7
       7
       5
       3
       0
       1
       1
       1
       1
       0
       0
       5
       4
       0
       1
       5
       3
       0
       0
       1
       2
       0
       0
       1
       0
       0
       0
       0
       0
       2
       0
       0
       1
       1
       1
       0
       1
       1
       1
       1
       0
       0
       0
       0
       1
       0
       0
       1
       0
       0
       2
       1
       2
       0
       1
       0
       0
       1
       2
       0
       0
       0
       1
       0
       0
       1
       0
       1
       1
       2
       2
       1
       3
       1
       0
       1
       0
       0
       1
       1
       0
       0
       2
       1
       1
       1
       0
       0
       1
       1
       0
       0
       0
       2
       0
       1
       2
       1
       0
       0
       0
       0
       1
       2
       2
       0
       1
       1
       1
       1
       1
       0
       1
       1
       1
       0
       3
       0
       0
       1
       0
       2
       2
       3
       0
       0
       0
       1
       0
       1
       2
       0
       1
       0
       1
       0
       1
       1
       2
       1
       1
       0
       1
       0
       0
       0
       1
       1
       3
       1
       1
       1
       0
       2
       0
       0
       0
       2
       1
       1
       0
       0
       1
       4
       2
       1
       0
       2
       1
       1
       0
       1
       2
       1
       0
       0
       0
       0
       0
       0
       1
       1
       0
       2
       0
       0
       0
       0
       2
       1
       2
       0
       0
       1
       1
       1
       0
       2
       0
       0
       1
       1
       0
       0
       0
       0
       2
       0
       2
       0
       2
       0
       0
       0
       1
       0
       0
       0
       0
       0
       0
       3
       0
       1
       0
       1
       0
       1
       0
       0
       0
       2
       0
       0
       2
       1
       0
       0
       0
       3
       1
       0
       2
       0
       0
       0
       1
       0
       0
       1
       3
       5
       3
       3
       0
       1
       2
       1
       0
       3
       2
       1
       1
       0
       1
       0
       0
       0
       0
       1
       1
       0
       0
       1
       0
       0
       0
       0
       0
       1
       1
       1
       0
       1
       0
       0
       2
       0
       0
       1
       0
       0
       0
       1
       1
       0
       3
       1
       1
       1
       2
       3
       0
       2
       2
       0
       0
       0
       1
       1
       1
       1
       0
       1
       0
       0
       1
       1
       3
       1
       0
       1
       0
       0
       0
       0
       2
       1
       0
       0
       1
       1
       0
       0
       0
       0
       0
       2
       0
       0
       0
       0
       1
       0
       1
       0
       0
       1
       2
       1
       0
       0
       1
       3
       1
       0
       2
       1
       1
       1
       1
       0
       1
       1
       0
       0
       0
       1
       2
       0
       1
       1
       0
       1
       1
       1
       0
       1
       1
       0
       1
       0
       0
       1
       0
       0
       2
       1
       0
       0
       0
       0
       0
       1
       0
       0
       2
       0
       0
       0
       1
       0
       0
       3
       0
       1
       3
       1
       6
       7
       2
       5
       0
       0
       2
       0
       0
       1
       0
       0
       2
       0
       0
       1
       1
       0
       1
       0
       1
       0
       0
       0
       0
       1
       1
       1
       1
       1
       0
       1
       1
       0
       1
       1
       0
       0
       1
       0
       0
       0
       0
       0
       1
       0
       0
       1
       0
       0
       0
       0
       0
       1
       0
       0
       0
       0
       0
       1
       0
       0
       0
       0
       1
       1
       0
       0
       0
       0
       0
       0
       0
       0
       0
       0
       0
       1
       0
       0
       0
       0
       0
       0
       0
       0
       1
       0
       0
       0
       0
       0
       0
       0
       0
       0
       0
       0
       0
       1
       1
       0
       0
       1
       0
       1
       0
       1
       0
       0
       1
       1
       0
       0
       0
       2
       1
       0
       1
       2
       0
       1
       0
       0
       0
       0
       1
       0
       0
       0
       1
       0
       0
       1
       0
       1
       0
       0
       0
       0
       0
       1
       0
       0
       0
       0
       0
       2
       0
       0
       0
       0
       0
       2
       1
       0
       0
       0
       0
       0
       0
       0
       0
       0
       1
       0
       0
       1
       0
       0
       0
       0
       0
       0
       0
       0
       0
       0
       0
       0
       0
       1
       1
       1
       0
       0
       1
       0
       0
       0
       0
       0
       3
       4
       1
       1
       0
       0
       0
       0
       1
       0
       0
       1
       0
       0
       0
       0
       0
       0
       1
       0
       0
       0
       1
       0
       0
       0
       1
       0
       0
       0
       0
       0
       1
       0
       0
       0
       0
       0
       1
       1
       0
       0
       0
       0
       2
       0
       0
       0
       0
       1
       0
       0
       0
       0
       1
       0
       0
       0
       0
       0
       0
       1
       0
       0
       0
       1
       0
       0
       0
       1
       0
       0
       0
       1
       1
       0
       0
       0
       0
       0
       0
       0
       1
       0
       0
       0
       0
       0
       0
       0
       0
       0
       1
       0
       0
       0
       2
       0
       1
       1
       0
       0
       0
       1
       0
       0
       0
       0
       0
       0
       0
       1
       1
       0
       0
       0
       0
       0
       0
       0
       1
       0
       0
       1
       0
       0
       0
       0
       1
       0
       1
       2
       4
       7
      12
      19
      21
      22
      20
      12
       4
       1
       2
       0
       1
       0
       0
       0
       0
       0
       0
       0
       0
       0
       0
       0
       0
       0
       0
       0
       0
       0
       0
       1
       0
       0
       0
       1
       0
       0
       0
       0
       0
       1
       0
       0
       1
       0
       0
       0
       0
       0
       0
       0
       0
       1
       0
       0
       0
       0
       1
       0
       1
       0
       0
       0
       1
       0
       1
       1
       0
       1
       1
       0
       0
       0
       0
       0
       0
       0
       0
       1
       0
       0
       0
       1
       2
       0
       0
       0
       0
       0
       1
       0
       0
       0
       1
       0
       1
       0
       0
       0
       0
       1
       0
       0
       0
       0
       1
       0
       0
       0
       0
       0
       0
       0
       0
       1
       0
       0
       0
       0
       0
       0
       0
       0
       0
       0
       1
       1
       0
       0
       0
       0
       0
       0
       0
       0
       0
       1
       0
       0
       0
       0
       0
       1
       0
       0
       0
       0
       0
       0
       0
       1
       0
       1
       0
       0
       0
       0
       0
       0
       0
       0
       1
       0
       0
       0
       0
       0
       0
       0
       0
       0
       0
       0
       0
       1
       0
       0
       0
       0
       1
       0
       2
       0
       0
       0
       0
       0
       0
       0
       0
       0
       0
       0
       0
       1
       0
       0
       0
       0
       0
       0
       1
       0
       0
       0
       1
       0
       0
       0
       0
       0
       0
       0
       1
       0
       0
       0
       0
       0
       0
       0
       0
       1
       1
       0
       0
       0
       0
       1
       0
       0
       0
       0
       0
       0
       0
       0
       0
       0
       0
       0
       0
       0
       0
       0
       0
       0
       0
       0
       0
       0
       1
       0
       0
       0
       0
       0
       2
       0
       0
       0
       0
       0
       1
       1
       0
       0
       0
       0
       0
       0
       0
       0
       0
       0
       0
       0
       0
       1
       0
       0
       0
       0
       0
       0
       0
       0
       0
       0
       0
       0
       0
       0
       1
       1
       0
       0
       0
       0
       1
       0
       0
       1
       0
       1
       0
       0
       0
       0
       1
       0
       0
       0
       0
       0
       0
       0
       0
       1
       0
       0
       0
       0
       1
       0
       0
       0
       2
       0
       1
       0
       0
       0
       0
       0
       0
       0
       0
       1
       0
       0
       0
       0
       0
       1
       0
       1
       0
       0
       0
       0
       0
       0
       0
       0
       0
       0
       0
       0
       0
       0
       1
       0
       0
       0
       0
       0
       0
       0
       0
       0
       0
       0
       0
       0
       0
       0
       0
       1
       0
       0
       0
       0
       1
       1
       0
       0
       0
       0
       0
       0
       0
       0
       0
       0
       0
       0
       0
       1
       0
       0
       0
       0
       0
       0
       0
       0
       0
       0
       0
       1
       0
       0
       0
       0
       0
       0
       0
       0
       0
       0
       0
       0
       0
       0
       0
       0
       0
       0
       0
       0
       0
       0
       0
       0
       0
       0
       0
       1
       0
       1
       0
       0
       0
       1
       0
       0
       0
       0
       0
       0
       0
       2
       0
       0
       0
       0
       0
       1
       1
       0
       0
       0
       0
       0
       0
       0
       0
       0
       0
       0
       0
       0
       0
       0
       0
       1
       0
       0
       0
       0
       0
       0
       0
       0
       1
       0
       0
       0
       0
       0
       0
       0
       0
       0
       0
       0
       0
       0
       0
       0
       0
       0
       0
       0
       0
       0
       0
       1
       0
       0
       0
       0
       0
       0
       0
       0
       0
       1
       0
       0
       0
       0
       0
       0
       0
       0
       0
       0
       0
       0
       0
       0
       1
       0
       0
       0
       0
       0
       0
       0
       0
       0
       0
       0
       0
       0
       0
       0
       0
       0
       0
       0
       0
       0
       0
       0
       0
       0
       0
       0
       0
       0
       0
       0
       0
       0
       0
       0
       0
       0
       0
       0
       0
       1
       0
       0
       0
       0
       1
       0
       0
       0
       0
       0
       0
       0
       0
       0
       0
       0
       0
       0
       0
       0
       0
       0
       0
       0
       0
       0
       0
       0
       0
       0
       0
       0
       0
       0
       0
       0
       0
       0
       0
       0
       0
       0
       1
       0
       0
       0
       0
       0
       0
       0
       0
       0
       0
       0
       0
       0
       1
       0
       0
       0
       0
       0
       0
       1
       0
       0
       0
       0
       0
       0
       0
       0
       0
       1
       0
       1
       0
       0
       1
       1
       0
       0
       1
       0
       0
       0
       0
       0
       0
       0
       0
       0
       0
       0
       0
       0
       0
       0
       0
       0
       0
       0
       0
       0
       0
       0
       0
       0
       0
       0
       0
       0
       1
       0
       2
       0
       0
       0
       1
       1
       0
       0
       0
       0
       0
       0
       0
       0
       0
       0
       0
       1
       0
       0
       0
       0
       0
       0
       0
       0
       0
       0
       0
       0
       0
       0
       0
       0
       0
       0
       0
       0
       0
       0
       0
       0
       0
       0
       0
       0
       0
       0
       1
       0
       0
       0
       0
       0
       0
       0
       0
       0
       0
       0
       0
       0
       0
       0
       0
       0
       0
       0
       0
       0
       0
       0
       0
       0
       0
       1
       0
       0
       0
       0
       0
       0
       0
       0
       0
       0
       0
       0
       0
       1
       2
       2
       1
       4
       1
       3
       0
       0
       0
       0
       0
       0
       0
       0
       0
       0
       0
       0
       0
       0
       0
       0
       0
       0
       0
       0
       0
       0
       0
       0
       0
       0
       0
       0
       0
       1
       0
       1
       0
       0
       0
       0
       0
       0
       0
       0
       0
       0
       0
       0
       0
       0
       0
       1
       0
       0
       0
       0
       0
       0
       0
       0
       0
       0
       0
       0
       0
       0
       0
       0
       0
       1
       0
       0
       0
       0
       0
       0
       0
       0
       0
       0
       0
       0
       0
       0
       0
       0
       0
       0
       0
       0
       1
       0
       0
       0
       0
       0
       0
       0
       1
       0
       0
       0
       0
       0
       0
       0
       0
       0
       1
       0
       0
       0
       0
       0
       0
       0
       0
       0
       0
       0
       0
       0
       0
       0
       0
       0
       0
       0
       0
       0
       0
       0
       0
       0
       0
       0
       0
       0
       0
       0
       0
       0
       0
       0
       0
       0
       1
       0
       0
       0
       0
       0
       0
       0
       0
       0
       0
       0
       0
       0
       0
       0
       0
       0
       0
       0
       0
       0
       0
       0
       1
       0
       0
       0
       0
       1
       0
       0
       0
       0
       0
       0
       0
       0
       0
       0
       0
       0
       0
       0
       0
       0
       0
       0
       0
       0
       0
       0
       0
       0
       0
       0
       0
       0
       0
       0
       0
       0
       0
       2
       0
       1
       1
       0
       0
       0
       0
       0
       0
       0
       0
       0
       0
       0
       0
       1
       1
       0
       0
       0
       0
       0
       0
       0
       0
       0
       0
       0
       0
       0
       0
       1
       0
       0
       0
       0
       0
       0
       0
       0
       0
       0
       0
       0
       0
       0
       0
       0
       0
       0
       0
       0
       0
       0
       0
       0
       0
       0
       0
       0
       0
       0
       0
       0
       0
       0
       0
       0
       0
       0
       0
       0
       0
       0
       0
       0
       0
       0
       0
       0
       0
       0
       1
       0
       0
       0
       0
       0
       0
       0
       0
       0
       0
       0
       0
       0
       0
       0
       0
       0
       0
       0
       0
       0
       0
       0
       0
       0
       0
       0
       0
       0
       0
       0
       0
       0
       0
       0
       0
       0
       0
       0
       0
       0
       0
       0
       0
       1
       0
       0
       0
       0
       1
       0
       0
       0
       1
       0
       0
       0
       0
       0
       0
       0
       0
       0
       0
       0
       0
       0
       0
       0
       0
       0
       0
       0
       0
       0
       0
       0
       0
       0
       1
       0
       0
       0
       0
       0
       0
       0
       0
       0
       0
       0
       0
       1
       0
       0
       0
       0
       0
       0
       1
       0
       0
       0
       0
       0
       0
       0
       1
       0
       0
       0
       1
       0
       0
       0
       0
       0
       0
       0
       0
       0
       0
       1
       0
       0
       0
       1
       0
       0
       0
       0
       0
       0
       0
       0
       2
       0
       0
       0
       0
       0
       0
       0
       0
       0
       1
       1
       0
       0
       0
       0
       0
       0
       0
       0
       0
       0
       0
       0
       1
       0
       0
       0
       0
       0
       0
       0
       0
       0
       1
       0
       0
       0
       0
       0
       0
       0
       0
       0
       0
       1
       0
       0
       0
       0
       0
       0
       0
       0
       0
       0
       1
       0
       0
       0
       0
       0
       0
       0
       0
       0
       0
       0
       0
       0
       0
       0
       0
       0
       0
       0
       0
       0
       0
       0
       0
       0
       0
       0
       0
       1
       0
       0
       0
       0
       0
       0
       0
       0
       0
       0
       0
       0
       0
       1
       0
       0
       0
       0
       0
       0
       0
       0
       0
       0
       0
       1
       0
       0
       1
       0
       0
       0
       0
       0
       0
       0
       0
       0
       0
       0
       0
       0
       0
       0
       0
       0
       0
       1
       0
       0
       0
       0
       0
       0
       0
       0
       0
       0
       0
       0
       0
       0
       0
       0
       0
       0
       0
       0
       0
       0
       0
       0
       0
       0
       0
       0
       0
       0
       0
       0
       0
       0
       0
       0
       0
       0
       0
       0
       0
       0
       0
       0
       0
       0
       0
       0
       0
       0
       0
       0
       0
       1
       0
       0
       0
       0
       0
       0
       0
       0
       0
       0
       0
       0
       0
       0
       0
       0
       0
       0
       0
       0
       1
       0
       0
       0
       0
       0
       0
       1
       0
       0
       0
       0
       0
       0
       0
       0
       0
       0
       0
       1
       0
       0
       0
       0
       0
       0
       0
       0
       0
       0
       0
       0
       0
       0
       0
       0
       0
       0
       0
       0
       0
       0
       0
       0
       0
       0
       0
       0
       0
       0
       0
       0
       0
       0
       0
       0
       0
       0
       0
       0
       0
       0
       0
       0
       0
       0
       0
       0
       0
       0
       0
       0
       1
       0
       0
       0
       0
       0
       0
       0
       0
       0
       0
       0
       0
       0
       0
       0
       0
       0
       0
       0
       0
       0
       0
       0
       0
       0
       0
       1
       0
       0
       0
       0
       1
       0
       0
       0
       0
       0
       0
       0
       0
       1
       0
       0
       0
       0
       0
       0
       0
       1
       0
       0
       0
       0
       0
       0
       0
       0
       0
       0
       0
       0
       0
       0
       0
       0
       1
       0
       0
       0
       0
       0
       0
       0
       0
       0
       0
       0
       0
       0
       0
       0
       0
       0
       0
       0
       0
       0
       0
       0
       0
       0
       1
       0
       0
       0
       0
       0
       0
       0
       0
       0
       0
       0
       0
       0
       0
       0
       0
       0
       0
       0
       0
       0
       0
       1
       0
       0
       0
       0
       0
       0
       1
       0
       0
       0
       0
       0
       0
       0
       0
       0
       0
       0
       0
       0
       0
       0
       0
       0
       0
       1
       0
       0
       0
       0
       0
       0
       0
       0
       0
       0
       0
       1
       0
       0
       0
       0
       0
       1
       0
       0
       1
       0
       0
       0
       0
       0
       0
       0
       0
       0
       0
       0
       0
       0
       0
       0
       0
       0
       0
       0
       0
       0
       0
       0
       0
       0
       0
       0
       0
       0
       0
       0
       0
       0
       0
       0
       0
       0
       0
       0
       0
       0
       0
       0
       0
       0
       0
       0
       0
       0
       0
       0
       0
       0
       0
       0
       0
       0
       0
       1
       0
       0
       1
       0
       0
       0
       0
       0
       1
       0
       0
       0
       0
       0
       0
       0
       0
       0
       0
       0
       0
       0
       0
       0
       0
       0
       0
       0
       0
       0
       0
       0
       0
       0
       0
       0
       0
       0
       0
       0
       0
       0
       0
       0
       0
       0
       0
       0
       0
       0
       0
       0
       0
       0
       0
       0
       0
       0
       0
       0
       0
       0
       0
       0
       0
       0
       0
       0
       0
       0
       0
       0
       0
       0
       0
       0
       0
       0
       1
       0
       0
       1
       0
       0
       0
       0
       0
       0
       0
       0
       0
       0
       0
       1
       0
       0
       0
       0
       0
       0
       0
       0
       0
       0
       0
       0
       0
       0
       0
       0
       0
       1
       0
       0
       0
       0
       1
       0
       0
       0
       0
       0
       0
       0
       0
       0
       0
       0
       0
       0
       0
       0
       0
       0
       0
       0
       0
       0
       0
       0
       0
       0
       0
       0
       0
       0
       0
       0
       0
       0
       0
       0
       1
       0
       0
       0
       0
       0
       0
       0
       0
       1
       0
       0
       0
       0
       1
       0
       0
       0
       0
       0
       1
       0
       0
       0
       0
       0
       0
       0
       0
       1
       0
       0
       0
       0
       0
       0
       0
       0
       0
       0
       0
       1
       2
       3
       0
       0
       0
       1
       0
       0
       0
       0
       0
       0
       0
       0
       0
       0
       0
       0
       0
       0
       0
       0
       0
       0
       0
       0
       0
       0
       0
       0
       0
       0
       1
       0
       0
       0
       0
       0
       0
       0
       0
       0
       0
       0
       0
       0
       0
       0
       0
       0
       0
       0
       1
       0
       1
       1
       0
       0
       0
       1
       0
       0
       0
       0
       0
       1
       0
       0
       0
       0
       0
       0
       0
       0
       0
       0
       0
       0
       0
       0
       0
       0
       0
       0
       0
       0
       0
       0
       0
       0
       0
       0
       0
       0
       0
       0
       0
       0
       0
       0
       0
       0
       0
       0
       0
       0
       0
       0
       0
       0
       0
       0
       0
       0
       0
       0
       0
       0
       0
       0
       0
       0
       0
       0
       0
       0
       0
       0
       0
       0
       0
       0
       0
       0
       0
       0
       0
       0
       0
       0
       0
       0
       0
       0
       0
       0
       0
       1
       0
       0
       0
       0
       1
       0
       0
       0
       0
       0
       0
       0
       0
       0
       0
       0
       0
       0
       0
       0
       0
       0
       0
       0
       0
       0
       0
       1
       0
       0
       0
       0
       0
       0
       0
       0
       0
       0
       0
       0
       0
       0
       0
       0
       0
       0
       0
       1
       0
       0
       0
       0
       0
       0
       0
       0
       0
       0
       0
       0
       0
       0
       0
       0
       0
       0
       0
       0
       0
       0
       0
       0
       0
       0
       0
       0
       0
       0
       0
       0
       0
       0
       1
       0
       0
       0
       0
       0
       0
       0
       0
       0
       0
       0
       0
       0
       0
       0
       0
       0
       0
       0
       0
       1
       0
       0
       0
       0
       0
       0
       0
       0
       0
       0
       0
       0
       0
       0
       0
       0
       0
       0
       0
       0
       0
       0
       0
       0
       0
       0
       0
       0
       0
       0
       0
       0
       0
       0
       1
       0
       0
       0
       0
       0
       0
       0
       0
       0
       0
       0
       0
       0
       0
       0
       0
       0
       0
       0
       0
       0
       0
       0
       0
       0
       0
       0
       0
       1
       0
       0
       0
       0
       0
       0
       0
       0
       0
       0
       0
       0
       0
       0
       0
       0
       0
       0
       0
       0
       0
       0
       0
       0
       0
       0
       0
       0
       0
       0
       0
       0
       0
       0
       0
       0
       0
       0
       0
       0
       0
       0
       0
       0
       0
       1
       0
       0
       0
       0
       0
       0
       0
       0
       0
       0
       0
       0
       0
       0
       0
       0
       0
       0
       0
       0
       0
       0
       0
       0
       0
       0
       0
       0
       0
       0
       0
       0
       0
       0
       0
       1
       0
       0
       0
       0
       0
       0
       0
       0
       0
       0
       0
       0
       0
       0
       0
       0
       0
       0
       0
       0
       0
       0
       0
       0
       0
       0
       0
       0
       0
       0
       0
       0
       0
       0
       0
       0
       0
       0
       0
       0
       1
       0
       0
       0
       0
       0
       0
       0
       0
       0
       0
       0
       0
       0
       0
       0
       0
       0
       0
       0
       0
       0
       0
       0
       0
       0
       0
       0
       0
       0
       0
       0
       0
       0
       0
       0
       0
       0
       0
       0
       0
       0
       0
       0
       0
       0
       0
       0
       0
       0
       0
       0
       1
       0
       0
       0
       0
       0
       0
       0
       0
       0
       0
       0
       0
       0
       0
       0
       0
       0
       0
       0
       0
       0
       0
       0
       0
       0
       0
       0
       0
       0
       0
       0
       0
       0
       0
       0
       0
       0
       0
       0
       0
       0
       0
       0
       0
       0
       0
       0
       0
       0
       0
       0
       0
       0
       0
       0
       0
       0
       0
       0
       0
       0
       0
       0
       0
       0
       0
       0
       0
       0
       0
       0
       0
       0
       0
       0
       0
       0
       0
       0
       0
       0
       0
       0
       0
       0
       0
       0
       0
       0
       0
       0
       0
       0
       0
       0
       0
       0
       0
       0
       0
       1
       0
       0
       0
       0
       0
       0
       0
       0
       0
       1
       0
       0
       0
       0
       1
       0
       0
       0
       0
       0
       0
       0
       0
       1
       0
       0
       0
       0
       0
       0
       0
       0
       0
       0
       0
       0
       0
       0
       0
       0
       0
       0
       0
       0
       0
       0
       0
       0
       0
       0
       0
       0
       0
       0
       0
       0
       0
       0
       0
       1
       0
       0
       0
       1
       0
       0
       0
       0
       0
       0
       0
       0
       0
       0
       0
       0
       0
       0
       0
       0
       0
       0
       0
       0
       0
       0
       0
       0
       0
       0
       0
       0
       0
       0
       0
       0
       0
       0
       0
       0
       0
       0
       0
       0
       0
       1
       0
       0
       0
       0
       0
       0
       0
       0
       0
       0
       0
       0
       0
       0
       0
       0
       0
       0
       0
       1
       0
       0
       0
       0
       0
       0
       0
       0
       0
       0
       0
       0
       0
       1
       0
       0
       0
       0
       0
       0
       0
       0
       0
       1
       0
       0
       0
       0
       0
       0
       0
       0
       0
       0
       0
       0
       0
       0
       1
       0
       0
       0
       0
       0
       0
       0
       0
       0
       0
       0
       0
       0
       0
       0
       0
       0
       0
       0
       0
       0
       0
       0
       0
       0
       0
       0
       0
       0
       0
       0
       0
       0
       0
       0
       0
       0
       0
       0
       0
       0
       0
       0
       0
       0
       0
       0
       0
       0
       0
       0
       0
       0
       0
       0
       0
       0
       0
       0
       0
       0
       0
       0
       0
       0
       0
       0
       0
       0
       0
       0
       0
       0
       0
       0
       0
       0
       0
       0
       0
       0
       0
       0
       0
       0
       0
       0
       0
       0
       0
       0
       0
       0
       0
       0
       0
       0
       0
       0
       0
       0
       0
       0
       0
       0
       0
       0
       0
       0
       0
       0
       0
       0
       0
       0
       0
       0
       0
       0
       0
       0
       0
       0
       0
       0
       0
       0
       0
       0
       0
       0
       0
       0
       0
       0
       0
       0
       0
       0
       0
       0
       0
       0
       0
       0
       0
       0
       0
       0
       0
       0
       0
       0
       0
       0
       0
       0
       0
       0
       0
       0
       0
       0
       0
       0
       0
       0
       0
       0
       0
       0
       0
       0
       0
       0
       0
       0
       0
       0
       0
       0
       0
       0
       0
       0
       0
       0
       0
       0
       0
       0
       0
       0
       0
       0
       0
       0
       0
       0
       0
       0
       0
       0
       0
       0
       0
       0
       0
       0
       0
       0
       0
       0
       0
       0
       0
       0
       0
       0
       0
       0
       0
       0
       0
       0
       0
       0
       0
       0
       0
       0
       0
       0
       0
       0
       0
       0
       0
       0
       0
       0
       0
       0
       0
       0
       0
       0
       0
       0
       0
       0
       0
       0
       0
       0
       0
       0
       0
       0
       0
       0
       0
       0
       0
       0
       0
       0
       0
       0
       0
       0
       0
       0
       0
       0
       0
       0
       0
       0
       0
       0
       0
       0
       0
       0
       0
       0
       0
       0
       0
       2
       1
       1
       0
       1
       4
       3
       1
       1
       2
       0
       0
       0
       0
       0
       0
       0
       0
       0
       0
       0
       0
       0
       0
       0
       0
       0
       0
       0
       0
       0
       0
       0
       0
       0
       0
       0
       0
       0
       0
       0
       0
       0
       0
       0
       0
       0
       0
       0
       0
       0
       0
       0
       0
       0
       0
       0
       0
       0
       0
       0
       0
       0
       0
       0
       0
       0
       0
       0
       0
       0
       0
       0
       0
       0
       0
       0
       0
       0
       0
       0
       0
       0
       0
       0
       0
       0
       0
       0
       0
       0
       0
       0
       0
       0
       0
       0
       0
       0
       0
       0
       0
       0
       0
       0
       0
       0
       0
       0
       0
       0
       0
       0
       0
       0
       0
       0
       0
       0
       0
       0
       0
       0
       0
       0
       0
       0
       0
       0
       0
       0
       0
       0
       0
       0
       0
       0
       0
       0
       0
       0
       0
       0
       0
       0
       0
       0
       0
       0
       0
       0
       0
       0
       0
       0
       0
       0
       0
       0
       0
       0
       0
       0
       0
       0
       0
       0
       0
       0
       0
       0
       0
       0
       0
       0
       0
       0
       0
       0
       0
       0
       0
       0
       0
       0
       0
       0
       0
       0
       0
       0
       0
       1
       0
       0
       0
       0
       0
       0
       0
       0
       0
       0
       0
       0
       0
       0
       0
       0
       0
       0
       0
       0
       0
       0
       0
       0
       0
       0
       0
       0
       0
       0
       0
       0
       0
       0
       0
       0
       0
       0
       0
       0
       0
       0
       0
       0
       0
       0
       0
       0
       0
       0
       0
       0
       0
       0
       0
       0
       0
       0
       0
       0
       0
       0
       0
       0
       0
       0
       0
       0
       0
       0
       0
       0
       0
       0
       0
       0
       0
       0
       0
       0
       0
       0
       0
       0
       0
       0
       0
       0
       0
       0
       0
       0
       0
       0
       0
       0
       0
       0
       0
       0
       0
       0
       0
       0
       0
       0
       0
       0
       0
       0
       0
       0
       0
       0
       0
       0
       0
       0
       0
       0
       0
       0
       0
       0
       0
       0
       0
       0
       0
       0
       0
       0
       0
       0
       0
       0
       0
       0
       0
       0
       0
       0
       0
       0
       0
       0
       0
       0
       0
       0
       0
       0
       0
       0
       0
       0
       0
       0
       0
       0
       0
       0
       0
       0
       0
       0
       0
       0
       0
       0
       0
       0
       0
       0
       0
       0
       0
       0
       0
       0
       0
       0
       0
       0
       0
       0
       0
       0
       0
       0
       0
       0
       0
       0
       0
       0
       0
       0
       0
       0
       0
       0
       0
       0
       0
       0
       0
       0
       0
       0
       0
       0
       0
       0
       0
       0
       0
       0
       0
       0
       0
       0
       0
       0
       0
       0
       0
       0
       0
       0
       0
       0
       0
       0
       0
       0
       0
       0
       0
       0
       0
       0
       0
       0
       0
       0
       0
       0
       0
       0
       0
       0
       0
       0
       0
       0
       0
       0
       0
       0
       0
       0
       0
       0
       0
       0
       0
       0
       0
       0
       0
       0
       1
       0
       0
       0
       0
       0
       0
       0
       0
       0
       0
       0
       0
       0
       0
       0
       0
       0
       0
       0
       0
       0
       0
       0
       0
       0
       0
       0
       0
       0
       0
       0
       0
       0
       0
       0
       0
       0
       0
       0
       0
       0
       0
       1
       0
       0
       0
       0
       0
       0
       0
       0
       0
       0
       0
       0
       0
       0
       0
       0
       0
       0
       0
       0
       0
       0
       0
       0
       0
       0
       0
       0
       0
       0
       0
       0
       0
       0
       0
       0
       0
       0
       0
       0
       0
       0
       0
       0
       0
       0
       0
       0
       1
       0
       0
       0
       0
       0
       0
       0
       0
       0
       0
       0
       0
       0
       0
       0
       0
       0
       0
       0
       0
       0
       0
       0
       0
       0
       0
       0
       0
       0
       0
       0
       0
       0
       0
       0
       0
       0
       0
       0
       0
       0
       0
       0
       0
       0
       0
       0
       0
       0
       0
       0
       0
       0
       0
       0
       0
       0
       0
       0
       0
       0
       0
       0
       0
       0
       0
       0
       0
       0
       0
       0
       0
       0
       0
       0
       0
       0
       0
       0
       0
       0
       0
       0
       0
       0
       0
       0
       0
       0
       0
       0
       0
       0
       0
       0
       0
       0
       0
       0
       0
       0
       0
       0
       0
       0
       0
       0
       0
       0
       0
       0
       0
       0
       0
       0
       0
       0
       0
       0
       0
       0
       0
       0
       0
       0
       0
       0
       0
       0
       0
       0
       0
       0
       0
       0
       0
       0
       0
       0
       0
       0
       0
       0
       0
       0
       0
       0
       0
       0
       0
       0
       0
       0
       0
       0
       0
       0
       0
       0
       0
       0
       0
       0
       0
       0
       0
       0
       0
       0
       1
       0
       0
       0
       0
       0
       0
       0
       0
       0
       0
       0
       0
       0
       0
       0
       0
       0
       0
       0
       0
       0
       0
       0
       0
       0
       0
       0
       0
       0
       0
       0
       0
       0
       0
       0
       0
       0
       0
       0
       0
       0
       0
       0
       0
       0
       0
       0
       1
       0
       0
       0
       0
       0
       0
       0
       0
       0
       0
       0
       0
       0
       0
       0
       0
       0
       0
       0
       0
       0
       0
       0
       0
       0
       0
       0
       0
       0
       0
       0
       0
       0
       0
       0
       0
       0
       0
       0
       0
       0
       0
       0
       0
       0
       0
       0
       0
       0
       0
       0
       0
       0
       0
       0
       0
       0
       0
       0
       0
       0
       0
       0
       0
       0
       0
       0
       0
       0
       0
       0
       0
       0
       0
       0
       0
       0
       0
       0
       0
       0
       0
       0
       0
       0
       0
       0
       0
       0
       0
       0
       0
       0
       0
       0
       0
       0
       0
       0
       0
       0
       0
       0
       0
       0
       0
       0
       0
       0
       0
       0
       0
       0
       0
       0
       0
       0
       0
       0
       0
       0
       0
       0
       0
       0
       0
       0
       0
       0
       0
       0
       0
       0
       0
       0
       0
       0
       0
       0
       0
       0
       0
       0
       0
       0
       0
       0
       0
       0
       0
       0
       0
       0
       0
       0
       0
       0
       0
       0
       0
       0
       0
       0
       0
       0
       0
       0
       0
       0
       0
       0
       0
       0
       0
       0
       0
       0
       0
       0
       0
       0
       0
       0
       0
       0
       0
       0
       0
       0
       0
       0
       0
       0
       0
       0
       0
       0
       0
       0
       0
       0
       0
       0
       0
       0
       0
       0
       0
       0
       0
       0
       0
       0
       0
       0
       0
       0
       0
       0
       0
       0
       0
       0
       0
       0
       0
       0
       0
       0
       0
       0
       0
       0
       0
       0
       0
       0
       0
       0
       0
       0
       0
       0
       0
       0
       0
       0
       0
       0
       0
       0
       0
       0
       0
       0
       0
       0
       0
       0
       0
       0
       0
       0
       0
       0
       0
       0
       0
       0
       0
       0
       0
       0
       0
       0
       0
       0
       0
       0
       0
       0
       0
       0
       0
       0
       0
       0
       0
       0
       0
       0
       0
       0
       0
       0
       0
       0
       0
       0
       0
       0
       0
       0
       0
       0
       0
       0
       0
       0
       0
       0
       0
       0
       0
       0
       0
       0
       0
       0
       0
       0
       0
       0
       0
       0
       0
       0
       0
       0
       0
       0
       0
       0
       0
       0
       0
       0
       0
       0
       0
       0
       0
       0
       0
       0
       0
       0
       0
       0
       0
       0
       0
       0
       0
       0
       0
       0
       0
       0
       0
       0
       0
       0
       0
       0
       0
       0
       0
       0
       0
       0
       0
       0
       0
       0
       0
       0
       0
       0
       0
       0
       0
       0
       0
       0
       0
       0
       0
       0
       0
       0
       0
       0
       0
       0
       0
       0
       0
       0
       0
       0
       0
       0
       0
       0
       0
       0
       0
       0
       0
       0
       0
       0
       0
       0
       0
       0
       0
       0
       0
       0
       0
       0
       1
       0
       0
       0
       0
       0
       0
       0
       0
       0
       0
       0
       0
       0
       0
       0
       0
       0
       0
       0
       0
       0
       0
       0
       0
       0
       0
       0
       0
       0
       0
       0
       0
       0
       0
       0
       0
       0
       0
       0
       0
       0
       0
       0
       0
       0
       0
       0
       0
       0
       0
       0
       0
       0
       0
       0
       1
       0
       0
       0
       0
       0
       0
       0
       0
       0
       0
       0
       0
       0
       0
       0
       0
       0
       0
       0
       0
       0
       0
       0
       0
       0
       0
       0
       0
       0
       0
       0
       0
       0
       0
       0
       0
       0
       0
       0
       0
       0
       0
       0
       0
       0
       0
       0
       0
       0
       0
       0
       0
       0
       0
       0
       0
       0
       0
       0
       0
       0
       0
       0
       0
       0
       0
       0
       0
       0
       0
       0
       0
       0
       0
       0
       0
       0
       0
       0
       0
       0
       0
       0
       0
       0
       0
       0
       0
       0
       0
       0
       0
       0
       0
       0
       0
       0
       0
       0
       0
       0
       0
       0
       0
       0
       0
       0
       0
       0
       0
       0
       0
       0
       0
       0
       0
       0
       0
       0
       0
       0
       0
       0
       0
       0
       0
       0
       0
       0
       0
       0
       0
       0
       0
       0
       0
       0
       0
       0
       0
       0
       0
       0
       0
       0
       0
       0
       0
       0
       0
       0
       0
       0
       0
       0
       0
       0
       0
       0
       0
       0
       0
       0
       0
       0
       0
       0
       0
       0
       0
       0
       0
       0
       0
       0
       0
       0
       0
       0
       0
       0
       0
       0
       0
       0
       0
       0
       0
       0
       0
       0
       0
       0
       0
       0
       0
       0
       0
       0
       0
       0
       0
       0
       0
       0
       0
       0
       0
       0
       0
       0
       0
       0
       0
       0
       0
       0
       0
       0
       0
       0
       0
       0
       0
       0
       0
       0
       0
       0
       0
       0
       0
       0
       0
       0
       0
       0
       0
       0
       0
       0
       0
       0
       0
       0
       0
       0
       0
$ROI:
0
$PRESETS:
Real Time
180
0
$ENER_FIT:
0.888569 0.390988
$MCA_CAL:
3
8.885689E-001 3.909876E-001 3.191953E-008 keV
$SHAPE_CAL:
3
0.000000E+000 0.000000E+000 0.000000E+000
