$SPEC_ID:
1
$SPEC_REM:
DET# 2
DETDESC# MCB 130 Normal
AP# Maestro Version 7.01
$DATE_MEA:
09/22/2019 12:11:26
$MEAS_TIM:
178 180
$DATA:
0 8191
       0
       0
       0
       0
       0
       0
       0
       0
       0
       0
       0
       0
       0
       0
       0
       0
       0
       0
       0
       0
       0
       0
       0
       0
       0
       0
       4
     210
      63
      27
      31
      53
      93
     148
     154
      79
      45
      41
      48
      58
      65
      81
      95
     141
     128
      92
      45
      42
      46
      51
      46
      49
      58
      59
      51
      43
      38
      49
      57
      69
      50
      59
      60
      29
      29
      39
      37
      41
      40
      43
      41
      41
      32
      39
      23
      35
      41
      36
      34
      36
      35
      39
      31
      31
      40
      55
      37
      32
      38
      32
      30
      40
      23
      34
      21
      50
      39
      26
      31
      29
      40
      37
      34
      27
      40
      41
      34
      28
      34
      49
      36
      37
      37
      42
      49
      59
      45
      46
      31
      59
      49
      53
      38
      39
      45
      36
      52
      45
      38
      57
      63
      63
      65
      68
      57
      48
      40
      45
      48
      48
      52
      54
      53
      53
      68
      56
      63
      63
      52
      63
      85
      69
      66
      64
      69
      81
      72
      86
      54
      69
      70
      67
      64
      51
      64
      61
      63
      82
      72
      98
      64
      82
      81
      76
      82
      69
      82
      70
      60
      74
      68
      79
      85
     103
      90
     108
      97
      88
      95
      91
     117
     104
      79
     101
     102
     110
     109
     108
      95
      78
      86
      91
      83
      79
     115
      98
      83
     118
      94
      84
      92
      94
      87
     130
     121
     112
     111
      94
      93
     101
     121
     131
     108
      92
      96
      92
      95
      94
     116
      93
     101
      98
      86
     121
     103
      90
     104
     107
      98
     114
      91
     106
      93
     119
      96
     105
      96
      78
      94
     103
     121
     164
     244
     263
     217
     141
      99
     100
      95
      97
     101
     101
     183
     312
     361
     265
     118
     121
     185
     346
     470
     259
     155
      95
      84
      80
      83
      81
      89
      85
      90
      86
      84
      91
      75
      69
      79
      71
      82
      84
      75
      79
      74
      76
      94
     104
     120
     132
     141
     127
      99
      91
      65
      66
      72
      78
      93
      88
      99
      95
      78
      86
      64
      88
      74
      78
      69
      79
      76
      59
      67
      73
      67
      66
      82
      83
      69
      67
      81
      67
      60
      56
      71
      75
      72
      78
      70
      65
      61
      69
      70
      63
      73
      86
      70
      71
      71
      79
      73
      74
      66
      73
      62
      73
      71
      61
      63
      72
      70
      72
      62
      68
      72
      59
      63
      80
      61
      75
      67
      51
      57
      66
      58
      58
      63
      53
      57
      64
      70
      60
      62
      44
      61
      61
      61
      76
      65
      51
      69
      51
      59
      45
      53
      60
      63
      57
      70
      46
      47
      57
      48
      50
      48
      59
      59
      55
      58
      61
      65
      58
      51
      46
      62
      54
      53
      47
      53
      55
      58
      57
      47
      40
      53
      61
      52
      44
      46
      54
      59
      44
      58
      62
      60
      50
      44
      38
      52
      57
      49
      39
      63
      52
      46
      52
      38
      47
      45
      51
      51
      57
      40
      34
      46
      44
      43
      48
      43
      49
      37
      38
      45
      45
      40
      50
      39
      39
      44
      38
      40
      38
      31
      41
      42
      49
      42
      46
      37
      40
      35
      31
      39
      41
      43
      32
      32
      31
      43
      40
      37
      34
      32
      36
      36
      29
      34
      37
      39
      47
      38
      37
      38
      36
      39
      55
      25
      44
      43
      36
      27
      33
      24
      45
      37
      47
      29
      22
      36
      29
      30
      27
      41
      34
      39
      36
      32
      30
      32
      30
      27
      23
      37
      34
      37
      35
      50
      70
      54
      49
      26
      34
      30
      35
      24
      37
      24
      30
      28
      32
      35
      35
      39
      43
      28
      43
      41
      32
      29
      15
      31
      30
      22
      15
      31
      30
      37
      34
      31
      20
      22
      29
      26
      25
      25
      23
      23
      33
      28
      27
      22
      32
      38
      68
     102
     105
      75
      41
      29
      20
      30
      25
      18
      24
      39
      24
      18
      27
      22
      26
      30
      23
      21
      24
      23
      24
      15
      18
      18
      26
      37
      49
      45
      27
      27
      21
      31
      28
      27
      27
      25
      22
      25
      20
      28
      26
      23
      21
      16
      23
      23
      26
      26
      18
      29
      21
      25
      28
      23
      23
      19
      22
      16
      19
      24
      31
      20
      18
      13
      23
      21
      25
      17
      24
      17
      21
      20
      16
      20
      28
      25
      15
      24
      22
      20
      19
      15
      16
      16
      24
      20
      18
      15
      14
      28
      17
      21
      21
      24
      11
       8
      20
      15
      22
      22
      18
      21
      15
      15
      16
      28
      18
      24
      15
      10
      21
      10
      18
      19
      14
      23
      18
      15
      18
      14
      19
      19
      16
      16
      45
      90
     117
     103
      53
      21
      11
      15
      12
      16
      15
      18
      10
      13
      17
      19
      10
      19
      13
      13
      12
      16
      16
      10
      20
      19
      17
      18
      17
      16
      10
      18
      10
      16
      19
      17
      10
      11
      15
       8
      11
      24
      19
      15
       8
      18
      18
      27
      32
      29
      21
       8
      14
      13
      20
      34
      43
      32
      21
      20
      14
      14
      14
      13
      13
      14
      10
      15
      16
      11
      13
      16
      11
      12
      10
       6
       9
      10
      12
      22
      21
      17
      27
      22
       9
      14
      14
      16
      18
      10
       8
       9
      18
      15
      13
      13
       9
      10
      12
      27
      26
      30
      46
      29
      18
      16
      12
      15
       9
       5
      13
      18
      13
      16
       7
      11
       7
      10
      13
       9
      10
      13
       9
      15
      11
       7
      12
       9
       9
       7
      15
      12
       5
      13
       8
       7
      13
      10
      11
      13
      11
       7
       4
      14
      11
      18
      24
      23
      19
      17
       8
      10
      10
       8
      13
       7
       2
      10
      21
      14
       7
       8
      12
      13
       6
       9
       6
      11
       9
      16
       6
      17
       9
       9
      16
       8
       7
      11
      10
       4
       7
      15
       4
       3
       9
       8
       8
       6
       9
       9
      17
      20
      27
      32
      22
      16
      11
       5
      10
       4
      13
       4
       4
       5
       6
      10
       3
       6
      10
       6
      13
       7
       7
       9
      14
       6
       6
      13
       5
       8
       7
       7
      15
      14
      11
       5
      12
       5
      14
      11
       5
       2
       5
      11
       5
      11
       5
      11
       5
       6
       8
       7
       6
       3
      10
       8
       8
       6
       8
       4
       6
       6
       6
       5
      10
       7
       8
       2
       5
       5
       3
       7
       7
       9
       5
       6
       7
       7
       7
       7
       7
       5
       3
       1
       3
       7
       5
       9
      13
       4
       3
       5
       8
       5
       6
      11
       9
       2
       7
       2
       4
      11
       7
      11
       5
       5
       2
       3
      12
       6
       8
       7
       4
       6
       7
       5
       7
       3
       4
       2
       4
       6
       6
       4
      10
       4
       6
       4
       9
       6
       5
       3
       4
       4
       5
       7
       6
       5
       7
      14
       4
       7
       6
       1
       9
       8
       5
       8
       8
      11
       6
       5
      11
       1
       7
       9
       8
       4
       8
       5
       4
       2
       5
       3
       5
       2
       9
       4
       8
       1
       3
       5
       2
       6
       4
       3
       7
       4
       8
       3
       9
       6
       6
       5
       5
       6
       2
      10
       4
      10
       6
       5
       0
       3
       5
       3
       8
       9
       6
       3
       7
       4
       2
       3
       2
       5
       6
       4
       3
       4
       5
       4
      10
       6
       7
       3
       3
       3
       6
       8
       6
       5
       2
       8
       2
      12
       2
       4
       8
       2
       0
       7
       6
       3
       2
       6
       4
       2
       3
       4
       2
       5
       2
       5
       5
       8
       7
       5
       2
       3
       5
       5
       3
       4
       6
       7
       1
       3
       3
       4
       4
       6
       1
       4
       7
       8
       4
       9
       6
       3
       2
       2
       1
       5
       7
       1
       1
       2
       5
       4
       3
       4
       2
       3
       5
       6
       4
       5
       5
       6
       3
       4
       3
       5
       4
       4
       6
       4
      10
      21
      13
      10
       9
       5
       2
       2
       3
       7
       2
       3
       4
       4
       8
       6
       4
       1
       4
       4
       1
       4
       5
       2
       7
       2
       2
       3
       3
       4
       7
       3
       6
       3
       6
       3
       7
       8
       5
      11
       4
       6
       5
       6
       2
       2
       3
       4
       3
       8
       4
       3
       4
       1
       2
       5
       2
       7
       1
       4
       7
       6
       8
       2
       6
       5
       5
       2
       7
       1
       2
       4
       3
       4
       7
       5
      11
      14
       9
       5
       4
       5
       3
       5
       2
       5
       4
       5
       2
       3
       5
       5
       4
       4
       3
       7
       3
       3
       5
       3
       3
       2
       3
       6
       2
       3
       5
       2
       4
       4
       7
       5
      11
       7
       6
       5
       1
       3
       1
       1
       3
       4
       2
       1
       1
       3
       3
       2
       6
       2
       0
       3
       2
       6
       5
       5
       3
       4
       6
       5
       4
       3
       1
       4
       4
       2
       2
       5
       7
       4
       2
       5
       3
       1
       3
       3
       2
       5
       3
       3
       3
       2
       0
       3
       5
       5
       4
       4
       7
       1
       2
       4
       3
       5
       5
       3
       2
       6
       3
       6
       5
       4
       3
       3
       4
       2
       3
       5
       1
       2
       2
       5
       7
       1
       5
       3
       3
       4
       4
      10
       6
       1
       5
       1
       0
       1
       2
       3
       2
       1
       3
       3
       6
       3
       5
       3
       0
       0
       1
       4
       5
       3
       3
       4
       2
       3
       0
       0
       3
       3
       2
       2
       6
       5
       4
       5
       2
       1
       1
       3
       2
       4
       2
       2
       5
       4
       5
       3
       4
       3
       3
       0
       5
       4
       0
       2
       1
       1
       4
       1
       4
       4
       5
       4
       6
       2
       3
       5
       2
       1
       1
       2
       7
       9
       3
       0
       2
       3
       4
       2
       4
       2
       0
       5
       5
       1
       4
       4
       8
       2
       3
       3
       3
       6
       4
       4
       9
      21
      12
       4
       5
       3
       5
       4
       1
       4
       4
       1
       6
       7
       3
       0
       1
       5
       4
       1
       1
       3
       2
       2
       1
       0
       5
       5
       3
       4
       3
       1
       8
       8
       3
       8
       4
       4
       2
       1
       5
       1
       3
       4
       3
       5
       3
       2
       3
       2
       0
       3
       3
       5
       4
       5
       2
       5
       0
       5
       2
       1
       5
       2
       4
       6
      14
      18
      21
      13
       9
       6
       5
       0
       5
       2
       1
       3
       4
       1
       2
       3
       2
       2
       6
       1
       1
       2
       4
       2
       2
       2
       2
       2
       7
       0
       3
       2
       3
       3
       4
       2
       5
       2
       1
       4
       3
       3
       1
       5
       0
       1
       0
       2
       2
       4
       1
       3
       1
       2
       1
       3
       2
       1
       3
       3
       3
       1
       5
       4
       2
       4
       2
       3
       2
       7
       2
       1
       3
       2
       1
       1
       6
       2
       0
       2
       3
       2
       2
       3
       3
       2
       1
       2
       1
       2
       0
       3
       0
       4
       1
       3
       2
       1
       2
       2
       3
       2
       4
       2
       4
       0
       0
       1
       2
       0
       3
       3
       2
       1
       2
       2
       1
       8
       2
       0
       2
       4
       2
       1
       1
       4
       3
       5
       1
       1
       1
       2
       3
       3
       3
       2
       3
       5
       4
       3
       3
       4
       0
       2
       2
       5
       1
       3
       1
       5
       2
       3
       0
       3
       3
       5
       0
       2
       3
       1
       1
       2
       2
       0
       2
       4
       4
       2
       3
       1
       1
       2
       1
       1
       2
       1
       1
       0
       0
       0
       2
       3
       1
       0
       1
       3
       5
       3
       2
       2
       5
       1
       2
       4
       4
       1
       2
       3
       3
       3
       1
       2
       3
       1
       2
       4
       2
       2
       1
       2
       2
       1
       4
       4
       0
       2
       1
       0
       1
       1
       2
       1
       2
       6
       3
       2
       0
       3
       3
       0
       2
       2
       3
       3
       2
       0
       1
       2
       2
       1
       2
       5
       3
       1
       2
       4
       2
       2
       1
       2
       0
       0
       1
       1
       0
       3
       1
       3
       1
       1
       1
       1
       0
       5
       2
       2
       1
       0
       1
       5
       2
       2
       1
       1
       5
       1
       4
       1
       4
       0
       5
       3
       4
       1
       1
       2
       1
       2
       0
       1
       4
       1
       3
       2
       3
       2
       3
       1
       1
       1
       3
       0
       2
       2
       2
       4
       1
       1
       2
       1
       1
       1
       1
       2
       3
       3
       1
       1
       2
       3
       4
       4
       0
       3
       2
       2
       2
       2
       2
       3
       2
       2
       2
       1
       1
       4
       1
       1
       0
       2
       2
       3
       0
       3
       2
       2
       2
       3
       0
       2
       1
       2
       0
       2
       6
       2
       3
       1
       2
       1
       1
       3
       2
       3
       2
       2
       1
       1
       0
       0
       2
       1
       4
       3
       0
       1
       3
       3
       1
       1
       1
       1
       6
       5
       3
       4
       1
       0
       2
       3
       1
       1
       1
       2
       1
       1
       2
       2
       2
       1
       4
       6
       2
       2
       2
       4
       1
       1
       4
       2
       3
       4
       1
       3
       3
       3
       1
       2
       1
       0
       4
       3
       1
       0
       1
       2
       1
       1
       4
       1
       2
       5
       2
       1
       1
       3
       3
       1
       1
       1
       4
       0
       2
       0
       1
       4
       3
       4
       1
       2
       0
       2
       1
       3
       2
       3
       3
       1
       1
       1
       4
       0
       4
       2
       1
       1
       1
       3
       2
       1
       2
       0
       2
       4
       1
       2
       1
       3
       4
       3
       5
       3
       3
       1
       1
       1
       2
       0
       1
       2
       1
       2
       4
       2
       0
       1
       1
       1
       2
       1
       2
       0
       1
       1
       1
       3
       1
       3
       1
       1
       4
       0
       1
       3
       2
       1
       2
       2
       3
       3
       2
       0
       0
       1
       1
       2
       2
       0
       4
       4
       0
       2
       2
       0
       1
       0
       4
       1
       0
       0
       1
       1
       0
       2
       1
       0
       0
       1
       0
       2
       1
       1
       0
       4
       0
       2
       1
       0
       1
       1
       2
       5
       1
       1
       0
       1
       2
       2
       1
       0
       1
       0
       1
       3
       0
       0
       0
       0
       2
       0
       4
       1
       4
       3
       4
       2
       1
       1
       3
       2
       1
       2
       6
       0
       0
       1
       3
       1
       2
       2
       1
       1
       2
       1
       1
       0
       0
       1
       0
       2
       2
       2
       2
       4
       0
       0
       1
       2
       2
       0
       2
       1
       2
       0
       2
       2
       0
       1
       0
       1
       2
       0
       3
       0
       1
       1
       1
       0
       1
       2
       1
       1
       0
       0
       3
       3
       0
       2
       2
       2
       1
       0
       1
       3
       3
       2
       1
       1
       3
       2
       1
       0
       0
       2
       1
       1
       0
       1
       3
       1
       1
       1
       1
       1
       3
       2
       2
       0
       0
       0
       1
       0
       2
       3
       0
       0
       4
       2
       0
       1
       3
       8
       9
      12
      13
      10
       1
       1
       2
       1
       2
       1
       0
       1
       5
       3
       0
       1
       2
       1
       0
       2
       2
       4
       1
       2
       0
       4
      10
       2
       9
       1
       2
       1
       1
       3
       1
       1
       0
       1
       4
       3
       2
       0
       1
       0
       3
       1
       1
       2
       1
       2
       1
       3
       1
       0
       2
       0
       1
       3
       3
       2
       1
       2
       3
       2
       0
       1
       3
       3
       1
       1
       0
       0
       1
       1
       1
       1
       2
       1
       0
       2
       1
       1
       5
       6
       4
       3
       2
       1
       1
       1
       3
       2
       0
       1
       1
       1
       3
       0
       1
       3
       0
       0
       1
       1
       1
       2
       2
       1
       2
       2
       5
       1
       1
       0
       2
       0
       0
       2
       0
       0
       1
       2
       2
       3
       0
       0
       1
       0
       1
       0
       0
       2
       1
       3
       1
       3
       2
       3
       0
       0
       2
       3
       1
       3
       2
       4
       2
       1
       1
       2
       2
       0
       2
       3
       2
       1
       0
       1
       0
       3
       1
       3
       0
       0
       1
       3
       1
       1
       0
       2
       2
       3
       5
       2
       1
       1
       1
       0
       1
       1
       1
       2
       0
       1
       0
       1
       1
       1
       2
       0
       0
       2
       0
       1
       1
       1
       0
       1
       2
       0
       1
       1
       3
       3
       2
       0
       2
       3
       1
       0
       2
       1
       5
       6
       7
       5
       5
       5
       5
       0
       5
       6
       8
      14
      14
       7
       9
       4
       4
       1
       4
       1
       4
       2
       3
       2
       1
       0
       1
       1
       3
       1
       1
       1
       1
       0
       2
       0
       1
       1
       2
       2
       0
       1
       0
       1
       0
       1
       1
       1
       2
       5
       2
       0
       0
       1
       1
       1
       0
       0
       1
       3
       2
       0
       1
       0
       0
       1
       1
       2
       0
       1
       0
       1
       1
       0
       3
       1
       0
       1
       0
       2
       0
       0
       2
       0
       0
       1
       1
       0
       1
       1
       0
       1
       0
       1
       1
       0
       1
       1
       0
       5
       2
       0
       1
       2
       1
       4
       2
       0
       3
       2
       1
       0
       2
       1
       3
       0
       0
       3
       0
       0
       1
       1
       0
       1
       0
       0
       0
       1
       1
       1
       1
       2
       1
       1
       5
       1
       1
       0
       0
       1
       0
       1
       1
       2
       1
       1
       1
       0
       1
       1
       0
       1
       1
       2
       2
       3
       2
       4
       0
       1
       3
       0
       3
       1
       1
       2
       0
       0
       2
       0
       1
       1
       1
       0
       1
       3
       1
       2
       2
       2
       2
       1
       0
       1
       0
       2
       1
       2
       2
       2
       0
       0
       0
       1
       0
       0
       1
       1
       2
       1
       0
       3
       0
       1
       0
       3
       0
       1
       0
       0
       0
       1
       0
       1
       1
       0
       1
       1
       0
       0
       0
       0
       0
       0
       3
       1
       1
       1
       1
       2
       0
       2
       1
       4
       3
       0
       1
       1
       0
       1
       0
       1
       0
       2
       2
       2
       1
       1
       0
       1
       0
       1
       1
       0
       1
       0
       1
       0
       1
       0
       0
       1
       2
       0
       0
       1
       0
       1
       1
       1
       1
       0
       1
       2
       1
       0
       1
       0
       0
       2
       3
       2
       0
       1
       0
       1
       1
       2
       2
       0
       0
       0
       1
       3
       0
       1
       0
       2
       0
       1
       2
       1
       1
       0
       0
       1
       0
       1
       0
       2
       1
       1
       0
       0
       1
       2
       0
       0
       0
       0
       1
       0
       0
       0
       1
       1
       0
       0
       1
       1
       0
       2
       1
       0
       0
       0
       1
       1
       0
       1
       2
       1
       2
       1
       0
       0
       1
       0
       0
       2
       1
       0
       0
       0
       2
       0
       2
       1
       1
       3
       2
       1
       0
       0
       1
       0
       2
       1
       2
       2
       2
       0
       0
       0
       1
       1
       0
       3
       2
       3
       0
       0
       1
       2
       2
       1
       3
       1
       1
       0
       0
       0
       1
       1
       1
       1
       1
       2
       1
       0
       3
       3
       1
       5
       5
       2
       6
       8
       6
       2
       2
       3
       0
       1
       0
       0
       1
       1
       0
       1
       1
       2
       2
       1
       2
       0
       0
       1
       1
       1
       0
       0
       0
       0
       0
       0
       0
       0
       0
       0
       0
       0
       0
       0
       0
       0
       2
       2
       2
       0
       1
       0
       0
       1
       1
       2
       2
       1
       0
       1
       1
       1
       0
       0
       0
       0
       1
       1
       0
       0
       2
       0
       0
       2
       1
       1
       1
       1
       0
       1
       1
       1
       0
       3
       1
       0
       2
       3
       2
       0
       1
       3
       1
       0
       0
       2
       1
       0
       0
       0
       0
       1
       0
       1
       2
       1
       1
       0
       0
       0
       0
       0
       0
       0
       1
       0
       0
       0
       1
       0
       2
       1
       1
       0
       0
       1
       1
       1
       1
       2
       0
       0
       1
       0
       0
       0
       1
       0
       1
       1
       2
       6
       7
       3
       3
       2
       0
       0
       1
       2
       0
       2
       2
       2
      10
       5
       5
       0
       1
       0
       0
       1
       1
       1
       3
       0
       1
       2
       0
       1
       1
       0
       1
       0
       0
       2
       1
       3
       0
       1
       0
       0
       1
       0
       0
       2
       2
       0
       0
       1
       1
       0
       1
       3
       1
       0
       1
       2
       1
       0
       2
       0
       0
       1
       2
       1
       0
       2
       0
       2
       2
       0
       2
       1
       0
       1
       2
       0
       0
       1
       1
       0
       2
       1
       1
       1
       0
       1
       0
       3
       2
       0
       0
       0
       0
       0
       0
       0
       0
       0
       0
       0
       1
       0
       0
       0
       0
       0
       1
       1
       3
       1
       4
       0
       1
       1
       1
       0
       0
       0
       0
       1
       2
       0
       2
       1
       2
       0
       1
       1
       2
       0
       0
       1
       0
       2
       0
       0
       2
       0
       0
       0
       1
       1
       0
       0
       0
       0
       0
       2
       0
       2
       2
       0
       1
       0
       1
       0
       0
       2
       2
       0
       0
       0
       0
       2
       0
       4
       3
       2
       1
       3
       1
       0
       0
       1
       0
       2
       2
       0
       0
       1
       0
       0
       0
       0
       2
       0
       1
       1
       0
       1
       1
       0
       1
       0
       1
       0
       0
       0
       0
       2
       1
       2
       1
       0
       0
       1
       0
       0
       1
       0
       2
       1
       3
       1
       0
       1
       0
       0
       0
       0
       0
       0
       0
       2
       0
       0
       0
       0
       1
       0
       1
       0
       1
       0
       0
       2
       0
       2
       0
       0
       0
       1
       0
       0
       0
       0
       1
       0
       0
       0
       1
       3
       5
       3
       3
       1
       0
       1
       0
       0
       1
       0
       0
       1
       0
       0
       0
       0
       0
       1
       1
       0
       0
       1
       0
       0
       2
       3
       1
       0
       2
       0
       1
       0
       0
       0
       0
       1
       0
       0
       0
       0
       0
       0
       0
       1
       0
       0
       3
       0
       1
       1
       0
       2
       0
       1
       0
       0
       0
       0
       1
       0
       0
       0
       0
       0
       0
       0
       0
       1
       2
       0
       0
       0
       1
       0
       1
       0
       1
       0
       0
       0
       0
       0
       0
       0
       0
       0
       0
       0
       0
       0
       0
       1
       0
       1
       0
       0
       0
       0
       2
       1
       0
       1
       3
       2
       1
       1
       2
       1
       1
       0
       0
       0
       0
       1
       0
       0
       0
       0
       0
       0
       0
       1
       0
       0
       0
       0
       0
       0
       0
       0
       0
       0
       1
       0
       1
       0
       0
       0
       0
       1
       1
       0
       0
       0
       2
       0
       0
       0
       1
       2
       0
       0
       1
       1
       0
       3
       8
       5
       0
       1
       1
       1
       1
       0
       0
       0
       2
       0
       0
       0
       0
       0
       1
       0
       0
       3
       0
       2
       0
       1
       0
       1
       0
       0
       0
       0
       0
       0
       0
       1
       0
       1
       0
       0
       1
       1
       0
       0
       0
       1
       0
       1
       1
       0
       1
       0
       0
       0
       0
       0
       1
       0
       1
       0
       0
       1
       0
       0
       0
       1
       0
       1
       0
       0
       0
       0
       0
       0
       0
       0
       1
       0
       0
       0
       0
       1
       1
       0
       0
       1
       0
       1
       0
       0
       1
       0
       0
       0
       1
       0
       0
       0
       0
       0
       0
       0
       1
       0
       0
       1
       0
       0
       0
       0
       0
       0
       0
       0
       1
       1
       0
       0
       2
       2
       0
       1
       0
       0
       1
       0
       0
       0
       0
       0
       0
       0
       0
       0
       1
       2
       0
       1
       0
       0
       0
       0
       0
       0
       0
       0
       0
       0
       0
       0
       1
       1
       1
       1
       0
       0
       0
       0
       0
       1
       0
       0
       0
       0
       0
       0
       0
       1
       0
       0
       0
       0
       0
       0
       1
       0
       0
       0
       0
       0
       1
       1
       1
       0
       0
       0
       0
       0
       0
       1
       0
       0
       1
       0
       0
       0
       4
       1
       1
       0
       2
       0
       0
       0
       0
       0
       0
       1
       0
       0
       2
       0
       0
       0
       0
       0
       0
       1
       0
       0
       0
       0
       0
       0
       0
       0
       0
       0
       0
       0
       0
       0
       0
       0
       0
       0
       1
       0
       0
       1
       1
       0
       0
       1
       0
       0
       0
       0
       0
       0
       0
       1
       0
       0
       1
       0
       1
       1
       0
       1
       0
       0
       0
       1
       1
       1
       0
       1
       1
       0
       0
       0
       0
       0
       0
       0
       0
       0
       0
       0
       0
       0
       0
       1
       0
       0
       0
       0
       0
       0
       0
       2
       0
       0
       0
       0
       1
       0
       0
       2
       0
       0
       1
       0
       0
       1
       0
       0
       0
       0
       0
       1
       0
       0
       1
       0
       1
       0
       0
       1
       0
       1
       0
       2
       0
       2
       4
      12
      14
      20
      30
      25
      18
      11
       7
       4
       1
       1
       0
       1
       0
       0
       0
       0
       0
       0
       0
       0
       0
       0
       0
       0
       0
       0
       0
       1
       1
       0
       0
       0
       0
       0
       0
       0
       0
       0
       0
       0
       0
       0
       0
       0
       0
       0
       0
       0
       0
       1
       1
       0
       0
       0
       0
       0
       0
       1
       0
       0
       0
       0
       0
       0
       0
       0
       0
       0
       0
       0
       0
       0
       0
       0
       0
       0
       1
       1
       0
       1
       0
       0
       0
       0
       0
       0
       0
       0
       0
       0
       0
       0
       1
       0
       1
       0
       0
       0
       0
       0
       0
       0
       0
       1
       0
       0
       0
       2
       0
       0
       0
       0
       1
       0
       0
       0
       1
       0
       0
       0
       0
       1
       0
       1
       0
       1
       1
       0
       0
       0
       0
       0
       0
       0
       0
       0
       0
       0
       0
       0
       0
       0
       0
       0
       0
       0
       0
       0
       0
       0
       0
       0
       0
       0
       0
       1
       0
       0
       0
       0
       0
       0
       0
       0
       1
       1
       0
       0
       0
       1
       0
       0
       0
       1
       1
       0
       1
       0
       0
       0
       0
       0
       0
       0
       0
       2
       0
       0
       0
       0
       0
       0
       0
       0
       0
       0
       0
       0
       0
       0
       0
       1
       0
       0
       0
       0
       0
       0
       0
       0
       0
       0
       0
       1
       0
       0
       0
       0
       0
       0
       0
       0
       0
       0
       0
       0
       0
       1
       1
       1
       0
       0
       0
       0
       0
       0
       1
       0
       0
       1
       0
       0
       0
       0
       0
       0
       0
       0
       0
       1
       0
       0
       0
       0
       1
       0
       0
       0
       0
       1
       0
       1
       0
       0
       0
       0
       1
       0
       0
       1
       0
       0
       0
       0
       0
       0
       0
       0
       0
       0
       0
       1
       0
       1
       0
       0
       0
       0
       0
       0
       0
       0
       1
       0
       0
       0
       0
       0
       0
       0
       0
       1
       0
       0
       0
       1
       0
       0
       0
       2
       1
       1
       0
       0
       1
       0
       0
       0
       0
       0
       0
       0
       0
       0
       0
       0
       0
       0
       0
       0
       0
       0
       0
       0
       0
       0
       0
       0
       1
       1
       1
       0
       0
       0
       0
       0
       0
       0
       0
       0
       0
       1
       0
       0
       0
       0
       0
       0
       0
       0
       0
       0
       0
       0
       1
       0
       0
       0
       0
       0
       0
       0
       0
       0
       0
       0
       0
       0
       0
       0
       0
       0
       0
       0
       0
       0
       0
       0
       0
       1
       0
       1
       0
       0
       0
       0
       1
       0
       0
       0
       0
       0
       0
       0
       0
       0
       0
       0
       0
       0
       0
       0
       0
       0
       0
       0
       1
       0
       0
       0
       1
       0
       0
       0
       0
       0
       0
       1
       0
       0
       0
       0
       0
       0
       0
       0
       0
       1
       0
       0
       0
       0
       0
       0
       0
       0
       0
       0
       0
       0
       0
       0
       0
       0
       0
       0
       0
       0
       0
       0
       0
       0
       0
       0
       0
       0
       0
       0
       0
       0
       0
       0
       0
       0
       0
       0
       0
       0
       0
       0
       0
       0
       0
       0
       0
       1
       0
       0
       0
       0
       0
       0
       0
       0
       0
       0
       0
       0
       0
       0
       0
       1
       0
       0
       0
       0
       0
       0
       0
       0
       0
       0
       3
       0
       1
       0
       0
       0
       0
       1
       0
       0
       0
       0
       0
       0
       0
       0
       0
       0
       0
       2
       0
       0
       0
       0
       0
       0
       0
       0
       0
       0
       0
       0
       0
       0
       0
       0
       0
       0
       0
       1
       1
       0
       0
       0
       0
       0
       0
       1
       1
       0
       0
       0
       0
       0
       0
       1
       0
       1
       0
       0
       0
       0
       0
       0
       0
       0
       0
       0
       0
       0
       0
       0
       0
       0
       0
       1
       0
       0
       0
       0
       0
       1
       0
       0
       0
       0
       0
       0
       0
       0
       0
       1
       0
       1
       0
       0
       0
       0
       2
       0
       1
       0
       0
       0
       0
       0
       0
       0
       0
       0
       0
       0
       0
       0
       0
       0
       0
       0
       0
       0
       0
       0
       0
       0
       0
       0
       1
       0
       0
       0
       0
       0
       0
       0
       0
       1
       0
       0
       0
       0
       1
       0
       0
       0
       1
       0
       0
       0
       0
       0
       0
       0
       0
       0
       0
       0
       0
       0
       0
       0
       0
       0
       1
       0
       0
       0
       0
       0
       0
       0
       0
       0
       1
       1
       0
       1
       0
       0
       0
       0
       0
       0
       0
       0
       1
       0
       0
       0
       0
       0
       0
       0
       0
       0
       0
       0
       0
       0
       0
       1
       0
       0
       0
       0
       0
       0
       0
       0
       0
       0
       1
       0
       1
       0
       0
       0
       0
       0
       0
       0
       0
       0
       0
       0
       0
       0
       0
       0
       0
       0
       0
       1
       0
       0
       0
       0
       0
       0
       0
       0
       0
       0
       0
       0
       0
       0
       1
       0
       0
       0
       0
       0
       0
       0
       0
       0
       0
       1
       0
       1
       1
       0
       0
       0
       1
       1
       5
       4
       2
       0
       1
       1
       0
       3
       0
       0
       0
       0
       0
       0
       1
       0
       0
       0
       0
       0
       0
       0
       0
       0
       0
       0
       0
       0
       1
       0
       0
       0
       0
       0
       0
       0
       0
       0
       0
       1
       0
       0
       0
       0
       0
       0
       0
       0
       0
       0
       0
       0
       0
       0
       0
       0
       0
       1
       0
       0
       0
       0
       0
       0
       0
       0
       0
       0
       0
       1
       0
       0
       0
       0
       0
       0
       0
       0
       0
       0
       0
       0
       0
       0
       0
       0
       0
       0
       0
       0
       0
       0
       0
       0
       0
       0
       0
       0
       0
       0
       0
       0
       0
       1
       0
       0
       0
       1
       0
       0
       0
       0
       0
       0
       0
       0
       0
       0
       0
       0
       0
       0
       1
       0
       0
       0
       0
       0
       0
       0
       0
       0
       0
       1
       0
       0
       0
       0
       0
       0
       0
       0
       0
       0
       0
       0
       0
       0
       0
       0
       0
       1
       0
       0
       0
       1
       0
       0
       0
       0
       0
       0
       0
       0
       0
       1
       0
       0
       0
       0
       0
       0
       0
       0
       0
       0
       1
       0
       0
       0
       0
       0
       0
       0
       0
       0
       0
       0
       1
       0
       0
       0
       0
       0
       1
       0
       0
       0
       0
       0
       0
       0
       0
       0
       1
       0
       0
       0
       0
       0
       0
       0
       1
       0
       0
       0
       0
       0
       0
       0
       0
       0
       0
       0
       0
       0
       0
       0
       0
       0
       0
       0
       1
       0
       0
       1
       1
       0
       0
       0
       0
       0
       0
       0
       0
       0
       0
       0
       0
       0
       0
       0
       0
       0
       0
       0
       0
       0
       0
       0
       0
       0
       2
       0
       0
       0
       0
       1
       0
       0
       0
       0
       0
       0
       0
       0
       0
       0
       0
       0
       0
       0
       0
       0
       0
       0
       0
       0
       0
       0
       1
       0
       0
       0
       0
       0
       0
       0
       0
       0
       0
       0
       0
       0
       0
       0
       0
       0
       0
       0
       0
       0
       0
       0
       0
       0
       0
       0
       0
       0
       0
       0
       0
       0
       1
       0
       0
       0
       0
       0
       0
       0
       0
       2
       0
       1
       0
       0
       0
       0
       0
       0
       0
       0
       0
       0
       1
       0
       1
       0
       0
       0
       0
       0
       0
       0
       0
       0
       0
       0
       0
       0
       0
       0
       0
       0
       0
       0
       0
       0
       0
       0
       0
       0
       0
       0
       0
       0
       0
       0
       0
       1
       0
       0
       0
       0
       0
       0
       0
       0
       0
       0
       0
       1
       2
       0
       0
       0
       0
       1
       0
       0
       0
       0
       0
       0
       0
       1
       0
       0
       0
       0
       0
       0
       0
       0
       0
       0
       0
       0
       0
       0
       0
       0
       0
       1
       0
       0
       0
       0
       0
       0
       0
       0
       0
       0
       0
       0
       0
       0
       0
       0
       0
       0
       1
       0
       0
       0
       0
       0
       0
       0
       0
       0
       0
       0
       0
       0
       0
       0
       0
       0
       0
       0
       0
       0
       0
       0
       0
       0
       0
       0
       0
       1
       1
       0
       0
       0
       0
       0
       0
       0
       1
       0
       0
       0
       0
       0
       0
       0
       0
       0
       0
       0
       0
       0
       0
       0
       0
       0
       0
       0
       0
       0
       0
       0
       0
       0
       0
       0
       1
       0
       0
       0
       0
       0
       1
       0
       0
       0
       1
       0
       0
       0
       0
       0
       0
       0
       0
       0
       0
       0
       0
       0
       0
       0
       0
       0
       1
       1
       0
       0
       0
       0
       0
       0
       0
       0
       0
       0
       1
       0
       0
       0
       0
       0
       0
       0
       0
       0
       0
       0
       0
       0
       0
       0
       0
       0
       0
       0
       0
       0
       0
       0
       0
       0
       0
       0
       0
       0
       0
       0
       0
       0
       0
       0
       0
       0
       0
       1
       0
       0
       0
       0
       0
       0
       0
       0
       0
       0
       0
       0
       0
       0
       0
       0
       0
       0
       0
       0
       0
       0
       0
       0
       0
       0
       0
       0
       0
       0
       0
       0
       0
       0
       0
       0
       0
       0
       1
       0
       0
       0
       0
       0
       0
       0
       0
       0
       0
       0
       0
       0
       0
       0
       0
       1
       0
       1
       0
       0
       1
       1
       0
       0
       0
       0
       0
       0
       0
       0
       0
       0
       0
       0
       0
       0
       0
       0
       0
       0
       0
       0
       0
       0
       0
       0
       1
       0
       0
       0
       0
       0
       0
       0
       0
       0
       0
       0
       0
       0
       0
       0
       0
       0
       0
       0
       0
       0
       0
       0
       0
       0
       0
       0
       0
       0
       0
       0
       0
       0
       0
       0
       0
       0
       0
       0
       0
       0
       0
       0
       1
       0
       0
       0
       0
       0
       0
       0
       0
       0
       0
       0
       0
       0
       0
       0
       0
       0
       0
       0
       0
       0
       0
       0
       0
       0
       0
       0
       0
       0
       0
       0
       0
       0
       1
       0
       0
       0
       0
       0
       0
       0
       0
       0
       0
       0
       0
       0
       0
       0
       0
       0
       0
       0
       0
       0
       0
       0
       0
       0
       0
       0
       0
       0
       0
       0
       0
       0
       0
       0
       0
       0
       0
       1
       0
       0
       0
       0
       0
       0
       0
       0
       0
       0
       0
       0
       0
       0
       0
       0
       0
       0
       0
       0
       0
       0
       0
       0
       0
       0
       0
       0
       0
       0
       0
       0
       0
       0
       0
       0
       0
       0
       0
       0
       0
       0
       0
       0
       0
       0
       0
       0
       0
       0
       0
       0
       0
       0
       0
       0
       0
       0
       0
       0
       0
       0
       0
       0
       0
       0
       0
       0
       0
       0
       0
       0
       0
       0
       0
       1
       0
       0
       0
       0
       0
       0
       0
       0
       1
       0
       0
       0
       0
       0
       0
       0
       0
       0
       0
       0
       0
       0
       0
       0
       0
       1
       0
       0
       0
       0
       0
       0
       0
       0
       0
       2
       1
       0
       0
       0
       0
       0
       0
       0
       0
       0
       0
       0
       0
       0
       0
       0
       0
       0
       0
       1
       0
       0
       0
       0
       0
       1
       0
       1
       0
       0
       0
       0
       0
       0
       0
       0
       0
       0
       0
       1
       0
       0
       0
       0
       0
       0
       0
       0
       0
       1
       1
       1
       0
       0
       0
       0
       0
       0
       0
       0
       0
       0
       0
       0
       0
       0
       0
       0
       1
       1
       0
       0
       0
       0
       0
       0
       0
       0
       0
       0
       0
       0
       0
       0
       0
       0
       1
       1
       0
       0
       0
       0
       0
       0
       0
       0
       0
       0
       0
       1
       0
       0
       0
       0
       0
       0
       0
       1
       0
       0
       0
       0
       0
       0
       0
       0
       0
       0
       0
       0
       0
       1
       0
       0
       0
       0
       0
       0
       0
       0
       0
       0
       0
       0
       1
       0
       0
       0
       0
       0
       0
       0
       0
       0
       0
       0
       0
       0
       0
       0
       0
       0
       0
       0
       0
       0
       0
       0
       0
       0
       0
       0
       0
       0
       0
       0
       0
       0
       0
       0
       0
       0
       0
       0
       0
       0
       1
       0
       0
       0
       0
       0
       0
       0
       0
       0
       0
       0
       0
       0
       0
       1
       0
       1
       0
       0
       0
       0
       0
       0
       0
       0
       0
       0
       0
       0
       0
       0
       0
       0
       0
       0
       0
       0
       0
       0
       0
       0
       2
       0
       0
       0
       0
       0
       1
       2
       0
       1
       0
       0
       1
       0
       0
       0
       0
       0
       0
       0
       0
       0
       0
       0
       0
       0
       0
       0
       0
       0
       0
       0
       0
       0
       0
       0
       0
       0
       0
       0
       0
       0
       0
       0
       0
       0
       0
       0
       0
       0
       0
       0
       0
       0
       1
       0
       1
       1
       0
       0
       0
       0
       0
       0
       0
       0
       0
       0
       0
       0
       0
       0
       0
       0
       1
       0
       0
       0
       0
       0
       0
       0
       0
       0
       1
       0
       0
       0
       1
       0
       0
       0
       0
       0
       0
       0
       0
       0
       0
       0
       0
       0
       0
       0
       1
       0
       0
       0
       0
       0
       0
       0
       0
       0
       0
       0
       1
       0
       0
       0
       0
       0
       0
       0
       0
       0
       0
       0
       0
       1
       0
       0
       0
       0
       0
       0
       0
       1
       0
       0
       0
       0
       0
       0
       0
       0
       0
       0
       1
       0
       0
       0
       0
       0
       0
       0
       0
       1
       0
       0
       0
       0
       0
       0
       0
       0
       0
       0
       0
       0
       0
       0
       0
       0
       0
       0
       0
       0
       0
       1
       0
       0
       0
       0
       0
       0
       0
       0
       0
       0
       0
       0
       0
       0
       0
       0
       0
       0
       0
       0
       0
       0
       0
       1
       0
       0
       0
       0
       0
       0
       0
       0
       0
       0
       0
       0
       0
       0
       0
       0
       0
       0
       0
       0
       0
       0
       0
       0
       0
       0
       0
       0
       0
       0
       1
       0
       0
       0
       0
       0
       1
       0
       0
       0
       0
       1
       0
       0
       0
       0
       0
       0
       0
       0
       0
       0
       0
       0
       0
       0
       0
       0
       0
       0
       0
       0
       0
       0
       0
       1
       0
       0
       0
       0
       0
       0
       0
       0
       0
       0
       0
       0
       0
       0
       0
       0
       0
       0
       0
       0
       0
       0
       0
       0
       0
       1
       0
       0
       0
       0
       0
       0
       0
       0
       0
       0
       0
       0
       0
       0
       0
       0
       0
       0
       0
       0
       0
       0
       0
       0
       0
       0
       0
       0
       0
       0
       0
       0
       0
       0
       0
       0
       0
       0
       0
       0
       0
       0
       0
       0
       0
       0
       0
       0
       0
       0
       0
       1
       0
       0
       0
       0
       0
       0
       0
       0
       0
       0
       0
       0
       0
       0
       0
       0
       0
       0
       0
       0
       0
       0
       0
       0
       0
       0
       0
       0
       0
       0
       0
       0
       0
       0
       0
       0
       0
       0
       1
       0
       0
       0
       1
       0
       0
       0
       0
       0
       0
       0
       0
       0
       0
       0
       0
       0
       0
       0
       0
       0
       0
       0
       0
       0
       0
       0
       0
       1
       0
       0
       0
       0
       0
       0
       0
       0
       0
       0
       0
       0
       0
       0
       0
       0
       0
       0
       0
       0
       0
       1
       0
       0
       0
       0
       0
       0
       0
       0
       0
       0
       0
       0
       0
       0
       0
       0
       0
       0
       0
       0
       0
       0
       0
       0
       0
       0
       0
       0
       0
       0
       0
       0
       0
       0
       0
       0
       0
       0
       0
       0
       0
       0
       0
       0
       0
       0
       0
       0
       0
       0
       0
       0
       0
       0
       0
       0
       0
       0
       0
       0
       0
       0
       0
       0
       0
       0
       0
       0
       0
       0
       0
       0
       0
       0
       0
       0
       0
       0
       0
       0
       0
       0
       0
       0
       0
       0
       0
       0
       0
       0
       0
       0
       0
       0
       0
       0
       0
       0
       0
       0
       0
       0
       0
       0
       0
       0
       0
       0
       0
       0
       0
       0
       0
       1
       0
       0
       0
       1
       0
       0
       0
       0
       0
       0
       1
       0
       0
       0
       0
       0
       0
       0
       0
       0
       0
       0
       0
       0
       0
       0
       0
       0
       0
       0
       0
       0
       0
       0
       0
       0
       0
       1
       0
       0
       0
       0
       0
       0
       0
       0
       0
       0
       0
       0
       0
       0
       0
       0
       0
       0
       0
       0
       0
       0
       1
       0
       0
       0
       0
       0
       0
       0
       0
       1
       0
       0
       1
       0
       0
       0
       0
       0
       0
       0
       0
       0
       1
       0
       0
       0
       0
       0
       0
       0
       0
       0
       1
       0
       0
       0
       0
       0
       0
       0
       0
       0
       0
       0
       0
       0
       0
       0
       0
       0
       0
       0
       1
       0
       0
       0
       0
       0
       0
       0
       0
       0
       0
       0
       0
       0
       0
       0
       0
       0
       0
       0
       0
       0
       0
       0
       0
       0
       1
       0
       0
       0
       0
       0
       0
       1
       0
       0
       0
       0
       0
       0
       0
       1
       0
       0
       1
       0
       0
       0
       0
       0
       0
       0
       0
       0
       0
       0
       0
       0
       0
       0
       0
       0
       0
       0
       0
       0
       0
       0
       0
       0
       0
       0
       0
       0
       0
       0
       0
       0
       0
       0
       0
       0
       0
       0
       0
       0
       0
       0
       0
       0
       0
       0
       0
       0
       0
       0
       0
       0
       0
       0
       0
       0
       0
       0
       0
       0
       0
       0
       0
       0
       0
       0
       0
       0
       0
       0
       0
       0
       0
       0
       0
       0
       0
       0
       0
       0
       0
       0
       0
       0
       0
       0
       0
       0
       0
       0
       0
       0
       0
       0
       0
       0
       0
       0
       0
       0
       0
       0
       0
       0
       0
       0
       0
       0
       0
       0
       0
       0
       0
       0
       0
       0
       0
       0
       0
       0
       0
       0
       0
       0
       0
       0
       0
       0
       0
       0
       0
       0
       0
       0
       0
       0
       0
       0
       0
       0
       0
       0
       0
       0
       0
       0
       0
       0
       0
       0
       0
       0
       0
       0
       0
       0
       0
       0
       0
       0
       0
       0
       0
       0
       0
       0
       0
       0
       0
       0
       0
       0
       0
       0
       0
       0
       0
       0
       0
       0
       0
       0
       0
       0
       0
       0
       0
       0
       0
       0
       0
       0
       0
       0
       0
       0
       0
       0
       0
       0
       0
       0
       0
       0
       0
       0
       0
       0
       0
       0
       0
       0
       0
       0
       0
       0
       0
       0
       0
       0
       0
       0
       0
       0
       0
       0
       0
       0
       0
       0
       0
       0
       0
       0
       0
       0
       1
       0
       0
       0
       0
       0
       0
       0
       0
       0
       0
       0
       0
       0
       0
       0
       0
       0
       0
       0
       0
       0
       0
       0
       0
       0
       0
       0
       0
       0
       0
       0
       0
       0
       0
       0
       0
       0
       0
       0
       0
       0
       0
       0
       0
       0
       0
       0
       0
       0
       0
       0
       0
       0
       0
       0
       0
       0
       0
       0
       0
       0
       0
       0
       0
       0
       0
       0
       0
       0
       0
       0
       0
       0
       0
       0
       0
       0
       1
       0
       0
       0
       0
       0
       0
       0
       0
       0
       0
       0
       0
       0
       0
       0
       0
       0
       0
       0
       0
       0
       0
       0
       0
       0
       5
       1
       3
       1
       2
       1
       2
       0
       2
       0
       2
       0
       0
       0
       0
       0
       0
       0
       0
       0
       0
       0
       0
       0
       0
       0
       0
       0
       0
       0
       0
       0
       0
       0
       0
       0
       0
       0
       0
       0
       0
       0
       0
       0
       0
       0
       0
       0
       0
       0
       0
       0
       0
       0
       0
       0
       0
       0
       0
       0
       0
       0
       0
       0
       0
       0
       0
       0
       0
       0
       0
       0
       0
       0
       0
       0
       0
       1
       0
       0
       0
       0
       0
       0
       0
       0
       0
       0
       0
       0
       0
       0
       0
       0
       0
       0
       0
       0
       0
       0
       0
       0
       0
       0
       0
       0
       0
       0
       0
       0
       0
       0
       0
       0
       0
       0
       0
       0
       0
       0
       0
       0
       0
       0
       0
       0
       0
       0
       0
       0
       0
       0
       0
       0
       0
       0
       0
       0
       0
       0
       0
       0
       0
       0
       0
       0
       0
       0
       0
       0
       1
       0
       0
       0
       0
       1
       0
       0
       0
       0
       0
       0
       0
       0
       0
       0
       0
       0
       0
       0
       0
       0
       0
       0
       0
       0
       0
       0
       0
       0
       0
       1
       0
       0
       0
       0
       0
       0
       0
       0
       0
       0
       0
       0
       0
       1
       0
       0
       0
       0
       0
       0
       0
       0
       0
       0
       0
       0
       0
       0
       0
       0
       0
       0
       0
       0
       0
       0
       0
       0
       0
       0
       0
       0
       0
       0
       0
       0
       0
       0
       0
       0
       0
       0
       0
       0
       0
       0
       0
       0
       0
       0
       0
       0
       0
       0
       0
       0
       0
       0
       0
       0
       0
       0
       0
       0
       0
       0
       0
       0
       0
       0
       0
       0
       0
       0
       0
       0
       0
       0
       0
       0
       0
       0
       0
       0
       0
       0
       0
       0
       0
       0
       0
       0
       0
       0
       0
       0
       0
       0
       0
       0
       0
       0
       0
       0
       0
       0
       0
       0
       0
       0
       0
       0
       0
       0
       0
       0
       0
       0
       0
       0
       0
       0
       0
       0
       0
       0
       0
       0
       0
       0
       0
       0
       0
       0
       0
       0
       0
       0
       0
       0
       0
       0
       0
       0
       0
       0
       0
       0
       0
       0
       0
       0
       0
       0
       0
       1
       0
       0
       0
       0
       0
       0
       0
       0
       0
       0
       0
       0
       0
       0
       0
       0
       0
       0
       0
       0
       0
       0
       0
       0
       0
       0
       0
       0
       0
       0
       0
       0
       0
       0
       0
       0
       0
       0
       0
       0
       0
       0
       0
       0
       0
       0
       0
       0
       0
       0
       0
       0
       0
       0
       0
       0
       0
       0
       0
       0
       0
       0
       0
       0
       0
       0
       0
       0
       0
       0
       0
       0
       0
       0
       0
       0
       0
       0
       0
       0
       0
       0
       0
       0
       0
       0
       0
       0
       0
       0
       0
       0
       0
       0
       0
       0
       0
       0
       0
       0
       0
       0
       0
       0
       0
       0
       0
       0
       0
       0
       0
       0
       0
       0
       0
       0
       0
       0
       0
       0
       0
       0
       0
       0
       0
       0
       0
       0
       0
       0
       0
       0
       0
       0
       0
       0
       0
       0
       0
       0
       0
       0
       0
       0
       0
       0
       0
       0
       0
       0
       0
       0
       0
       0
       0
       0
       0
       0
       0
       0
       0
       0
       0
       0
       0
       0
       0
       0
       0
       0
       0
       0
       0
       0
       0
       0
       0
       1
       0
       0
       0
       0
       0
       0
       0
       0
       0
       0
       0
       0
       0
       0
       0
       0
       0
       0
       0
       0
       0
       0
       0
       0
       0
       0
       0
       0
       0
       0
       0
       0
       0
       0
       0
       0
       0
       0
       0
       0
       0
       0
       0
       0
       0
       0
       0
       0
       0
       0
       0
       0
       0
       0
       0
       0
       0
       0
       0
       0
       0
       0
       0
       0
       0
       0
       0
       0
       0
       0
       0
       0
       0
       0
       0
       0
       0
       0
       0
       0
       0
       0
       0
       0
       0
       0
       0
       0
       0
       0
       0
       0
       0
       0
       0
       0
       0
       0
       0
       0
       0
       0
       0
       0
       0
       0
       0
       0
       0
       0
       0
       0
       0
       0
       0
       0
       0
       0
       0
       0
       0
       0
       0
       0
       0
       0
       0
       0
       0
       0
       0
       0
       0
       0
       0
       0
       0
       0
       0
       0
       0
       0
       0
       0
       0
       0
       0
       0
       0
       0
       0
       0
       0
       0
       0
       0
       0
       0
       0
       0
       0
       0
       0
       0
       0
       0
       0
       0
       0
       0
       0
       0
       0
       0
       0
       0
       0
       0
       0
       0
       0
       0
       0
       0
       0
       0
       0
       0
       0
       0
       0
       0
       0
       0
       0
       0
       0
       0
       0
       0
       0
       1
       0
       1
       0
       0
       0
       0
       0
       0
       0
       0
       0
       0
       0
       0
       0
       0
       0
       0
       0
       0
       0
       0
       0
       0
       0
       0
       0
       0
       0
       0
       0
       0
       0
       0
       1
       0
       0
       0
       0
       0
       0
       0
       0
       0
       0
       0
       0
       0
       0
       0
       0
       0
       0
       0
       0
       0
       1
       0
       0
       0
       0
       0
       0
       0
       0
       0
       0
       1
       0
       0
       0
       0
       0
       0
       0
       0
       0
       0
       0
       0
       0
       0
       0
       0
       0
       0
       0
       0
       0
       0
       0
       0
       0
       0
       0
       0
       0
       0
       0
       0
       0
       0
       0
       0
       0
       0
       0
       0
       0
       0
       0
       0
       0
       0
       0
       0
       0
       0
       0
       0
       0
       0
       0
       0
       0
       0
       0
       0
       0
       0
       0
       0
       0
       0
       0
       0
       0
       0
       1
       0
       0
       0
       0
       0
       0
       0
       0
       0
       0
       0
       0
       0
       0
       0
       0
       0
       0
       0
       0
       0
       0
       0
       0
       0
       0
       0
       0
       0
       0
       0
       0
       0
       0
       0
       0
       0
       0
       0
       0
       0
       0
       0
       0
       0
       0
       0
       0
       0
       0
       0
       0
       0
       0
       0
       0
       0
       0
       0
       0
       0
       0
       0
       0
       0
       0
       0
       0
       0
       0
       0
       0
       0
       0
       0
       0
       0
       0
       0
       0
       0
       0
       0
       0
       0
       0
       0
       0
       0
       0
       0
       0
       0
       0
       0
       0
       0
       0
       0
       0
       0
       0
       0
       0
       0
       0
       0
       0
       0
       0
       0
       0
       0
       0
       0
       0
       0
       0
       0
       0
       0
       0
       0
       0
       0
       0
       0
       0
       0
       0
       0
       0
       0
       0
       0
       0
       0
       0
       0
       0
       0
       0
       0
       0
       0
       0
       0
       0
       0
       0
       0
       0
       0
       0
       0
       0
       0
       0
       0
       0
       0
       0
       0
       0
       0
       0
       0
       0
       0
       0
       0
       0
       0
       0
       0
       0
       0
       0
       0
       0
       0
       0
       0
       0
       0
       0
       0
       0
       0
       0
       0
       0
       0
       0
       0
       0
       0
       0
       0
       0
       0
       1
       0
       0
       0
       0
       0
       0
       0
       0
       0
       0
       0
       0
       0
       0
       0
       0
       0
       0
       0
       0
       0
       0
       0
       0
       0
       0
       0
       0
       0
       0
       0
       0
       0
       0
       0
       0
       0
       0
       0
       0
       0
       0
       0
       0
       0
       0
       0
       0
       0
       0
       0
       0
       0
       0
       0
       0
       0
       0
       0
       0
       0
       0
       0
       0
       0
       0
       0
       0
       0
       0
       0
       0
       0
       0
       0
       0
       0
       0
       0
       0
       0
       0
       0
       0
       0
       0
       0
       0
       0
       0
       0
       0
       0
       0
       0
       0
       0
       0
       0
       0
       0
       0
       0
       0
       0
       0
       0
       0
       0
       0
       0
       0
       0
       0
       0
       0
       0
       0
       0
       0
       0
       0
       0
       0
       0
       0
       0
       0
       0
       0
       0
       0
       0
       0
       0
       0
       0
       0
       0
       0
       0
       0
       0
       0
       0
       0
       0
       0
       0
       0
       0
       0
       0
       0
       0
       0
       0
       0
       0
       0
       0
       0
       0
       0
       0
       0
       0
       0
       0
       0
       0
       0
       0
       0
       0
       0
       0
       0
       0
       0
       0
       0
       0
       0
       0
       0
       0
       0
       0
       0
       0
       0
       0
       0
       0
       0
       0
       0
       0
       0
       0
       0
       0
       0
       0
       0
       0
       0
       0
       0
       0
       0
       0
       0
       0
       0
       0
       0
       0
       0
       0
       0
       0
       0
       0
       0
       0
       0
       0
       0
       0
       0
       0
       0
       0
       0
       0
       0
       0
       0
       0
       0
       0
       0
       0
       0
       0
       0
       0
       0
       0
       0
       0
       0
       0
       0
       0
       0
       0
       0
       0
       0
       0
       0
       0
       0
       0
       0
       0
       0
       0
       0
       0
       0
       0
       0
       0
       0
       0
       0
       0
       0
       0
       0
       0
       0
       0
       0
       0
       0
       0
       0
       0
       0
       0
       0
       0
       0
       0
       0
       0
       0
       0
       0
       0
       0
       0
       0
       0
       0
       0
       0
       0
       0
       0
       0
       0
       0
       0
       0
       0
       0
       0
       0
       0
       0
       0
       0
       0
       0
       0
       0
       0
       0
       0
       0
       0
       0
       0
       0
       0
       0
       0
       0
       0
       0
       0
       0
       0
       0
       0
       0
       0
       0
       0
       0
       0
       0
       0
       0
       0
       0
       0
       0
       0
       0
       0
       0
       0
       0
       0
       0
       0
       0
       0
       0
       0
       0
       0
       0
       0
       0
       0
       0
       0
       0
       0
       0
       0
       0
       0
       0
       0
       0
       0
       0
       0
       0
       0
       0
       0
       0
       0
       0
       0
       0
       0
       0
       0
       0
       0
       0
       0
       0
       0
       0
       0
       0
       0
       0
       0
       0
       0
       0
       0
       0
       0
       0
       0
       0
       0
       0
       0
       0
$ROI:
0
$PRESETS:
Real Time
180
0
$ENER_FIT:
0.888569 0.390988
$MCA_CAL:
3
8.885689E-001 3.909876E-001 3.191953E-008 keV
$SHAPE_CAL:
3
0.000000E+000 0.000000E+000 0.000000E+000
