$SPEC_ID:
1
$SPEC_REM:
DET# 2
DETDESC# MCB 130 Normal
AP# Maestro Version 7.01
$DATE_MEA:
09/28/2019 13:16:48
$MEAS_TIM:
175 180
$DATA:
0 8191
       0
       0
       0
       0
       0
       0
       0
       0
       0
       0
       0
       0
       0
       0
       0
       0
       0
       0
       0
       0
       0
       0
       0
       0
       0
       0
      19
     692
     220
     125
     149
     201
     242
     243
     181
     171
     206
     210
     233
     278
     278
     259
     205
     214
     185
     168
     157
     166
     180
     196
     162
     169
     167
     140
     140
     135
     118
     134
     153
     168
     204
     168
     157
     153
     162
     166
     138
     176
     208
     235
     355
     381
     278
     216
     244
     252
     328
     326
     254
     191
     196
     214
     178
     180
     190
     169
     208
     320
     459
     715
     747
     438
     219
     181
     164
     189
     171
     196
     181
     195
     203
     297
     310
     267
     226
     188
     171
     167
     148
     133
     147
     145
     157
     120
     161
     139
     145
     174
     140
     129
     162
     164
     142
     182
     224
     304
     262
     183
     154
     169
     155
     131
     177
     150
     144
     170
     133
     172
     173
     149
     164
     182
     187
     242
     373
     398
     307
     191
     166
     142
     176
     173
     151
     170
     172
     193
     171
     179
     176
     167
     181
     170
     150
     146
     175
     174
     171
     174
     173
     169
     174
     182
     198
     179
     193
     185
     169
     175
     180
     188
     182
     200
     150
     205
     194
     203
     202
     188
     201
     242
     254
     238
     215
     187
     238
     200
     217
     205
     200
     218
     203
     203
     233
     209
     326
     504
     502
     294
     202
     192
     200
     214
     219
     233
     219
     240
     200
     201
     210
     206
     223
     224
     196
     212
     193
     231
     205
     207
     209
     213
     248
     267
     288
     238
     254
     206
     209
     223
     252
     361
     412
     432
     303
     207
     223
     214
     214
     216
     271
     467
     600
     530
     404
     326
     299
     249
     221
     210
     197
     244
     224
     227
     261
     359
     353
     278
     221
     199
     255
     324
     390
     326
     224
     214
     223
     204
     226
     204
     206
     196
     207
     261
     286
     251
     305
     249
     219
     199
     187
     190
     211
     228
     244
     227
     212
     230
     231
     234
     233
     236
     199
     202
     195
     182
     198
     196
     170
     209
     203
     194
     191
     178
     201
     193
     204
     178
     204
     186
     213
     229
     185
     177
     181
     174
     208
     158
     163
     177
     192
     197
     170
     189
     183
     194
     198
     189
     159
     168
     196
     210
     194
     194
     166
     193
     161
     183
     178
     190
     184
     178
     179
     165
     177
     167
     188
     192
     461
    1147
    1522
    1183
     497
     227
     170
     145
     154
     164
     153
     163
     174
     185
     218
     257
     176
     169
     161
     141
     137
     148
     138
     164
     173
     168
     166
     176
     187
     206
     167
     169
     150
     135
     143
     134
     143
     133
     140
     141
     135
     173
     162
     127
     140
     160
     150
     136
     135
     155
     150
     162
     125
     158
     139
     131
     140
     147
     158
     159
     156
     152
     156
     145
     129
     147
     149
     131
     126
     123
     142
     148
     154
     116
     137
     123
     138
     128
     120
     138
     112
     136
     149
     140
     133
     131
     129
     139
     147
     126
     125
     111
     132
     105
     148
     121
     125
     132
     143
     118
     127
     115
     153
     134
     140
     187
     217
     169
     137
     133
     133
     127
     134
     128
     128
     126
     136
     123
     162
     138
     139
     120
     126
     145
     119
     123
     123
     106
     109
     126
     129
     107
      96
     119
     123
     119
     120
     150
     114
     106
     105
     114
     121
     140
     131
     117
     118
     142
     142
     106
     122
     111
      92
     112
     124
     121
     109
     130
     135
     118
     108
     108
     115
      92
     124
     109
     108
     106
     136
     124
     112
     105
     108
     119
     101
     107
     102
     109
     127
     121
     122
     127
     107
     110
     103
     127
     101
     110
     100
     112
      85
     100
      93
     118
     112
     106
      89
     101
     103
     117
      99
     109
     104
     121
     106
      81
      91
     128
     125
     103
      84
     103
      88
      85
      79
      98
      96
      76
     108
      92
     106
      83
     110
     100
     133
     294
     615
     828
     603
     306
     146
      93
      95
      87
     120
     148
     123
     129
     108
     103
      78
     104
     113
      92
     100
      89
      99
     100
      92
      91
      89
     111
     101
      95
     114
      90
     106
      83
     105
      81
      89
     103
      97
      88
     110
      76
      84
      65
      71
      71
      94
      84
      87
      78
      79
      83
      74
      91
     104
     210
     739
    1884
    2423
    1772
     726
     205
      92
      80
      68
      83
      82
      70
      94
     104
     105
      94
      79
      62
      64
      63
      58
      76
      75
      79
      67
      60
      71
      76
      62
      61
      88
      84
      83
      79
      91
      90
     112
      88
      90
      77
      80
      72
      76
      81
      97
     122
     158
     116
     100
      73
      80
      67
      69
      87
      68
      75
      80
      78
      77
      69
      78
      67
      57
      70
      88
      77
      70
      74
      87
      79
      64
      74
     111
     142
     128
      92
      76
      63
      79
      73
      76
      82
      74
      64
      61
      66
      69
      68
      72
      81
      77
      80
      72
      65
      80
      85
      53
      77
      62
      63
      86
      84
      96
      79
      72
      74
      79
      66
      56
      65
     101
     162
     372
     612
     585
     384
     158
      68
      82
      75
      67
      78
      84
      69
      60
      81
      87
     102
      89
      79
      58
      69
      57
      63
      50
      65
      59
      69
      54
      69
      64
      59
      68
      89
      73
      77
      63
      75
      68
      79
      69
      74
      68
      78
      73
      54
      63
      64
      43
      72
      62
      55
      54
      62
      75
      63
      57
      57
      78
      59
      57
      68
      85
      97
      79
      75
      54
      61
      67
     113
      92
      92
      72
      65
      66
      53
      64
      61
      62
      63
      59
      55
      53
      66
      65
      64
      56
      72
      64
      66
      52
      58
      69
      58
      87
      79
      67
      51
      65
      56
      61
      61
      58
      55
      65
      65
      55
      66
      75
      81
      68
      58
      56
      56
      65
      54
      60
      67
      63
      68
      75
      55
      59
      65
      80
      80
      72
      64
      62
      61
      53
      70
      61
      46
      72
      51
      73
      60
      61
      55
      61
      55
      58
      53
      52
      53
      47
      74
      71
      89
      94
      75
      82
      94
      83
      75
      52
      59
      59
      55
      48
      63
      72
      92
      85
      57
      70
      59
      54
      49
      50
      52
      60
      48
      51
      41
      60
      39
      63
      52
      42
      54
      51
      59
     108
     147
     184
     138
      81
      57
      51
      58
      46
      51
      60
      52
      42
      43
      40
      43
      45
      38
      49
      57
      60
      55
      51
      58
      54
      33
      51
      45
      41
      67
      32
      41
      46
      38
      48
      37
      48
      58
      32
      43
      51
      41
      42
      49
      47
      45
      38
      49
      56
      43
      33
      42
      50
      46
      49
      53
      47
      30
      44
      49
      53
      30
      38
      32
      53
      40
      49
      43
      45
      47
      35
      51
      38
      46
      48
      43
      46
      46
      49
      45
      48
      44
      49
      52
      36
      45
      40
      39
      45
      41
      46
      44
      39
      39
      43
      44
      54
      30
      47
      41
      50
      34
      48
      57
      40
      45
      44
      38
      47
      56
      42
      47
      45
      39
      47
      51
      45
      45
      47
      48
      52
      34
      45
      38
      43
      42
      41
      33
      43
      34
      46
      35
      51
      53
      44
      48
      47
      54
      66
      47
      41
      46
      42
      37
      40
      44
      29
      49
      31
      38
      37
      36
      53
      57
      45
      49
      37
      39
      39
      42
      40
      35
      45
      38
      40
      46
      45
      38
      29
      39
      40
      33
      44
      42
      45
      43
      43
      44
      52
      46
      38
      44
      58
      47
      35
      48
      44
      30
      53
      50
      49
      46
      43
      46
      45
      36
      54
      32
      43
      52
      45
      45
      32
      46
      35
      42
      36
      44
      42
      37
      37
      48
      43
      44
      42
      47
      38
      38
      50
      44
      44
      42
      46
      46
      44
      37
      48
      32
      37
      45
      41
      42
      44
      34
      50
      46
      38
      43
      38
      49
      29
      40
      43
      39
      41
      42
      45
      31
      45
      38
      33
      38
      41
      37
      41
      53
      50
      38
      45
      54
      41
      34
      34
      47
      45
      34
      37
      42
      51
      46
      41
      35
      38
      27
      49
      34
      33
      48
      38
      46
      44
      38
      37
      40
      34
      39
      44
      39
      38
      33
      36
      37
      37
      32
      37
      31
      35
      38
      41
      39
      29
      46
      31
      30
      36
      46
      43
      44
      32
      41
      30
      37
      37
      41
      51
      48
      68
      56
      40
      35
      41
      35
      35
      51
      52
      41
      41
      39
      37
      23
      29
      31
      28
      28
      33
      42
      27
      27
      43
      34
      49
      72
      59
      57
      47
      35
      37
      35
      31
      32
      27
      37
      30
      39
      26
      22
      24
      31
      39
      25
      29
      29
      42
      38
      46
      55
      35
      48
      57
      73
      50
      45
      43
      36
      44
      53
      40
      56
      38
      51
      38
      36
      26
      29
      27
      35
      23
      35
      27
      33
      26
      33
      33
      32
      33
      28
      40
      30
      38
      28
      23
      32
      33
      32
      39
      41
      73
      84
      66
      59
      52
      40
      35
      26
      23
      37
      61
      74
      55
      52
      35
      41
      87
     186
     453
     745
     726
     506
     243
      85
      42
      33
      27
      21
      30
      38
      23
      27
      28
      41
      40
      30
      36
      52
      60
      51
      56
      33
      35
      34
      24
      20
      21
      26
      28
      31
      27
      27
      26
      20
      28
      23
      29
      21
      39
      34
      37
      39
      58
      47
      46
      22
      27
      32
      32
      22
      25
      23
      25
      24
      22
      33
      29
      37
      29
      23
      30
      31
      62
     124
     235
     318
     319
     188
     100
      39
      28
      17
      25
      19
      18
      21
      28
      29
      34
      33
      26
      26
      17
      22
      17
      18
      20
      15
      25
      24
      24
      21
      35
      30
      26
      18
      17
      22
      16
      26
      19
      15
      19
      17
      19
      26
      29
      14
      30
      20
      20
      26
      20
      17
      16
      20
      11
      11
      20
      19
      26
      28
      15
      31
      18
      21
      16
      24
      19
      26
      18
      18
      20
      15
      18
      28
      24
      23
      21
      23
      13
      16
      17
      17
      16
      21
      22
      24
      24
      19
      11
      21
      25
      16
      12
      17
      20
      15
      20
      21
      19
      17
      22
      18
      18
      20
      23
      21
      18
      20
      21
      22
      16
      17
      14
      16
      19
      12
      24
      19
      19
      16
      16
      16
      30
      32
      29
      30
      17
      19
      17
      21
      16
      21
      16
      17
      20
      12
      35
      37
      57
      42
      42
      38
      35
      22
      19
      12
      20
      14
      21
      15
      18
      14
      19
      11
       8
      22
      13
      17
      11
      13
      13
      20
      20
      27
      23
      26
      22
      20
      16
      33
      22
      17
      19
      18
      17
      16
      12
      16
      17
      15
      14
       8
      12
      14
      19
      17
      12
      17
      23
      20
      18
      16
      28
      47
      44
      48
      50
      25
      20
      16
      12
      20
      16
      19
      14
      17
      11
      11
      12
      15
      10
      13
      19
      28
      14
      12
      11
      10
      13
      13
      14
      14
      13
      13
      12
      13
       5
      16
      12
      19
      12
      13
       5
      11
      14
      12
      15
      16
      14
      12
      13
      14
      17
      14
      17
      17
      15
      11
      28
      13
      24
      44
      58
      48
      34
      32
      21
      16
      17
      16
      13
      16
      40
     106
     275
     489
     627
     537
     293
     124
      51
      21
       4
      11
      16
      12
       8
      15
       9
      18
      19
      35
      41
      31
      38
      25
      20
      33
      75
     159
     227
     250
     154
      93
      43
      23
      24
      21
      16
      22
      22
      16
      10
      17
      11
       9
      16
       7
      10
      14
      21
       8
      13
      20
      17
       9
      10
       7
      11
       9
      16
      13
      18
      11
      16
      12
      12
       6
      13
       9
      15
      12
      13
      12
      19
      13
      23
      11
      13
       5
       8
      14
       8
      11
       9
      15
      12
       9
      12
      12
       8
       7
      13
       8
      10
      10
      13
      16
      12
      12
       8
      10
       9
      14
      11
      16
      12
      19
      16
       7
      13
       7
       8
      15
       7
       6
      10
      15
      10
      11
      12
      11
      23
      10
      17
       9
      11
      11
      14
      20
      35
      13
      17
      11
      13
      14
      16
      13
       7
      10
      16
       7
      16
      12
      10
       8
      14
       8
      11
      13
      11
      19
      13
      10
      10
      10
      14
       9
       9
      10
       9
      12
       5
       8
      15
      17
      12
      24
      30
      21
      37
      24
      21
      22
      19
      26
      21
      11
      16
       9
      16
      23
      18
      33
      21
      18
      19
      19
      15
       7
      12
      21
       4
      14
       8
      10
      10
       7
      17
      11
      10
      10
       4
       9
      10
      14
      12
       8
      17
       5
      13
      13
      19
      38
      58
      47
      35
      21
      13
      15
      18
      75
     172
     368
     451
     447
     290
     169
      66
      23
      11
      16
       7
       4
      17
      11
      20
      21
      23
      57
      78
      80
      55
      39
      20
      18
      13
      13
       8
      16
      11
       8
      15
      15
      10
      12
      14
      24
      21
      23
      16
      13
       8
      12
      10
      14
      10
      10
      12
      10
      11
      11
      15
       8
      11
       8
       7
      12
      16
      10
       8
       9
      11
       7
      11
      11
       9
      10
      17
      15
      13
       7
      13
      14
       5
      11
      45
      76
     129
     184
     143
      97
      62
      30
      24
      14
      14
      12
       8
       8
      13
      17
      20
      17
      22
      17
      11
      14
      10
      12
      14
       9
      11
      13
      13
      11
       8
      12
      12
       8
       7
      10
       9
       9
       7
       7
       9
      10
       5
      15
       4
      12
       7
      11
       9
       8
       5
      10
       9
      12
      12
       4
      11
       6
      15
       7
       8
       8
       5
       6
       5
       8
       7
      11
      13
       6
      10
      10
      14
       9
      10
       9
      12
       5
       9
       8
       8
      12
       5
      10
       5
      13
      11
      13
       9
       6
       5
       3
       8
      10
      13
      11
      16
      10
       9
      10
      19
      14
       8
      17
      30
      17
      22
      18
      13
       6
      12
       9
      10
      19
      15
      11
      16
      10
       8
       3
      11
       7
       7
       5
       6
       9
       8
      11
       9
       9
      13
      12
       9
       4
       9
       7
       7
       3
       7
      10
      10
      13
       7
      10
      11
       2
      11
       6
       6
       1
      12
       9
      14
       7
       9
      12
       7
       6
      11
       6
       9
       4
      10
       8
      10
      11
      13
      19
      21
      15
      17
       5
      10
       9
       5
      12
       6
       7
       7
       9
       8
       9
       5
       8
       5
      14
       4
       3
       9
       8
       5
       8
       8
       8
       3
       6
       7
      10
      11
       6
       8
       4
       8
       8
       5
      13
       7
      13
      13
       8
       7
       2
       4
      11
       7
      13
       7
      14
       8
      14
       9
       8
       6
       5
       9
       6
       5
       5
       8
       8
       9
       7
      11
       8
       3
       7
       8
       8
       6
       8
       6
       6
       3
      10
       9
      11
       8
       8
       5
      11
      15
       7
       4
       9
      10
       8
       8
       7
       3
       7
       2
       6
       5
       9
      16
      15
      30
      23
      18
      19
       9
       8
       6
       6
       8
      18
      15
      19
      20
      12
      14
      13
       7
       4
       5
      10
       4
       5
       6
       7
       7
       8
      11
       7
      11
       1
       9
       7
      10
       6
       7
       9
       9
      13
      12
       8
       4
       8
       2
       8
      12
       9
       8
       5
       9
       8
       7
       5
       8
      10
       7
       6
      10
       8
       4
       7
       6
       4
       6
       6
       5
       5
       5
       6
       5
       5
       9
       7
       7
       4
       7
       5
       6
       2
       1
       4
       7
       6
       8
       4
       3
       7
      12
       9
       7
       5
       7
      11
      13
      11
      13
      10
       9
       6
       5
       7
       8
       8
       7
      10
       4
       2
       8
       6
       7
       6
       2
       4
       5
       7
       8
       7
       3
       6
       9
       7
       5
       6
       3
       4
      12
       9
       8
      13
      14
      19
      15
       9
      12
       5
       6
      10
       8
       7
       8
       5
      10
       3
       5
       5
       7
      11
       7
       4
      11
       9
      12
      15
      15
       9
       8
       7
       8
       5
       2
       3
       3
       9
      11
      10
       4
       6
       8
       6
       7
       9
       4
       2
       9
       1
       8
       4
       2
       5
       7
       3
       8
      13
       8
       8
       6
      11
      12
       6
       8
       7
       4
       8
       8
       4
       7
       6
       4
       8
       6
      11
       8
      21
      38
      24
      26
      21
      12
      10
       4
       3
       9
       9
       5
       7
       6
       0
       7
       5
       1
      10
       2
      12
       7
       9
      15
       9
       5
       4
       4
       5
       9
      17
      15
      18
      10
       6
       6
      10
      10
      11
       6
       8
       9
       6
       7
       5
       6
       8
       8
       6
       4
       9
       7
       1
      10
       2
       5
       4
       6
       5
       4
       5
       6
       3
       3
       2
       4
       6
       9
       8
       3
       2
       3
       6
       7
       3
       2
       6
       7
       5
       9
       9
       7
       7
       8
       6
       5
       6
       3
       8
       3
       6
       7
       6
       4
      10
       6
       9
       5
       9
       6
       5
       5
       9
       3
       6
       5
       3
       7
       9
       5
       5
      12
       6
       4
       2
       8
       9
       4
       6
       5
       4
       3
       4
       2
       6
       6
       7
       6
       3
       7
       5
       5
       3
       4
       5
       4
       2
       4
       1
       5
       2
       7
       4
       6
       2
       4
       4
       6
       7
       4
       7
       7
       7
       6
       4
       3
       8
       5
       4
       4
       2
       7
       3
       5
       5
       5
       2
       3
       6
       6
       3
       7
       4
       6
       8
       6
       9
      18
      27
      56
      91
      91
      62
      46
      22
       4
       1
       5
       4
       6
       3
       5
       6
       2
       4
       4
       7
       3
       3
       6
       5
       5
       8
       5
       2
       4
       4
       6
       8
       5
       4
       4
       4
       5
       7
       6
      11
      15
      15
      14
       8
      11
       6
       5
       6
       6
       3
       4
       7
       4
       7
       5
       5
       4
       5
       7
       3
       5
       4
       4
       3
       4
       6
       8
       4
       3
       5
       3
       5
      11
       8
       1
       7
       7
       3
       4
       8
       4
       2
       7
       6
       5
       3
       4
       6
       5
       3
       6
       2
       3
       5
       6
       3
       2
       4
       6
       4
       5
       6
       4
       5
       3
       2
       7
       6
       5
       4
       5
       2
       2
       5
       4
       2
       3
       4
       6
       5
       5
       4
       3
       1
       7
       5
       2
       6
       6
       4
       2
       4
       5
       6
       6
       6
       0
       6
       5
       5
       8
       5
       5
       4
       3
       1
       4
       9
       5
       3
       2
       6
       7
       7
       5
       4
       8
       4
       2
       2
       9
       6
       2
       2
       5
       3
       5
       5
       3
       4
       3
       1
       2
       1
       5
       3
       4
       5
       3
       6
       3
       6
       1
       5
       2
       6
       4
       2
       3
       3
       6
       4
       3
       4
       7
       5
       3
       1
       5
       3
       5
       5
       9
      12
       6
       7
       5
       3
       6
       5
       2
       7
       2
       4
       8
       3
       5
       2
       3
       6
       2
       7
       1
       1
      10
       4
       4
       5
       7
       5
       3
       5
       6
       7
       5
       5
       7
       2
       4
      10
       3
       5
       4
       6
       1
       4
       4
       5
      10
      10
      10
      17
      10
       6
       5
       8
       9
       6
       7
       5
       6
       3
       3
      12
       6
       5
       3
       4
       3
       3
       6
       4
       6
      10
       5
       9
      13
      23
      33
      23
      18
      16
       7
       5
       5
       5
       8
       5
       1
       7
       6
       7
       2
       7
       1
       6
       1
       5
       1
       5
       3
       3
       3
       3
       5
       3
       5
       4
       5
       6
       9
       4
       1
       5
       1
       4
       7
       8
       5
      14
       9
      11
       9
      16
       6
       1
       3
       3
       6
       5
       4
       0
       3
       4
       2
       5
       4
       3
       3
       4
       4
       3
       4
       4
       1
       2
       6
       1
       4
       5
       3
       5
       4
       1
       3
       3
       6
       4
       5
       4
       4
       2
       4
       4
       3
       7
       6
       3
       3
       5
       5
       3
       7
       3
       0
       4
       4
       6
       4
       4
       5
       9
       3
       7
       8
       4
      11
       9
       3
       3
       0
       5
       4
       5
       6
       9
       6
       7
       7
       7
       5
       2
       6
       4
       5
       6
       3
       5
       3
       1
       1
       1
       5
       5
       2
       2
       3
       6
       5
       3
       7
       1
       4
       7
       2
       3
       4
       7
       5
       7
       3
       5
       7
       2
       6
       3
       2
       0
       2
       4
       4
       5
       2
       3
       3
       4
       3
       6
       4
       4
       2
       3
       5
       3
       3
       5
       4
       6
       4
       3
       2
       3
       2
       2
       4
       1
       5
       4
       5
       6
       6
       4
       4
       4
       7
       2
       4
       2
       3
       3
       3
       1
       4
       4
       3
       5
       3
       4
       2
       1
       3
       2
       4
       4
       4
       3
       2
       4
       2
       6
       1
       3
       2
       4
       5
       4
       2
       3
       6
       6
       3
       2
       4
       6
       3
       3
       5
       2
       2
       3
       4
       3
       1
       4
       4
       5
       3
       4
       2
       2
       2
       3
       7
       8
       3
       2
       4
       3
       2
       4
       2
       1
       3
       2
       6
       4
       4
      12
       5
       6
       3
       5
       2
       4
       3
       4
       2
       3
       3
       4
       2
       4
       3
       2
       4
       5
       4
       2
       2
       1
       4
       2
       5
       1
       2
       0
       2
       1
       1
       1
       3
       2
       2
       3
       1
       5
       4
       1
       1
       5
       2
       7
       3
       1
       3
       3
       4
       3
       4
       4
       4
       1
       3
       5
       6
       5
      17
      24
      38
      36
      22
      16
      11
       2
       3
       0
       3
       2
       8
       3
       3
       1
       3
       1
       1
       0
       2
       2
       4
       0
       3
       3
       1
       2
       2
       3
       5
       5
       6
       2
       2
       3
       2
       4
       3
       2
       5
       2
       9
       5
       7
       4
       4
       1
       2
       0
       3
       2
       7
       2
       3
       2
       3
       7
       4
       1
       1
       2
       0
       2
       6
       2
       3
       2
       2
       4
       5
       3
       1
       4
       1
       2
       2
       0
       6
       2
       3
       6
       4
       2
       5
       5
       4
       5
       2
       2
       7
       5
       5
       3
       6
       5
       5
       9
      10
      11
      11
       7
       5
       4
       4
       2
       7
       6
       1
       4
       2
       3
       5
       2
       4
       1
       4
       3
       4
       2
       1
       0
       4
       2
       2
       1
       3
       2
       1
       3
       1
       2
       1
       3
       4
       4
       6
       4
       1
       5
       1
       2
       1
       0
       2
       0
       1
       2
       2
       3
       3
       4
       0
       0
       3
       3
       3
       0
       0
       1
       2
       1
       5
       3
       1
       0
       5
       3
       1
       4
       1
       2
       3
       3
       4
       3
       2
       1
       3
       5
       1
       2
       5
       2
       7
       4
       4
       5
       7
       4
       5
       4
       2
       6
       1
       2
       0
       4
       2
       2
       1
       1
       2
       5
       4
       4
       1
       0
       1
       3
       3
       1
       2
       1
       0
       1
       1
       4
       2
       1
       3
       2
       2
       1
       3
       2
       0
       2
       4
       1
       3
       5
       4
       1
       0
       1
       1
       6
       1
       0
       2
       5
       2
       2
       2
       1
       4
       2
       3
       3
       0
       0
       3
       2
       4
       1
       5
       1
       4
       2
       2
       3
       2
       2
       4
       4
       2
       3
       4
       3
       2
       3
       3
       1
       2
       2
       2
       5
       2
       3
       1
       0
       2
       3
       3
       2
       3
       7
       1
       7
       3
       3
       5
       4
       4
       3
       4
       1
       2
       0
       2
       2
       0
       5
       3
       4
       1
       3
       2
       3
       2
       3
       3
       2
       2
       6
       3
       6
       2
       0
       5
       2
       1
       3
       2
       5
       1
       3
       1
       1
       1
       3
       1
       3
       3
       0
       2
       1
       0
       2
       0
       0
       4
       3
       3
       1
       3
       1
       0
       3
       8
       1
       2
       4
       4
       8
      11
       5
       6
       4
       1
       6
       3
       1
       3
       2
       1
       2
       1
       2
       4
       2
       3
       2
       4
       4
       6
       0
       1
       2
       3
       6
       1
       1
       3
       0
       2
       3
       0
       0
       0
       4
       3
       4
       2
       3
       4
       2
       2
       0
       2
       3
       2
       6
       1
       2
       2
       2
       1
       2
       1
       1
       1
       1
       2
       3
       1
       0
       0
       0
       0
       3
       0
       1
       2
       2
       4
       4
       1
       3
       2
       1
       4
       0
       2
       1
       2
       4
       1
       2
       2
       3
       1
       3
       2
       1
       1
       1
       1
       0
       3
       2
       2
       1
       2
       3
       0
       1
       2
       0
       1
       1
       1
       2
       2
       0
       2
       3
       2
       1
       7
       2
       1
       2
       0
       1
       2
       0
       1
       0
       2
       1
       2
       0
       3
       3
       1
       1
       2
       3
       5
       1
       0
       2
       2
       1
       3
       1
       0
       1
       1
       2
       1
       2
       3
       7
       6
      12
       7
       3
       5
       9
       4
      15
      21
      17
      31
      13
      19
       7
       6
       3
       2
       3
       3
       1
       3
       0
       0
       2
       2
       3
       2
       1
       2
       4
       2
       0
       0
       3
       0
       1
       1
       2
       3
       2
       2
       0
       2
       1
       1
       2
       2
       3
       0
       2
       1
       2
       1
       0
       3
       2
       1
       1
       1
       0
       0
       2
       0
       3
       0
       2
       1
       1
       3
       0
       0
       0
       2
       0
       0
       0
       4
       2
       1
       1
       3
       0
       1
       0
       3
       0
       1
       0
       1
       0
       1
       0
       1
       1
       1
       0
       2
       1
       2
       2
       0
       0
       1
       1
       0
       2
       2
       4
       1
       0
       1
       0
       0
       1
       3
       3
       1
       2
       3
       0
       0
       0
       1
       1
       2
       1
       3
       4
       2
       0
       2
       1
       1
       3
       1
       2
       1
       1
       0
       1
       2
       0
       2
       0
       0
       3
       0
       1
       3
       0
       0
       0
       2
       2
       0
       0
       2
       1
       3
       0
       0
       1
       1
       0
       2
       2
       1
       1
       1
       3
       3
       0
       1
       2
       2
       3
       1
       2
       1
       0
       1
       1
       2
       4
       2
       3
       1
       0
       1
       1
       2
       1
       1
       1
       1
       1
       2
       0
       2
       1
       0
       1
       2
       1
       3
       1
       1
       1
       0
       0
       1
       1
       0
       2
       0
       1
       1
       0
       0
       0
       1
       2
       3
       1
       1
       0
       0
       1
       0
       3
       0
       0
       1
       3
       3
       4
       2
       3
       1
       3
       1
       1
       0
       1
       0
       0
       1
       0
       3
       0
       0
       1
       0
       0
       0
       0
       0
       3
       1
       1
       0
       1
       1
       2
       1
       5
       1
       1
       0
       0
       1
       1
       0
       0
       1
       0
       1
       1
       0
       1
       1
       3
       1
       2
       2
       1
       3
       1
       2
       0
       0
       0
       0
       2
       0
       0
       1
       0
       1
       2
       0
       0
       1
       2
       0
       0
       1
       0
       0
       0
       2
       0
       1
       2
       0
       0
       1
       1
       1
       2
       0
       1
       0
       0
       2
       1
       3
       2
       1
       0
       2
       1
       0
       0
       0
       0
       0
       2
       1
       0
       1
       1
       0
       0
       3
       0
       1
       0
       1
       0
       2
       4
       8
       8
       8
       8
      17
      13
      15
       8
       2
       1
       2
       0
       0
       1
       4
       0
       2
       0
       0
       1
       3
       2
       2
       1
       1
       1
       1
       1
       0
       1
       2
       1
       0
       0
       1
       1
       1
       3
       2
       1
       1
       1
       0
       1
       1
       0
       1
       1
       0
       0
       1
       1
       0
       0
       1
       1
       0
       5
       3
       0
       0
       2
       2
       0
       0
       0
       0
       2
       0
       1
       0
       0
       1
       1
       0
       0
       1
       1
       0
       1
       0
       1
       0
       1
       1
       0
       1
       1
       1
       0
       0
       2
       0
       2
       0
       1
       0
       1
       2
       0
       0
       0
       1
       0
       0
       0
       2
       1
       0
       2
       0
       2
       1
       1
       0
       0
       0
       1
       0
       0
       0
       1
       0
       0
       0
       0
       2
       0
       1
       1
       1
       1
       3
       0
       0
       0
       0
       0
       0
       0
       0
       0
       1
       1
       0
       0
       2
       0
       0
       1
       0
       0
       1
       1
       0
       2
       1
       0
       1
       1
       0
       0
       2
       0
       2
       0
       0
       2
       0
       1
       3
       0
       0
       0
       0
       1
       0
       0
       0
       2
       0
       1
       0
       1
       2
       0
       0
       0
       0
       3
       0
       1
       0
       0
       0
       0
       0
       0
       1
       1
       1
       0
       0
       1
       1
       0
       0
       2
       2
       0
       1
       2
       9
       5
      14
       9
       3
       5
       3
       2
       0
       4
       1
       1
       0
       0
       0
       0
       0
       0
       0
       2
       1
       0
       1
       0
       2
       0
       1
       1
       0
       0
       0
       2
       0
       0
       0
       1
       1
       1
       0
       3
       1
       0
       0
       0
       0
       0
       1
       0
       0
       0
       0
       2
       0
       0
       0
       0
       1
       0
       2
       0
       1
       0
       1
       0
       1
       1
       0
       1
       0
       1
       1
       1
       1
       3
       3
       4
       1
       3
       2
       0
       0
       0
       1
       0
       0
       0
       1
       0
       0
       0
       0
       0
       0
       0
       0
       0
       0
       0
       0
       0
       0
       0
       0
       0
       0
       1
       0
       0
       2
       0
       0
       0
       0
       0
       1
       1
       0
       2
       1
       0
       0
       1
       0
       1
       0
       1
       0
       0
       1
       0
       0
       2
       3
       2
       0
       1
       1
       1
       2
       0
       0
       1
       1
       0
       2
       0
       1
       1
       0
       0
       0
       0
       0
       0
       1
       0
       0
       0
       0
       0
       0
       0
       0
       0
       1
       1
       0
       1
       0
       1
       0
       1
       0
       0
       1
       1
       0
       1
       2
       0
       0
       0
       2
       1
       2
       2
       0
       1
       3
       1
       1
       0
       1
       1
       3
       0
       0
       1
       1
       1
       2
       0
       0
       0
       3
       2
       0
       1
       0
       2
       0
       0
       0
       1
       0
       1
       1
       1
       1
       0
       0
       0
       4
       1
       1
       4
       4
       2
       1
       0
       1
       2
       0
       0
       0
       0
       0
       0
       0
       1
       0
       0
       1
       0
       0
       0
       0
       1
       0
       1
       0
       2
       0
       1
       0
       0
       1
       0
       0
       1
       0
       0
       0
       0
       0
       0
       0
       1
       1
       1
       1
       0
       2
       0
       1
       0
       0
       0
       0
       0
       0
       0
       2
       1
       0
       0
       1
       2
       3
       4
       4
       4
       4
       4
       3
       3
       0
       1
       2
       0
       0
       0
       0
       0
       1
       0
       0
       0
       0
       0
       1
       0
       1
       2
       0
       0
       0
       1
       0
       2
       1
       0
       0
       0
       2
       0
       2
       1
       0
       0
       0
       0
       0
       0
       1
       0
       1
       1
       0
       0
       0
       0
       0
       0
       1
       1
       0
       0
       0
       0
       0
       1
       1
       1
       1
       0
       0
       0
       1
       0
       0
       0
       0
       1
       1
       0
       0
       0
       0
       0
       0
       0
       0
       0
       1
       0
       0
       0
       1
       0
       1
       1
       0
       1
       0
       0
       0
       0
       0
       1
       0
       0
       0
       0
       0
       0
       2
       0
       0
       0
       2
       0
       1
       0
       1
       1
       0
       0
       1
       0
       2
       0
       0
       0
       1
       1
       0
       1
       0
       0
       1
       1
       0
       0
       0
       0
       0
       0
       1
       0
       0
       0
       0
       0
       1
       3
       1
       0
       1
       0
       1
       0
       0
       0
       1
       1
       0
       0
       0
       0
       0
       1
       0
       0
       0
       0
       0
       2
       1
       0
       0
       1
       0
       0
       0
       0
       0
       0
       0
       2
       0
       0
       0
       0
       0
       0
       0
       0
       0
       0
       0
       0
       0
       1
       1
       1
       0
       1
       0
       0
       0
       0
       0
       0
       0
       1
       0
       0
       1
       0
       1
       0
       1
       0
       0
       0
       2
       0
       2
       1
       0
       0
       0
       1
       0
       2
       0
       1
       0
       0
       0
       0
       1
       1
       1
       0
       0
       1
       0
       0
       0
       2
       0
       0
       0
       0
       0
       0
       0
       1
       1
       0
       0
       0
       1
       1
       0
       0
       1
       0
       0
       0
       0
       0
       0
       0
       2
       0
       1
       0
       1
       1
       0
       1
       0
       0
       0
       0
       0
       1
       0
       0
       3
       0
       0
       0
       0
       0
       0
       0
       0
       0
       0
       0
       1
       1
       0
       0
       0
       1
       0
       0
       1
       1
       0
       1
       0
       0
       0
       0
       0
       0
       0
       1
       0
       0
       1
       1
       0
       1
       0
       1
       0
       4
       4
       1
       1
       2
       2
       2
       1
       0
       0
       1
       0
       1
       1
       0
       1
       0
       1
       0
       0
       0
       1
       0
       0
       0
       0
       0
       0
       2
       0
       0
       0
       0
       1
       0
       0
       0
       0
       0
       0
       0
       0
       0
       0
       0
       0
       1
       1
       0
       0
       0
       2
       1
       1
       0
       0
       1
       0
       0
       0
       0
       0
       0
       0
       0
       0
       0
       0
       0
       0
       1
       0
       0
       0
       0
       1
       0
       1
       0
       0
       1
       0
       1
       0
       0
       0
       0
       0
       0
       0
       0
       0
       0
       0
       0
       0
       0
       0
       0
       0
       1
       0
       1
       0
       0
       1
       0
       0
       0
       0
       0
       0
       1
       1
       0
       0
       0
       0
       0
       0
       0
       0
       1
       0
       0
       0
       0
       0
       0
       1
       0
       0
       0
       0
       0
       1
       1
       0
       0
       0
       0
       2
       0
       0
       0
       0
       0
       0
       0
       0
       1
       0
       0
       0
       1
       0
       1
       0
       0
       0
       1
       0
       0
       0
       0
       1
       0
       0
       0
       0
       0
       0
       0
       0
       1
       2
       0
       0
       0
       0
       0
       0
       0
       0
       0
       0
       0
       0
       0
       0
       0
       0
       0
       2
       0
       0
       0
       0
       1
       1
       0
       0
       0
       1
       0
       0
       0
       0
       0
       0
       1
       0
       0
       1
       1
       0
       0
       1
       1
       4
       2
       1
       2
       1
       0
       0
       0
       1
       0
       0
       0
       1
       0
       0
       0
       0
       0
       0
       1
       0
       1
       1
       0
       1
       1
       0
       0
       0
       1
       1
       0
       0
       0
       1
       2
       0
       1
       0
       0
       0
       0
       0
       0
       0
       1
       0
       0
       0
       0
       0
       1
       0
       0
       0
       0
       0
       0
       0
       0
       1
       1
       0
       0
       1
       0
       1
       0
       0
       0
       0
       0
       0
       0
       2
       0
       0
       0
       0
       0
       0
       0
       0
       0
       0
       0
       0
       0
       1
       0
       0
       0
       0
       0
       0
       0
       0
       0
       0
       0
       0
       0
       0
       0
       0
       0
       1
       1
       0
       0
       0
       0
       2
       4
       1
       0
       0
       0
       1
       0
       0
       0
       0
       0
       0
       1
       0
       0
       0
       0
       1
       0
       0
       0
       0
       0
       0
       0
       0
       0
       0
       0
       1
       0
       0
       0
       0
       0
       0
       0
       0
       0
       0
       1
       0
       0
       0
       0
       0
       1
       0
       0
       0
       0
       0
       1
       0
       1
       0
       0
       0
       1
       0
       0
       0
       0
       1
       0
       0
       0
       0
       0
       0
       1
       0
       1
       0
       0
       0
       0
       0
       1
       1
       0
       0
       1
       0
       0
       1
       0
       0
       0
       1
       0
       0
       0
       0
       0
       0
       1
       0
       0
       0
       0
       1
       0
       1
       1
       0
       0
       1
       0
       0
       0
       0
       1
       0
       0
       0
       0
       1
       0
       0
       0
       0
       0
       0
       0
       0
       0
       0
       0
       0
       0
       1
       0
       0
       1
       0
       0
       0
       0
       0
       0
       0
       0
       2
       1
       0
       0
       0
       1
       0
       0
       1
       0
       0
       0
       0
       1
       0
       0
       0
       0
       0
       0
       0
       0
       0
       0
       0
       0
       0
       0
       0
       0
       1
       0
       0
       0
       0
       1
       1
       0
       0
       0
       1
       1
       0
       0
       0
       0
       1
       0
       0
       1
       0
       1
       0
       0
       0
       0
       0
       0
       0
       0
       0
       0
       0
       0
       0
       0
       0
       0
       0
       0
       1
       0
       0
       0
       0
       0
       0
       0
       0
       0
       0
       0
       0
       0
       0
       0
       0
       0
       0
       0
       1
       0
       0
       0
       0
       0
       0
       0
       0
       0
       1
       0
       0
       0
       0
       0
       0
       0
       0
       0
       0
       0
       0
       0
       0
       0
       0
       0
       0
       0
       0
       0
       0
       1
       0
       0
       2
       0
       0
       0
       0
       0
       0
       0
       0
       0
       0
       0
       1
       0
       0
       0
       0
       0
       0
       0
       0
       0
       0
       0
       1
       0
       0
       0
       1
       0
       0
       0
       0
       0
       0
       0
       0
       0
       0
       0
       0
       0
       2
       1
       0
       0
       0
       0
       1
       0
       1
       0
       0
       0
       0
       1
       0
       0
       0
       0
       0
       0
       0
       0
       0
       0
       0
       0
       2
       0
       0
       1
       0
       0
       0
       0
       0
       0
       0
       0
       0
       1
       0
       1
       0
       0
       0
       0
       0
       0
       0
       1
       0
       0
       0
       0
       0
       0
       1
       0
       0
       0
       0
       1
       0
       0
       0
       0
       0
       1
       1
       0
       0
       0
       0
       0
       0
       0
       0
       0
       0
       0
       1
       0
       0
       0
       0
       0
       1
       2
       1
       1
       1
       0
       1
       0
       0
       1
       0
       0
       0
       0
       0
       0
       0
       0
       0
       0
       0
       0
       0
       1
       0
       0
       1
       0
       0
       0
       0
       0
       0
       0
       0
       1
       0
       0
       0
       0
       0
       0
       1
       0
       0
       0
       0
       1
       1
       0
       0
       0
       0
       0
       0
       0
       0
       1
       0
       0
       1
       0
       0
       0
       0
       0
       0
       1
       0
       0
       0
       0
       0
       0
       0
       0
       0
       0
       0
       0
       0
       0
       0
       0
       0
       0
       0
       0
       1
       0
       0
       0
       1
       0
       0
       0
       1
       0
       0
       0
       0
       0
       0
       0
       0
       0
       2
       0
       0
       0
       2
       1
       0
       0
       0
       0
       0
       1
       0
       0
       1
       0
       0
       0
       1
       0
       0
       0
       0
       0
       0
       0
       0
       0
       0
       0
       0
       0
       0
       0
       1
       0
       0
       0
       1
       0
       0
       1
       0
       0
       0
       0
       0
       0
       0
       2
       0
       0
       0
       1
       0
       0
       0
       0
       1
       0
       0
       0
       0
       0
       1
       0
       0
       0
       1
       0
       0
       0
       1
       0
       0
       0
       0
       0
       0
       0
       0
       0
       0
       1
       0
       0
       0
       0
       0
       1
       0
       0
       0
       0
       0
       0
       1
       0
       0
       0
       1
       0
       0
       0
       0
       0
       0
       0
       0
       0
       0
       0
       1
       0
       0
       0
       0
       0
       0
       0
       0
       0
       0
       0
       0
       0
       0
       0
       0
       0
       0
       1
       0
       0
       0
       0
       0
       0
       0
       1
       0
       0
       0
       0
       0
       0
       0
       0
       0
       0
       0
       0
       0
       0
       0
       0
       0
       0
       0
       0
       0
       0
       0
       0
       0
       0
       0
       0
       0
       0
       0
       1
       0
       0
       1
       0
       1
       0
       0
       0
       1
       0
       1
       0
       0
       0
       0
       0
       0
       0
       1
       0
       0
       0
       0
       0
       1
       0
       0
       0
       0
       1
       0
       0
       0
       0
       0
       0
       0
       1
       0
       0
       0
       0
       0
       0
       0
       1
       0
       0
       0
       0
       0
       0
       0
       0
       2
       0
       0
       0
       1
       0
       0
       0
       1
       0
       0
       1
       0
       0
       0
       0
       0
       0
       0
       0
       1
       0
       0
       0
       0
       0
       0
       0
       0
       1
       1
       0
       0
       0
       0
       1
       1
       0
       0
       0
       0
       0
       0
       0
       0
       0
       0
       1
       0
       0
       0
       0
       0
       0
       0
       0
       0
       0
       0
       0
       0
       0
       0
       1
       0
       0
       1
       0
       0
       0
       0
       0
       0
       0
       0
       0
       0
       0
       0
       0
       0
       1
       1
       0
       0
       0
       1
       0
       0
       1
       0
       0
       0
       0
       0
       0
       0
       0
       0
       0
       0
       0
       0
       1
       0
       0
       0
       0
       0
       0
       0
       0
       0
       0
       0
       0
       0
       0
       0
       0
       0
       0
       0
       0
       0
       0
       0
       0
       0
       0
       0
       2
       0
       1
       0
       0
       0
       0
       0
       0
       0
       0
       0
       0
       0
       0
       0
       0
       0
       0
       0
       2
       0
       0
       0
       0
       0
       0
       0
       0
       0
       0
       0
       0
       1
       0
       0
       0
       0
       0
       0
       0
       0
       0
       0
       0
       0
       0
       1
       1
       0
       0
       0
       0
       0
       0
       0
       0
       0
       0
       0
       1
       0
       0
       0
       0
       0
       0
       0
       1
       0
       0
       0
       0
       0
       0
       0
       1
       0
       0
       0
       0
       0
       0
       0
       0
       0
       0
       0
       1
       0
       0
       0
       0
       0
       0
       0
       0
       0
       0
       0
       0
       0
       0
       0
       1
       0
       0
       0
       0
       0
       0
       0
       0
       0
       0
       0
       0
       0
       0
       0
       0
       0
       0
       0
       0
       0
       0
       0
       0
       0
       1
       0
       0
       0
       0
       0
       0
       0
       0
       0
       0
       1
       0
       0
       0
       0
       1
       0
       0
       0
       0
       0
       0
       0
       0
       1
       0
       0
       0
       0
       0
       0
       0
       0
       0
       1
       0
       0
       0
       0
       0
       1
       0
       0
       0
       0
       0
       1
       0
       0
       1
       0
       0
       0
       0
       0
       0
       0
       0
       1
       0
       0
       0
       0
       0
       1
       0
       0
       1
       0
       0
       0
       0
       0
       0
       0
       0
       0
       0
       0
       0
       0
       0
       0
       0
       0
       0
       0
       0
       0
       0
       0
       0
       0
       0
       0
       0
       0
       0
       0
       0
       0
       0
       0
       0
       0
       0
       0
       0
       0
       0
       1
       0
       0
       0
       0
       0
       0
       0
       0
       0
       0
       0
       0
       0
       0
       0
       0
       0
       0
       0
       0
       0
       0
       0
       0
       0
       0
       0
       0
       0
       0
       0
       0
       0
       0
       0
       0
       0
       0
       0
       0
       0
       0
       0
       0
       0
       1
       0
       0
       0
       0
       0
       0
       0
       0
       0
       0
       0
       0
       0
       0
       0
       0
       0
       0
       0
       0
       0
       0
       0
       0
       0
       0
       0
       0
       0
       0
       0
       0
       0
       0
       0
       0
       0
       1
       0
       0
       0
       0
       0
       0
       0
       0
       1
       0
       0
       0
       0
       0
       1
       0
       0
       0
       0
       0
       0
       0
       0
       0
       0
       0
       0
       0
       0
       0
       1
       0
       0
       0
       0
       0
       0
       1
       0
       0
       0
       0
       0
       0
       0
       0
       0
       0
       0
       0
       0
       0
       0
       0
       0
       0
       0
       0
       0
       0
       1
       0
       0
       0
       0
       0
       0
       0
       0
       0
       0
       0
       0
       0
       0
       0
       0
       0
       0
       0
       0
       0
       0
       0
       0
       1
       0
       0
       0
       0
       0
       0
       0
       0
       0
       0
       0
       0
       0
       0
       0
       0
       0
       0
       0
       0
       0
       0
       0
       0
       0
       0
       0
       0
       0
       0
       0
       0
       0
       0
       0
       1
       0
       0
       1
       0
       0
       0
       0
       0
       0
       0
       0
       0
       0
       0
       0
       0
       0
       0
       0
       0
       0
       0
       0
       0
       0
       0
       0
       0
       0
       0
       0
       0
       0
       0
       0
       1
       0
       0
       0
       0
       0
       0
       0
       0
       0
       0
       1
       0
       0
       0
       0
       0
       0
       0
       0
       0
       0
       0
       0
       0
       0
       0
       0
       0
       0
       0
       0
       0
       0
       0
       0
       0
       0
       0
       0
       0
       0
       0
       1
       0
       0
       0
       0
       0
       0
       0
       0
       0
       0
       0
       0
       0
       0
       0
       0
       0
       0
       0
       0
       1
       0
       0
       0
       0
       0
       0
       0
       0
       0
       0
       0
       0
       0
       0
       0
       0
       0
       0
       0
       0
       0
       0
       0
       0
       0
       0
       0
       0
       0
       0
       0
       0
       0
       0
       0
       0
       0
       0
       0
       0
       0
       2
       0
       1
       2
       3
       3
       3
       1
       0
       1
       1
       1
       0
       1
       0
       0
       0
       0
       0
       1
       0
       0
       0
       0
       0
       0
       0
       0
       0
       0
       0
       0
       0
       0
       0
       0
       0
       0
       0
       0
       0
       0
       0
       0
       0
       0
       0
       0
       0
       0
       0
       0
       0
       0
       0
       0
       0
       0
       0
       0
       0
       0
       0
       0
       0
       0
       0
       0
       0
       0
       0
       0
       0
       0
       1
       1
       0
       0
       0
       0
       0
       0
       0
       0
       0
       0
       0
       0
       0
       0
       0
       0
       0
       0
       0
       0
       0
       0
       0
       0
       0
       0
       0
       0
       0
       0
       0
       0
       0
       0
       0
       0
       0
       0
       0
       0
       0
       0
       0
       0
       0
       0
       0
       0
       0
       0
       0
       0
       0
       0
       0
       0
       0
       0
       0
       0
       0
       0
       0
       0
       0
       0
       0
       0
       0
       0
       0
       0
       0
       0
       0
       0
       0
       0
       0
       0
       0
       0
       0
       0
       0
       0
       0
       0
       0
       0
       0
       0
       0
       0
       0
       0
       0
       0
       0
       0
       0
       0
       0
       0
       0
       0
       0
       0
       0
       0
       0
       0
       0
       0
       0
       0
       0
       0
       0
       0
       0
       0
       0
       0
       0
       0
       0
       1
       0
       0
       0
       0
       0
       0
       0
       1
       0
       0
       1
       0
       0
       0
       0
       0
       0
       0
       0
       0
       0
       0
       0
       0
       0
       0
       0
       0
       0
       0
       0
       0
       0
       0
       0
       0
       0
       0
       0
       0
       1
       0
       0
       0
       0
       0
       0
       0
       0
       0
       0
       0
       0
       0
       0
       0
       0
       0
       0
       0
       0
       0
       0
       0
       0
       0
       0
       0
       0
       0
       0
       0
       0
       0
       0
       0
       0
       0
       0
       0
       0
       0
       0
       0
       0
       0
       0
       0
       0
       0
       0
       0
       0
       0
       0
       0
       0
       0
       0
       0
       0
       0
       0
       0
       0
       0
       0
       0
       0
       0
       0
       0
       0
       0
       1
       0
       0
       0
       0
       0
       0
       0
       0
       0
       0
       0
       0
       0
       0
       0
       0
       0
       0
       0
       0
       0
       0
       0
       0
       0
       0
       0
       0
       0
       0
       0
       0
       0
       1
       0
       0
       0
       0
       0
       1
       0
       0
       0
       0
       0
       0
       0
       0
       0
       0
       0
       0
       0
       0
       0
       0
       0
       0
       0
       0
       0
       0
       0
       0
       0
       0
       0
       0
       0
       0
       0
       0
       0
       0
       0
       0
       0
       0
       0
       0
       0
       0
       0
       0
       0
       0
       0
       0
       0
       0
       0
       0
       0
       0
       0
       0
       0
       0
       0
       0
       0
       0
       0
       0
       0
       0
       0
       0
       0
       0
       0
       0
       0
       0
       0
       0
       0
       0
       0
       0
       0
       0
       0
       0
       0
       0
       0
       0
       0
       0
       0
       0
       0
       0
       0
       0
       0
       0
       0
       0
       0
       0
       0
       0
       0
       0
       0
       0
       0
       0
       0
       0
       0
       0
       0
       0
       0
       0
       0
       0
       0
       0
       0
       0
       0
       0
       0
       0
       0
       0
       0
       0
       0
       0
       0
       0
       0
       0
       0
       0
       0
       0
       0
       1
       0
       0
       0
       0
       0
       0
       0
       0
       0
       0
       0
       0
       0
       0
       0
       0
       0
       0
       0
       0
       0
       0
       0
       0
       0
       0
       0
       0
       0
       0
       0
       0
       0
       0
       0
       0
       0
       0
       0
       0
       0
       0
       0
       0
       0
       0
       0
       0
       0
       0
       0
       0
       0
       0
       0
       0
       0
       0
       0
       0
       0
       0
       0
       0
       0
       0
       0
       0
       0
       0
       0
       0
       0
       0
       0
       0
       0
       0
       0
       0
       0
       0
       0
       0
       0
       0
       1
       0
       0
       0
       0
       0
       0
       0
       0
       0
       0
       0
       0
       0
       0
       0
       0
       0
       0
       0
       0
       0
       0
       0
       0
       0
       0
       0
       0
       0
       0
       0
       0
       0
       0
       0
       0
       0
       0
       0
       0
       0
       0
       0
       0
       0
       0
       0
       0
       0
       0
       0
       0
       0
       0
       0
       0
       0
       0
       0
       0
       0
       0
       0
       0
       0
       0
       0
       0
       0
       0
       0
       0
       0
       0
       0
       0
       0
       0
       0
       0
       0
       0
       0
       0
       0
       0
       0
       0
       0
       0
       0
       0
       0
       0
       0
       0
       0
       0
       0
       0
       0
       0
       0
       0
       0
       0
       0
       0
       0
       0
       0
       0
       0
       0
       0
       0
       0
       0
       0
       0
       0
       0
       0
       0
       0
       0
       0
       0
       0
       0
       0
       0
       0
       0
       0
       0
       0
       0
       0
       0
       0
       0
       0
       0
       0
       0
       0
       0
       0
       0
       0
       0
       0
       0
       0
       0
       0
       0
       0
       0
       0
       0
       0
       0
       0
       0
       0
       0
       0
       0
       0
       0
       0
       0
       0
       0
       0
       0
       0
       0
       0
       0
       0
       0
       0
       0
       0
       0
       0
       0
       0
       0
       0
       0
       0
       0
       0
       0
       0
       0
       0
       0
       0
       0
       0
       0
       0
       0
       0
       0
       0
       0
       0
       0
       0
       0
       0
       0
       0
       0
       0
       0
       0
       0
       0
       0
       0
       0
       0
       0
       0
       0
       0
       0
       0
       0
       0
       0
       0
       0
       0
       0
       0
       0
       0
       1
       0
       0
       0
       0
       0
       0
       0
       0
       0
       0
       0
       0
       0
       0
       0
       0
       0
       0
       0
       0
       0
       0
       0
       0
       0
       0
       0
       0
       0
       0
       0
       0
       0
       0
       0
       0
       0
       0
       0
       0
       0
       0
       0
       0
       0
       0
       0
       0
       0
       0
       0
       0
       0
       0
       0
       0
       0
       0
       0
       0
       0
       0
       0
       0
       0
       0
       0
       0
       0
       0
       0
       0
       0
       0
       0
       0
       0
       0
       0
       0
       0
       0
       0
       0
       0
       0
       0
       0
       0
       0
       0
       0
       0
       0
       0
       0
       0
       0
       0
       0
       0
       0
       0
       0
       0
       0
       0
       0
       0
       0
       0
       0
       0
       0
       0
       0
       0
       0
       0
       0
       0
       0
       0
       0
       0
       0
       0
       0
       0
       0
       0
       0
       0
       0
       0
       0
       0
       0
       0
       0
       0
       0
       0
       0
       0
       0
       0
       0
       0
       0
       0
       0
       0
       0
       0
       0
       0
       0
       0
       0
       0
       0
       0
       0
       0
       0
       0
       0
       0
       0
       0
       0
       0
       0
       0
       0
       0
       0
       0
       0
       0
       0
       0
       0
       1
       0
       0
       0
       0
       0
       0
       0
       0
       0
       0
       0
       0
       0
       0
       0
       0
       0
       0
       0
       0
       0
       0
       0
       0
       0
       0
       0
       0
       0
       0
       0
       0
       0
       0
       0
       0
       0
       0
       0
       0
       0
       0
       0
       0
       0
       0
       0
       0
       0
       0
       0
       0
       0
       0
       0
       0
       0
       0
       0
       0
       0
       0
       0
       0
       0
       0
       0
       0
       0
       0
       0
       0
       0
       0
       0
       0
       0
       0
       0
       0
       0
       0
       0
       0
       0
       0
       0
       0
       0
       0
       0
       0
       0
       0
       0
       0
       0
       0
       0
       0
       0
       0
       0
       0
       0
       0
       0
       0
       0
       0
       0
       0
       0
       0
       0
       0
       0
       0
       0
       0
       0
       0
       0
       0
       0
       0
       0
       0
       0
       0
       0
       0
       0
       0
       0
       0
       0
       0
       0
       0
       0
       0
       0
       0
       0
       0
       0
       0
       0
       0
       0
       0
       0
       0
       0
       0
       0
       0
       0
       0
       0
       0
       0
       0
       0
       0
       0
       0
       0
       0
       1
       0
       0
       0
       0
       0
       0
       0
       0
       0
       0
       0
       0
       0
       0
       0
       0
       0
       0
       0
       0
       0
       0
       0
       0
       0
       0
       0
       0
       0
       0
       0
       0
       0
       0
       0
       0
       0
       0
       0
       0
       0
       0
       0
       0
       0
       0
       0
       0
       0
       0
       0
       0
       0
       0
       1
       0
       0
       0
       0
       0
       0
       0
       0
       0
       0
       0
       0
       0
       0
       0
       0
       0
       0
       0
       0
       0
       0
       0
       0
       0
       0
       0
       0
       0
       0
       0
       0
       0
       0
       0
       0
       0
       0
       0
       0
       0
       0
       0
       0
       0
       0
       0
       0
       0
       0
       0
       1
       0
       0
       0
       0
       0
       0
       0
       0
       0
       0
       0
       0
       0
       0
       0
       0
       0
       0
       0
       0
       0
       0
       0
       0
       0
       0
       0
       0
       0
       0
       0
       0
       0
       0
       0
       0
       0
       0
       0
       0
       0
       0
       0
       0
       0
       0
       0
       0
       0
       0
       0
       0
       0
       0
       0
       0
       0
       0
       0
       0
       0
       0
       0
       0
       0
       0
       0
       0
       0
       0
       0
       0
       0
       0
       0
       0
       0
       0
       0
       0
       0
       0
       0
       0
       0
       0
       0
       0
       0
       0
       0
       0
       0
       0
       0
       0
       0
       0
       0
       0
       0
       0
       0
       0
       0
       0
       0
       0
       0
       0
       0
       0
       0
       0
       0
       0
       0
       0
       0
       0
       0
       0
       0
       0
       0
       0
       0
       0
       0
       0
       0
       0
       0
       0
       0
       0
       0
       0
       0
       0
       0
       0
       0
       0
       0
       0
       0
       0
       0
       0
       0
       0
       0
       0
       0
       0
       0
       0
       0
       0
       0
       0
       0
       0
       0
       0
       0
       0
       0
       0
       0
       0
       0
       0
       0
       0
       0
       0
       0
       0
       0
       0
       0
       0
       0
       0
       0
       0
       0
       0
       0
       0
       0
       0
       0
       0
       0
       0
       0
       0
       0
       0
       0
       0
       0
$ROI:
0
$PRESETS:
Real Time
180
0
$ENER_FIT:
0.888569 0.390988
$MCA_CAL:
3
8.885689E-001 3.909876E-001 3.191953E-008 keV
$SHAPE_CAL:
3
0.000000E+000 0.000000E+000 0.000000E+000
