$SPEC_ID:
1
$SPEC_REM:
DET# 2
DETDESC# MCB 130 Normal
AP# Maestro Version 7.01
$DATE_MEA:
09/28/2019 05:03:47
$MEAS_TIM:
174 180
$DATA:
0 8191
       0
       0
       0
       0
       0
       0
       0
       0
       0
       0
       0
       0
       0
       0
       0
       0
       0
       0
       0
       0
       0
       0
       0
       0
       0
       0
      36
     951
     295
     168
     176
     285
     314
     291
     232
     252
     232
     248
     307
     369
     386
     351
     300
     290
     255
     255
     201
     209
     227
     261
     249
     238
     203
     174
     212
     194
     179
     216
     221
     225
     233
     213
     193
     205
     206
     213
     222
     199
     257
     297
     426
     428
     311
     300
     299
     309
     360
     380
     292
     281
     276
     273
     256
     249
     248
     242
     277
     356
     577
     850
     877
     565
     305
     225
     205
     236
     228
     227
     229
     221
     269
     357
     399
     348
     268
     270
     238
     220
     172
     195
     209
     187
     207
     205
     203
     216
     214
     224
     230
     200
     196
     214
     192
     213
     254
     319
     300
     244
     214
     220
     209
     209
     228
     216
     205
     216
     216
     202
     201
     193
     208
     232
     207
     274
     462
     528
     398
     265
     227
     209
     196
     188
     170
     207
     199
     206
     233
     200
     217
     228
     225
     168
     217
     223
     222
     220
     222
     204
     249
     196
     211
     212
     243
     246
     224
     250
     243
     245
     210
     224
     243
     234
     260
     257
     297
     264
     264
     218
     251
     275
     301
     312
     241
     255
     246
     275
     251
     265
     237
     233
     219
     239
     239
     296
     366
     505
     465
     345
     266
     225
     238
     254
     241
     262
     297
     290
     307
     296
     238
     265
     294
     274
     266
     286
     263
     273
     269
     246
     256
     261
     285
     359
     323
     315
     268
     260
     287
     273
     301
     382
     603
     531
     382
     284
     271
     262
     247
     275
     349
     572
     674
     691
     477
     403
     351
     270
     248
     233
     251
     263
     299
     294
     328
     413
     416
     331
     294
     312
     303
     425
     441
     349
     309
     274
     233
     243
     225
     258
     242
     248
     305
     290
     311
     390
     355
     295
     234
     272
     252
     252
     293
     277
     287
     261
     261
     260
     274
     286
     276
     258
     277
     279
     231
     245
     246
     226
     258
     237
     268
     255
     253
     241
     253
     246
     248
     227
     246
     233
     230
     250
     226
     262
     232
     262
     252
     228
     239
     245
     237
     240
     249
     230
     236
     234
     214
     213
     198
     236
     231
     232
     216
     199
     215
     232
     208
     244
     215
     229
     205
     214
     208
     233
     208
     213
     204
     242
     522
    1191
    1644
    1264
     552
     230
     204
     233
     193
     200
     199
     216
     203
     212
     293
     279
     214
     212
     188
     184
     191
     213
     214
     206
     207
     222
     238
     234
     267
     365
     362
     266
     210
     189
     183
     172
     196
     192
     174
     169
     185
     169
     194
     190
     178
     187
     171
     173
     179
     190
     152
     188
     178
     169
     195
     205
     158
     156
     211
     212
     212
     211
     159
     166
     189
     180
     174
     177
     191
     179
     183
     199
     172
     191
     168
     171
     159
     186
     160
     185
     185
     155
     166
     193
     182
     162
     167
     182
     181
     191
     170
     171
     174
     183
     175
     170
     195
     153
     168
     173
     142
     171
     181
     156
     194
     228
     310
     238
     206
     180
     169
     177
     143
     144
     166
     167
     176
     171
     195
     166
     160
     161
     156
     152
     154
     155
     142
     161
     153
     158
     158
     155
     173
     168
     141
     155
     143
     158
     157
     166
     161
     136
     160
     161
     196
     245
     180
     172
     156
     164
     152
     168
     137
     119
     152
     155
     153
     158
     146
     157
     153
     139
     124
     163
     152
     137
     149
     156
     132
     141
     160
     143
     131
     134
     151
     142
     155
     156
     166
     179
     163
     160
     176
     138
     146
     141
     145
     153
     143
     129
     154
     134
     143
     121
     141
     126
     148
     147
     115
     128
     163
     153
     144
     145
     129
     165
     163
     173
     162
     147
     119
     139
     137
     126
     124
     148
     131
     119
     151
     134
     120
     120
     139
     150
     156
     335
     753
     932
     675
     350
     207
     143
     132
     139
     158
     179
     168
     167
     141
     141
     139
     122
     120
     131
     121
     152
     116
     110
     126
     125
     123
     126
     112
     145
     134
     119
     118
     118
     119
     122
     129
     144
     139
     126
     122
     105
     115
     113
     115
     114
     105
     112
     119
     109
     112
     117
     129
     102
     122
     325
    1171
    2736
    3545
    2624
    1016
     294
     101
     127
      93
     114
     112
      96
     121
     122
     141
     123
     116
     116
      93
     100
     108
     104
      98
     111
      98
     111
      95
     103
      83
     108
     101
     111
      93
      91
     119
     110
     125
     120
     115
      88
      83
     111
     102
     113
     156
     202
     248
     186
     148
      96
     102
      93
     106
     104
     109
      94
      95
      86
     110
     114
     111
     103
     102
      92
      94
     109
     117
     118
      93
      97
     119
     114
     118
     147
     172
     116
      96
     119
      96
     106
      98
      98
      85
      88
      99
      97
      96
     106
      84
      90
     100
     111
     113
     105
     114
     100
     100
     106
     105
     103
      96
     135
     128
     115
     104
     108
     103
     101
      87
      94
     125
     209
     454
     692
     752
     391
     184
     108
     105
     112
      97
      93
     110
      94
      91
      97
     105
     105
     107
      86
      90
      83
      91
      76
      87
      94
      80
      87
      76
      67
      92
      82
     114
     107
     101
      95
     106
     120
      80
      87
      86
     100
      98
     111
     120
     101
      79
      83
     103
     101
      94
      55
     100
      67
      81
      79
      96
      94
     108
      86
      91
     101
     127
     128
     102
      93
      86
      78
      95
     136
     132
     107
      94
     110
      88
      94
      83
      85
      84
      86
     100
      81
      90
      87
      71
      88
      68
      82
      95
      77
      96
      82
      97
      99
     101
      96
     122
      88
      82
      90
      84
      73
      72
      89
      93
      82
     101
     105
     103
     104
      96
      92
      73
      89
      83
      85
      81
      87
      88
      85
      81
      67
      93
     103
      99
      86
      83
      95
      70
      84
      77
      73
      65
      85
      94
      79
      77
      82
      90
      76
      78
      85
      85
      98
      83
      75
      63
      85
     102
     117
     128
     142
      92
      94
     106
     100
      72
      72
      89
      77
      94
     104
     114
     110
     114
      83
      85
      62
      83
      84
      73
      89
      83
      90
      63
      72
      89
      64
      65
      86
      69
      70
      66
      94
     107
     168
     192
     149
     121
      87
      92
      99
      81
      75
      67
      69
      61
      73
      84
      53
      73
      68
      59
      78
      69
      77
      64
      77
      57
      70
      76
      62
      68
      70
      66
      67
      66
      71
      73
      75
      69
      68
      70
      74
      74
      72
      55
      72
      58
      68
      66
      62
      70
      64
      63
      69
      79
      69
      68
      65
      67
      70
      85
      76
      60
      65
      73
      53
      62
      55
      67
      75
      65
      54
      61
      56
      65
      58
      70
      52
      66
      53
      59
      55
      67
      66
      62
      75
      51
      62
      53
      77
      63
      51
      65
      70
      67
      57
      72
      65
      67
      55
      57
      52
      65
      59
      68
      50
      62
      56
      48
      62
      67
      70
      49
      49
      59
      77
      69
      51
      58
      61
      61
      66
      65
      67
      60
      70
      47
      59
      54
      55
      62
      62
      59
      54
      65
      64
      59
      79
      71
     100
      85
      88
      57
      70
      69
      41
      54
      62
      49
      43
      57
      65
      70
      66
      67
      53
      70
      71
      66
      56
      39
      65
      62
      78
      56
      57
      58
      69
      50
      47
      55
      67
      63
      68
      68
      54
      55
      64
      62
      57
      68
      73
      55
      56
      64
      57
      63
      62
      62
      52
      64
      59
      62
      65
      53
      59
      74
      70
      59
      63
      63
      51
      70
      75
      76
      60
      59
      66
      65
      58
      68
      55
      62
      65
      64
      47
      65
      63
      77
      82
      77
      65
      62
      54
      60
      54
      54
      46
      76
      61
      73
      55
      62
      70
      60
      56
      59
      60
      53
      56
      70
      69
      51
      70
      53
      79
      59
      67
      65
      50
      54
      42
      55
      56
      53
      52
      69
      59
      71
      52
      59
      65
      66
      49
      54
      55
      54
      53
      79
      73
      96
      67
      72
      71
      60
      62
      58
      59
      55
      65
      57
      48
      54
      64
      58
      47
      66
      48
      52
      51
      57
      56
      52
      57
      37
      64
      50
      41
      54
      61
      61
      51
      44
      43
      51
      52
      62
      54
      52
      49
      57
      51
      57
      46
      48
      57
      69
      86
      72
      63
      68
      53
      49
      49
      41
      65
      65
      73
      59
      47
      52
      57
      48
      45
      41
      51
      64
      47
      48
      48
      56
      63
      80
      71
      80
      62
      52
      62
      41
      50
      45
      45
      48
      44
      34
      54
      36
      58
      48
      53
      46
      32
      44
      62
      46
      65
      76
      55
      63
      78
      91
      99
      97
      67
      53
      60
      56
      68
      65
      73
      47
      46
      41
      48
      40
      45
      60
      51
      59
      46
      43
      50
      37
      47
      39
      49
      43
      41
      42
      47
      42
      49
      42
      44
      43
      37
      53
      65
      93
      94
     101
      69
      54
      47
      52
      49
      47
      80
     116
     148
     138
      98
      56
      66
     117
     258
     632
     920
     981
     659
     302
     144
      69
      48
      46
      41
      36
      41
      44
      43
      43
      49
      43
      39
      53
      65
      71
      78
      68
      47
      54
      48
      36
      33
      39
      40
      32
      47
      42
      45
      42
      35
      45
      36
      50
      50
      53
      52
      51
      73
      94
      94
      72
      46
      41
      26
      34
      46
      33
      33
      40
      43
      34
      37
      46
      38
      37
      36
      31
      45
      80
     214
     363
     548
     504
     379
     171
      70
      44
      33
      32
      24
      40
      33
      35
      43
      52
      54
      46
      40
      41
      33
      32
      40
      25
      35
      20
      28
      37
      36
      44
      29
      34
      20
      35
      42
      21
      33
      28
      21
      33
      36
      36
      26
      36
      39
      41
      27
      35
      33
      36
      34
      44
      30
      33
      33
      39
      38
      33
      31
      43
      15
      39
      27
      34
      28
      39
      27
      37
      28
      36
      37
      35
      30
      31
      30
      32
      23
      28
      32
      25
      37
      25
      30
      33
      42
      30
      32
      35
      34
      27
      24
      25
      33
      24
      40
      26
      35
      29
      33
      36
      29
      34
      29
      29
      31
      36
      25
      26
      27
      20
      28
      31
      30
      31
      22
      25
      23
      24
      33
      32
      25
      29
      51
      39
      33
      26
      21
      19
      33
      24
      24
      24
      19
      27
      39
      52
      69
      61
      67
      38
      39
      37
      27
      32
      33
      25
      34
      32
      36
      21
      30
      23
      22
      18
      25
      21
      26
      37
      27
      21
      29
      23
      25
      27
      21
      24
      37
      41
      43
      53
      36
      20
      27
      29
      25
      32
      31
      28
      27
      27
      26
      27
      25
      24
      21
      26
      18
      27
      25
      33
      34
      29
      58
      63
      50
      48
      21
      30
      44
      25
      25
      25
      32
      19
      27
      24
      20
      14
      26
      29
      22
      26
      27
      27
      24
      19
      20
      20
      24
      19
      28
      26
      22
      23
      26
      29
      23
      23
      30
      21
      16
      23
      25
      19
      20
      21
      23
      18
      27
      24
      19
      20
      24
      19
      30
      30
      30
      34
      32
      43
      71
      89
      95
      73
      67
      38
      26
      27
      18
      26
      31
      58
     175
     431
     722
     920
     730
     492
     191
      82
      17
      16
      32
      24
      20
      25
      20
      29
      31
      28
      56
      56
      45
      48
      24
      31
      55
     108
     168
     298
     263
     206
      98
      42
      37
      42
      20
      27
      32
      26
      19
      30
      26
      18
      15
      25
      22
      21
      21
      21
      18
      19
      24
      32
      22
      21
      20
      26
      18
      19
      25
      31
      33
      24
      21
      23
      18
      27
      18
      27
      11
      24
      27
      23
      16
      16
      16
      15
      26
       9
      21
      21
      13
      17
      23
      21
      13
      19
      35
      28
      14
      16
      23
      20
      21
      13
      28
      18
      23
      21
      25
      20
      12
      19
      24
      20
      23
      15
      16
      20
      11
      23
      15
      21
      18
      23
      17
      14
      19
      22
      19
      24
      21
      28
      21
      13
      19
      23
      24
      35
      25
      37
      17
      15
      20
      12
      20
      19
      15
      25
      15
      16
      15
      19
      13
      19
      19
      20
      25
      14
      16
      17
      20
      16
      11
      16
      21
      19
      12
      17
      23
      31
      20
      21
      20
      26
      29
      42
      41
      48
      43
      46
      39
      35
      54
      45
      29
      22
      26
      29
      29
      25
      35
      32
      22
      21
      27
      17
      20
      12
      17
      10
      18
      15
      19
      15
      20
      26
      19
      20
      13
      14
      15
      17
      15
      20
      13
      10
      11
      17
      13
      29
      46
      67
      56
      41
      34
      18
      18
      38
     116
     251
     478
     646
     619
     456
     201
      79
      34
      32
      14
      12
      20
      17
      17
      18
      32
      54
     110
     150
     166
     124
      71
      44
      35
      25
      16
      13
      19
      21
      20
      16
      14
      18
      15
      13
      21
      28
      34
      28
      18
      19
      13
      23
      12
      18
      16
      21
      18
      12
      17
      16
      16
      13
      12
      15
      19
      26
      19
      25
      19
      25
      17
      18
      21
      10
      19
      17
      25
      22
      25
      21
      27
      17
      24
      53
      68
     136
     176
     171
     124
      64
      45
      24
      14
      18
      14
       9
      15
      13
      20
      34
      33
      33
      27
      19
      16
      19
      16
      16
      19
      15
      19
      10
      12
      17
      11
      24
      23
      15
      22
      18
      16
      21
      17
      19
      12
      20
      10
      14
      14
       9
      22
      22
      15
      18
      16
       7
      14
      19
       9
      11
      16
      14
      19
      17
      12
      14
      24
      20
      19
      12
      14
      14
      15
      14
      14
      10
      19
      23
      15
      11
      20
      24
      12
      19
      12
      14
      21
      13
      18
      17
      23
      17
      23
       9
      12
      17
      13
      11
      18
      21
      15
      23
      19
      21
      18
      21
      29
      28
      37
      46
      38
      19
      13
      26
      12
      25
      23
      15
      25
      27
      20
      16
      19
      16
      17
      11
      18
      22
      14
      14
      21
      16
      11
      14
      16
      18
      18
      15
      12
      14
      13
      12
      14
      17
      15
      11
      12
      16
      12
      10
      17
      15
      13
      14
      18
      18
      13
      11
      11
      16
      14
       5
      21
      19
      17
      20
      18
      20
      20
      25
      37
      43
      29
      21
       9
      14
      10
       8
      13
       8
       8
      15
       7
      14
       8
      15
      19
      16
      12
      18
      24
      12
      11
      11
      15
       7
      19
      14
      10
       8
      13
      20
       9
      17
       9
      16
      18
      16
      16
      19
      28
      15
      13
      17
      16
      14
      13
      11
      20
      19
      15
      23
      13
      18
      17
      13
       8
       7
      16
      15
      11
      16
      17
      15
      19
       9
      11
      14
      10
      14
      17
      14
      18
       8
      13
      10
      15
      18
      11
      16
      14
      16
      22
      11
       8
      15
      11
      11
       9
      11
      11
       9
      12
      17
      17
      14
      14
      23
      34
      37
      39
      34
      14
      22
      14
      22
      22
      17
      15
      22
      25
      25
      26
      22
      21
      17
       8
      14
      11
       8
      16
      11
       5
      12
      18
      10
      10
       7
      16
      10
      15
      12
       8
       9
      20
      16
      13
      10
      13
      11
      14
      10
      16
      20
      19
      15
      18
      13
      11
      16
      14
      16
      12
      16
       8
      13
      13
      16
      15
       6
      19
      11
      10
      14
       9
       9
      14
       7
       9
      11
      16
      10
      16
       9
      14
      12
      10
      12
       9
      19
       8
      10
       8
      10
      12
       7
      12
      11
      11
      15
      16
      16
      14
       7
      22
      20
      13
      15
      15
      16
      14
      21
      20
      16
       4
      10
      15
      11
      17
      11
      16
      12
      11
      11
      14
       9
      11
      11
       9
      13
      16
       8
      19
      12
      14
      13
      20
      32
      24
      29
      26
      16
      24
       5
      12
      12
      10
      15
      11
      11
       9
      10
      10
      19
       8
       7
      18
      11
      12
      41
      56
      51
      38
      32
      10
      18
      11
      12
      12
       9
       7
       8
      12
       9
       9
       9
       6
      10
       8
      12
      10
      10
       4
       5
      11
       7
      15
      20
       9
      18
      10
      23
      17
      22
      20
      15
      13
       9
      15
       8
      10
      11
       8
      10
       8
      10
      20
       7
      13
      11
      18
      46
      40
      43
      33
      19
      19
      17
      12
      10
      11
      13
       5
       9
      16
      12
      13
      12
       5
      10
      13
      11
      13
      16
      14
      11
       9
      11
      13
      14
      14
      12
      22
      14
      18
      16
      15
      13
      15
      16
      10
      12
      14
      14
      10
      15
      21
      20
      15
      14
      10
       6
       8
       5
       7
      10
      12
       7
      10
      13
      12
      11
       8
       8
      10
      10
      12
       7
       5
       9
       8
       4
      12
      11
      11
      13
      12
       9
      12
       7
       8
      14
       8
      11
       9
      13
       8
      11
      10
       7
       7
       8
      15
      10
       9
      10
      13
      10
       6
      12
      11
       5
       9
       9
      15
      20
      15
       9
      11
       8
       8
       7
      12
       9
       8
      13
      12
      11
      10
       8
      10
      11
       9
      10
       8
      10
       9
       5
      13
       9
      18
       8
       7
       8
      14
      10
      11
      13
      10
       9
       7
       8
       6
       5
      12
      10
       8
      12
       7
       9
       5
       8
      10
       8
      12
      11
      11
      10
      12
      12
       5
       5
      14
      14
      12
       9
      13
      15
       7
      13
       9
      16
      14
      17
      12
      11
      13
      42
      59
      78
     124
     151
     147
      94
      53
      18
      11
       9
       9
       6
       8
      10
       4
       8
       6
      12
      16
      12
      12
      12
       9
      10
      16
       9
       6
      12
       8
      10
      10
       8
      10
      15
       8
       9
      10
      22
      25
      40
      24
      25
      20
      21
      10
       5
       7
       9
      15
       8
      10
      11
      10
       7
      11
      16
      12
       6
      14
       5
      10
       6
      12
       6
       6
      16
      11
      14
       9
       8
       6
      10
       3
      13
      12
      19
      26
       8
       9
      11
       6
       9
       8
       5
       7
       4
      15
       5
      13
      10
       7
       7
       6
       7
       8
      12
      14
       9
       8
       9
       9
       9
       8
       6
       9
       8
      11
       6
       8
      10
      10
       9
       8
       9
       2
       8
      12
       4
       9
      11
       7
      10
       7
       6
       2
       7
       7
       9
       6
       6
      11
       4
       9
       6
      13
       5
       5
      10
       8
      11
      12
       8
       5
       9
      13
       9
      10
       7
       6
       8
       6
       6
       9
       9
       6
       8
       5
       8
       9
      10
       6
       8
       9
       7
       3
       6
      10
       8
       5
       6
      14
      13
       6
      11
       8
       8
       4
      10
       6
       8
       6
       9
       5
       8
       4
      10
      11
       8
       6
       2
       7
       6
       8
       4
      14
       8
       5
      14
       8
       7
      12
      11
      14
      11
       9
      13
       8
      10
      10
       9
       7
       5
       8
       6
       3
      10
       2
       5
       6
       7
       6
       7
       9
       8
       8
       8
       4
       8
       8
       6
      14
       4
      12
       5
       7
      11
      10
       6
      12
       6
      13
      11
       4
       5
      15
       6
      12
      10
      10
      16
      10
      12
       6
       7
      14
      12
      11
      16
      16
       8
      18
      12
       7
       8
       6
      12
       7
       6
       9
      13
       8
       6
       8
      12
      23
      43
      55
      66
      76
      56
      30
      21
      14
       9
       4
       8
       4
      12
       5
      10
      16
      12
       8
       9
       4
       7
       9
      10
       6
       4
       5
       8
       6
       7
       8
       8
      10
       6
      14
      10
       5
       9
       6
       7
      11
       3
      10
       8
      19
      14
      26
      14
      15
      10
       9
       6
       6
       5
       9
       7
       8
       4
      15
       4
       8
       5
      11
       7
       6
       5
       8
       6
       5
       4
       6
       4
       4
      10
       2
       7
       7
       9
       7
       7
       9
      10
       4
       7
      10
       5
       2
       7
       7
       5
      10
       4
       6
       6
       7
       7
       6
      11
       6
      11
      10
       9
       9
      12
       6
       4
       8
      12
      12
       9
      11
      10
      11
       8
       9
       6
      10
       3
      14
       7
       8
      15
      11
      15
      11
      10
       5
      11
       8
       3
       5
      10
       3
       5
       5
       5
      10
       5
       4
      11
       7
       6
       6
       5
       7
      13
       8
       3
       7
       9
       2
      11
       4
       6
      10
       3
       9
       5
       6
      10
       8
       3
       3
       5
       6
       5
       4
       8
       4
       5
       8
       5
       7
      10
       9
       2
       1
       2
       6
       7
      15
       2
       3
       7
       4
       9
       4
       5
       7
       6
       3
       5
       5
       3
      15
       7
       6
      13
       5
       2
       4
       6
       6
       4
       5
       6
       9
       3
       1
       9
       7
      11
       7
       3
       6
       9
       6
       6
       4
       3
       5
      11
       7
      11
      10
       2
       6
       6
       9
       7
       4
       3
       9
       6
       3
       8
       5
       6
       3
      10
       7
       9
       7
       6
       8
       6
       8
       5
       3
       6
       5
       6
       6
       8
       7
       6
       4
       9
       3
       4
       8
       7
      13
       3
       8
       3
       7
       8
      13
      12
      11
      10
      12
      11
      19
       7
       7
       6
       7
       8
       6
       7
       7
       3
       9
       5
       2
       4
       8
       7
       4
       6
       3
       9
       9
       3
       5
       2
       2
       4
       5
       7
       8
       5
       5
       6
       7
       9
       4
       7
       7
       9
       8
       7
       5
       2
       5
       4
       3
       7
       5
       4
       7
       7
       4
       4
       5
       4
       5
      16
      13
      27
      57
      58
      70
      54
      42
      18
       6
       4
       6
       6
       5
      10
       7
       3
       4
       9
       5
       7
       2
       6
       6
       2
       9
       9
       3
       9
       6
       3
      10
       5
      15
      10
       6
       4
       6
       6
       7
       7
       2
       3
       5
       8
       5
       5
       9
       3
       5
       3
       3
       6
       8
       4
       5
       4
       8
       8
       9
       3
       8
       2
       1
       7
       9
       4
       5
       4
       3
       7
       4
       2
       3
       4
       7
       6
       4
       6
       7
       6
       6
       9
      10
       6
      14
       5
       9
       9
       4
       3
       5
       4
       8
      10
       3
       2
       9
      12
       9
      15
      11
      12
       5
       7
       1
       9
       3
       7
       4
       6
       2
       3
       4
       5
       3
       3
       6
       5
       7
       4
       1
       8
       6
       1
       5
       4
       4
       5
       3
       1
       5
       3
       2
       4
       1
       5
       3
       9
       5
       6
       6
       5
       6
       5
       6
       4
       4
       0
       3
       6
       4
       6
       5
       1
       3
       6
       4
       8
       7
       3
       5
       1
       4
       6
       4
       4
       3
       4
       2
       5
       3
       3
       2
       7
       2
       0
       8
       3
       4
       3
       7
       4
       3
       9
       3
       3
       8
      10
       5
      14
       4
       7
       9
       5
       1
       5
       3
       5
       4
       4
       4
       3
       7
       2
       2
       5
       6
       9
       1
       6
       6
       5
       2
       6
       4
       4
       8
       5
       6
       1
       7
       7
       8
       2
       5
       8
       8
       6
       5
       8
       4
       5
       2
       6
       3
       1
       3
       2
       1
       5
       4
       5
       8
       6
       5
       4
       3
       8
       3
       5
       6
       2
       2
       5
       5
      11
       4
       3
       5
       2
       7
       2
       7
       6
       3
      13
       1
       6
       7
       7
       3
       4
       6
       3
       6
       5
       5
       6
       7
       6
       2
       5
       2
       6
       6
       7
       5
       2
       7
       4
       7
       6
       4
       6
       9
       6
       1
       4
       1
       0
       1
       4
       2
       7
       3
       2
       6
       5
       6
       5
       4
       2
       7
       5
       3
       8
      10
      10
      14
      23
      17
       9
       8
       6
       4
      10
       2
       4
       5
       6
       5
       6
       6
       7
       6
       5
       3
       2
       3
       3
       0
       7
       5
       4
       1
       2
       4
       7
       1
       6
       4
       5
       3
       4
       7
       4
      11
       5
      13
      10
       7
       6
       2
       3
       0
       3
       2
       5
       3
       4
       6
       5
       7
       5
      12
       8
       8
       7
       2
       5
       4
       6
       6
       5
       7
       3
       0
       4
       3
       1
       3
       2
       2
       7
       6
       3
       6
       5
       4
       9
       4
       3
       6
       5
       7
       4
       3
       3
       1
       3
       5
       2
       6
       8
       3
       2
       5
       4
       3
       5
       4
       2
       3
       1
       7
       6
       4
       8
       7
       5
       4
       2
       3
       0
       2
       4
       5
       5
       5
       5
       2
       4
       3
       4
       1
       5
       2
       8
       5
       7
       1
       5
       1
       3
       2
       3
       1
       4
       4
       2
       4
       4
       5
       5
       3
       3
       3
       7
       1
       4
       5
       8
       2
       2
       2
       3
       1
       1
       3
       7
       3
       5
       6
       5
       3
       4
       6
       2
       2
       5
       4
       2
       4
       8
       4
       3
       2
       8
       2
       2
       2
       2
       6
       5
       4
       4
      18
      13
      18
      22
      17
      11
      13
      11
      18
      20
      24
      18
      26
      17
      11
       5
       4
       7
       2
       4
       3
       4
       6
       3
       1
       3
       8
       4
       4
       4
       3
       1
       4
       3
       2
       8
       7
       2
       6
       5
       1
       5
       2
       3
       2
       2
       1
       5
       3
       4
       2
       4
       4
       1
       5
       2
       3
       1
       5
       2
       1
       0
       1
       4
       3
       2
       2
       4
       2
       2
       1
       2
       6
       4
       4
       5
       0
       3
       5
       4
       2
       0
       2
       3
       1
       5
       4
       3
       4
       2
       3
       1
       4
       2
       1
       3
       2
       4
       5
       2
       2
       1
       1
       5
       2
       3
       1
       3
       2
       1
       2
       2
       0
       3
       4
       6
       5
       4
       4
       4
       5
       4
       4
       4
       1
       4
       1
       1
       3
       0
       2
       1
       4
       2
       7
       5
       1
       2
       4
       1
       4
       2
       2
       1
       3
       4
       2
       5
       4
       2
       7
       2
       2
       1
       3
       0
       3
       5
       1
       1
       5
       1
       2
       2
       4
       5
       2
       4
       3
       4
       3
       5
       1
       4
       3
       4
       1
       3
       2
       1
       1
       2
       5
       4
       6
       4
       2
       3
       4
       5
       2
       4
       3
       6
       3
       0
       3
       4
       2
       3
       4
       3
       2
       3
       2
       3
       4
       4
       8
       1
       2
       4
       2
       5
       1
       4
       4
       6
       4
       1
       3
       3
       4
       2
       1
       5
       2
       1
       1
       4
       4
       1
       4
       1
       3
       3
       1
       3
       5
       2
       3
       4
       2
       2
       3
       2
       3
       3
       2
       2
       1
       1
       3
       2
       2
       0
       2
       2
       0
       5
       2
       3
       3
       2
       4
       2
       4
       0
       1
       3
       0
       3
       3
       4
       2
       3
       2
       5
       2
       2
       4
       5
       5
       4
       2
       5
       1
       2
       2
       5
       5
       0
       4
       5
       2
       4
       5
       1
       0
       4
       0
       1
       1
       1
       2
       2
       0
       2
       3
       1
       4
       4
       3
       1
       3
       3
       2
       4
       1
       7
       4
       1
       4
       0
       2
       1
       3
       4
       1
       0
       0
       3
       4
       4
       1
       2
       1
       0
       2
       2
       0
       1
       1
       2
       2
       1
       1
       2
       2
       3
       1
       3
       1
       7
       9
      11
      14
      14
      13
       8
       4
       4
       2
       5
       4
       2
       2
       2
       2
       1
       0
       1
       4
       4
       4
       0
       2
       4
       0
       4
       3
       2
       0
       1
       2
       3
       1
       0
       1
       1
       1
       0
       3
       3
       0
       2
       0
       3
       1
       0
       1
       0
       1
       4
       1
       0
       2
       0
       1
       1
       2
       3
       3
       1
       0
       0
       0
       2
       1
       4
       0
       1
       1
       2
       2
       3
       1
       1
       0
       3
       2
       3
       2
       2
       2
       2
       3
       0
       4
       7
       3
       1
       3
       2
       3
       2
       1
       6
       1
       3
       4
       2
       1
       2
       4
       0
       1
       4
       3
       2
       2
       3
       2
       4
       1
       4
       2
       2
       4
       1
       0
       3
       3
       1
       2
       1
       1
       2
       1
       2
       2
       1
       3
       2
       0
       1
       0
       2
       1
       1
       1
       3
       0
       3
       3
       1
       1
       1
       2
       2
       2
       6
       2
       3
       1
       0
       2
       4
       6
       2
       3
       0
       5
       5
       0
       2
       0
       2
       0
       5
       2
       0
       2
       0
       5
       4
       1
       0
       2
       0
       1
       3
       0
       1
       1
       1
       2
       1
       0
       2
       1
       1
       6
       2
       3
       0
       1
       1
       1
       2
       0
       1
       3
       0
       1
       1
       0
       2
       2
       3
       0
       7
       3
       6
       9
      15
      10
      15
      16
      10
       5
       6
       4
       1
       2
       1
       0
       4
       0
       1
       3
       3
       2
       1
       3
       2
       2
       3
       0
       1
       1
       3
       2
       0
       0
       1
       0
       2
       0
       4
       1
       2
       0
       1
       1
       1
       2
       1
       2
       3
       4
       3
       1
       2
       1
       2
       1
       2
       0
       0
       0
       3
       2
       5
       3
       1
       1
       2
       2
       0
       0
       1
       1
       1
       0
       3
       7
       3
       5
       5
       6
       8
       9
       4
       3
       1
       2
       4
       3
       3
       1
       0
       2
       1
       1
       1
       1
       2
       1
       2
       1
       1
       1
       2
       0
       4
       2
       2
       1
       0
       1
       0
       2
       3
       2
       1
       2
       1
       2
       1
       4
       1
       2
       0
       3
       0
       2
       0
       1
       1
       1
       4
       2
       1
       1
       1
       4
       7
       3
       4
       3
       1
       4
       2
       1
       4
       1
       2
       1
       1
       0
       3
       2
       3
       2
       1
       0
       3
       0
       0
       2
       5
       1
       1
       1
       1
       2
       2
       1
       4
       0
       1
       0
       0
       4
       2
       1
       1
       2
       2
       0
       0
       3
       2
       2
       0
       1
       1
       1
       3
       2
       6
       3
       2
       2
       3
       1
       2
       2
       2
       0
       1
       2
       1
       3
       5
       4
       1
       3
       2
       0
       2
       1
       0
       2
       1
       3
       2
       3
       1
       1
       1
       3
       1
       2
       4
       4
       6
       6
       2
       4
       4
       3
       2
       2
       1
       3
       0
       2
       1
       1
       1
       1
       0
       1
       0
       0
       1
       0
       3
       0
       2
       0
       2
       2
       1
       0
       0
       4
       2
       1
       0
       0
       1
       0
       2
       0
       2
       2
       0
       2
       0
       1
       0
       2
       0
       2
       2
       1
       3
       3
       2
       2
       1
       2
       0
       1
       1
       1
       3
       1
       2
       2
       4
       7
      12
      14
      16
      11
       4
       9
       2
       0
       0
       3
       1
       1
       4
       0
       0
       3
       1
       0
       0
       0
       2
       0
       0
       2
       1
       1
       1
       0
       1
       1
       1
       0
       0
       1
       0
       2
       2
       1
       1
       0
       2
       2
       1
       1
       0
       2
       0
       0
       1
       1
       0
       0
       0
       1
       4
       0
       0
       1
       0
       0
       1
       0
       3
       0
       2
       0
       1
       2
       0
       0
       4
       2
       0
       2
       2
       3
       1
       2
       0
       2
       1
       4
       0
       5
       0
       1
       1
       3
       3
       1
       1
       3
       1
       1
       1
       1
       2
       0
       2
       4
       0
       4
       2
       3
       0
       3
       0
       0
       0
       1
       0
       2
       0
       3
       4
       2
       3
       7
       2
       1
       0
       2
       2
       2
       1
       2
       1
       2
       1
       0
       1
       2
       0
       3
       0
       0
       3
       0
       1
       1
       1
       1
       0
       1
       2
       2
       2
       1
       1
       1
       1
       0
       1
       2
       1
       0
       0
       0
       2
       3
       0
       2
       3
       1
       0
       0
       0
       0
       1
       1
       1
       4
       0
       0
       0
       0
       1
       1
       1
       0
       0
       2
       1
       1
       1
       1
       0
       3
       0
       1
       1
       0
       1
       1
       0
       0
       1
       1
       1
       0
       0
       1
       0
       1
       0
       0
       1
       1
       1
       1
       3
       0
       1
       1
       4
       0
       0
       0
       1
       2
       0
       3
       2
       1
       2
       0
       0
       2
       2
       1
       1
       0
       1
       1
       0
       1
       2
       1
       1
       0
       1
       1
       1
       5
       2
       0
       1
       1
       3
       1
       0
       1
       0
       3
       0
       2
       0
       1
       0
       1
       1
       0
       1
       1
       2
       0
       0
       1
       1
       0
       1
       2
       0
       0
       2
       0
       0
       2
       0
       1
       0
       1
       0
       0
       1
       1
       1
       1
       4
       0
       1
       0
       1
       2
       0
       0
       1
       2
       1
       1
       1
       0
       2
       2
       0
       1
       3
       0
       0
       2
       1
       0
       3
       1
       0
       1
       0
       2
       0
       1
       0
       0
       4
       3
       4
       3
       4
       2
       3
       2
       0
       1
       0
       4
       3
       2
       3
       1
       0
       1
       1
       1
       0
       0
       0
       0
       0
       1
       1
       3
       0
       2
       1
       1
       0
       1
       1
       0
       0
       0
       0
       0
       2
       0
       0
       1
       1
       3
       0
       2
       0
       0
       1
       0
       0
       0
       2
       1
       2
       5
       0
       0
       1
       0
       0
       0
       1
       2
       0
       0
       1
       1
       1
       1
       3
       3
       2
       1
       3
       0
       1
       1
       0
       1
       1
       0
       1
       1
       2
       1
       0
       0
       1
       1
       1
       0
       0
       1
       1
       0
       0
       2
       0
       2
       0
       0
       1
       0
       0
       2
       2
       1
       1
       1
       0
       0
       1
       0
       0
       2
       0
       2
       3
       2
       1
       1
       1
       0
       2
       1
       1
       1
       0
       3
       0
       0
       1
       0
       0
       2
       2
       1
       1
       0
       0
       1
       0
       0
       1
       0
       1
       0
       0
       1
       3
       0
       0
       1
       0
       0
       0
       0
       0
       1
       2
       0
       0
       1
       2
       2
       3
       1
       1
       0
       0
       4
       2
       0
       0
       0
       0
       0
       1
       2
       1
       1
       0
       0
       1
       3
       2
       0
       0
       1
       0
       0
       0
       0
       0
       0
       0
       0
       1
       0
       1
       1
       1
       1
       0
       1
       1
       0
       0
       0
       1
       0
       0
       2
       0
       1
       2
       2
       1
       3
       1
       1
       2
       3
       0
       1
       2
       0
       0
       0
       2
       2
       0
       0
       1
       2
       0
       2
       0
       1
       0
       3
       0
       1
       1
       1
       1
       2
       0
       0
       0
       2
       1
       0
       0
       1
       1
       1
       2
       0
       0
       0
       1
       0
       0
       0
       0
       0
       0
       0
       1
       1
       0
       0
       0
       0
       2
       1
       0
       2
       0
       0
       0
       1
       0
       0
       0
       0
       2
       1
       1
       0
       1
       1
       0
       1
       1
       0
       2
       1
       0
       1
       0
       0
       1
       1
       1
       0
       1
       0
       0
       1
       0
       2
       0
       0
       0
       1
       1
       0
       0
       0
       0
       2
       0
       3
       1
       1
       1
       2
       2
       2
       2
       0
       0
       0
       0
       1
       0
       0
       1
       1
       1
       1
       0
       0
       2
       0
       0
       0
       0
       0
       0
       1
       0
       1
       0
       0
       1
       0
       0
       0
       3
       2
       1
       0
       0
       0
       1
       1
       1
       1
       0
       0
       1
       1
       2
       0
       1
       1
       0
       1
       0
       2
       2
       0
       0
       1
       1
       1
       3
       0
       2
       0
       0
       0
       0
       0
       0
       0
       2
       1
       0
       0
       1
       1
       1
       0
       1
       0
       0
       1
       0
       0
       0
       0
       1
       0
       0
       0
       2
       0
       0
       0
       1
       1
       1
       0
       0
       2
       0
       1
       1
       2
       0
       0
       1
       0
       0
       0
       0
       0
       0
       1
       0
       0
       0
       1
       1
       0
       0
       0
       1
       1
       1
       0
       2
       0
       2
       0
       0
       0
       1
       3
       0
       0
       0
       1
       0
       0
       1
       0
       0
       0
       1
       4
       2
       2
       0
       1
       0
       0
       1
       1
       2
       0
       0
       0
       0
       1
       1
       2
       1
       0
       1
       0
       0
       2
       1
       1
       0
       1
       1
       0
       2
       0
       0
       0
       0
       0
       0
       2
       0
       1
       0
       1
       2
       1
       1
       1
       0
       0
       0
       0
       0
       1
       1
       0
       0
       0
       1
       0
       0
       0
       2
       1
       1
       2
       0
       0
       0
       0
       1
       0
       1
       2
       0
       0
       0
       0
       0
       0
       1
       0
       3
       0
       0
       2
       1
       2
       0
       0
       0
       0
       1
       1
       1
       0
       1
       0
       0
       0
       0
       1
       0
       3
       1
       0
       0
       0
       1
       0
       2
       1
       0
       0
       0
       0
       1
       0
       1
       1
       0
       0
       0
       0
       1
       1
       0
       1
       1
       3
       0
       0
       2
       2
       1
       1
       0
       0
       1
       0
       1
       1
       0
       0
       0
       0
       2
       1
       1
       0
       0
       1
       0
       0
       0
       1
       0
       1
       1
       0
       0
       0
       1
       1
       0
       1
       0
       1
       2
       0
       1
       1
       0
       0
       0
       0
       0
       1
       1
       0
       1
       1
       0
       0
       1
       0
       3
       0
       0
       1
       0
       0
       1
       0
       0
       0
       1
       0
       1
       0
       1
       2
       0
       0
       0
       1
       0
       1
       1
       1
       0
       0
       0
       1
       0
       0
       0
       0
       1
       0
       0
       0
       1
       1
       1
       0
       0
       2
       0
       0
       0
       0
       0
       0
       1
       2
       0
       0
       0
       0
       2
       2
       0
       1
       0
       0
       0
       0
       1
       1
       0
       1
       0
       0
       1
       1
       0
       0
       0
       1
       2
       2
       2
       0
       3
       0
       1
       1
       0
       1
       0
       1
       0
       0
       1
       1
       0
       0
       0
       0
       0
       0
       0
       0
       0
       0
       0
       1
       0
       0
       1
       0
       0
       0
       0
       0
       0
       2
       0
       2
       0
       0
       0
       1
       1
       0
       0
       0
       0
       1
       0
       3
       2
       1
       2
       0
       0
       0
       0
       1
       0
       0
       1
       1
       0
       1
       0
       0
       1
       0
       1
       2
       0
       1
       0
       3
       0
       0
       0
       1
       0
       0
       2
       1
       1
       0
       0
       0
       0
       0
       0
       1
       0
       0
       1
       0
       0
       0
       2
       1
       1
       1
       0
       1
       0
       1
       0
       0
       0
       0
       0
       0
       0
       2
       0
       0
       0
       0
       0
       0
       0
       1
       0
       1
       1
       0
       0
       0
       0
       0
       1
       0
       0
       0
       2
       1
       1
       0
       0
       0
       0
       1
       0
       0
       0
       1
       0
       1
       0
       0
       2
       1
       1
       0
       0
       0
       0
       1
       0
       0
       0
       0
       0
       1
       0
       0
       2
       1
       0
       0
       0
       0
       1
       1
       0
       0
       0
       1
       0
       0
       0
       0
       1
       1
       0
       0
       0
       0
       0
       1
       0
       0
       0
       0
       0
       0
       0
       0
       1
       1
       1
       0
       0
       0
       0
       0
       0
       0
       0
       0
       0
       0
       1
       0
       0
       0
       1
       0
       0
       0
       0
       0
       0
       0
       0
       1
       0
       0
       0
       2
       1
       0
       0
       2
       1
       1
       0
       0
       1
       0
       0
       0
       1
       0
       1
       0
       0
       0
       1
       0
       0
       0
       0
       0
       0
       0
       3
       0
       0
       2
       0
       1
       0
       1
       0
       0
       0
       1
       0
       0
       0
       0
       0
       0
       2
       1
       0
       0
       1
       1
       0
       0
       0
       0
       0
       0
       0
       0
       1
       0
       1
       0
       0
       0
       0
       0
       0
       0
       0
       0
       1
       0
       2
       0
       0
       0
       1
       0
       0
       0
       0
       0
       0
       0
       0
       1
       0
       0
       0
       0
       0
       3
       0
       0
       0
       0
       0
       0
       0
       0
       0
       0
       0
       0
       0
       0
       1
       0
       1
       0
       0
       1
       0
       0
       2
       0
       0
       0
       0
       2
       0
       1
       0
       0
       0
       1
       0
       1
       0
       1
       0
       0
       1
       0
       0
       1
       0
       0
       0
       0
       0
       1
       1
       0
       0
       0
       0
       0
       0
       0
       0
       0
       1
       0
       1
       0
       0
       0
       0
       0
       0
       0
       0
       0
       0
       1
       0
       0
       0
       0
       0
       0
       0
       0
       0
       0
       0
       0
       0
       0
       1
       1
       0
       2
       0
       0
       0
       0
       0
       0
       0
       0
       0
       0
       0
       0
       0
       2
       1
       0
       0
       1
       0
       0
       0
       0
       1
       0
       0
       0
       0
       0
       0
       1
       0
       0
       1
       0
       0
       1
       0
       0
       0
       0
       0
       0
       0
       0
       1
       0
       0
       1
       1
       1
       0
       0
       0
       0
       1
       1
       0
       1
       0
       0
       0
       1
       1
       0
       0
       0
       0
       1
       0
       4
       3
       1
       1
       0
       0
       2
       1
       0
       1
       0
       1
       0
       0
       2
       0
       0
       0
       0
       0
       0
       0
       0
       0
       0
       0
       0
       0
       0
       0
       0
       1
       0
       0
       0
       1
       0
       1
       0
       0
       0
       1
       0
       1
       0
       0
       3
       0
       0
       0
       1
       0
       0
       1
       0
       0
       0
       0
       0
       1
       0
       0
       0
       0
       0
       0
       0
       1
       0
       0
       0
       0
       1
       1
       0
       0
       0
       2
       0
       1
       0
       0
       0
       0
       0
       0
       0
       0
       0
       1
       0
       0
       0
       0
       0
       0
       2
       1
       1
       0
       0
       1
       0
       0
       0
       0
       1
       0
       1
       0
       1
       0
       0
       2
       0
       0
       0
       0
       0
       0
       0
       0
       0
       0
       0
       0
       0
       0
       1
       1
       0
       0
       2
       0
       1
       0
       0
       0
       0
       0
       0
       1
       1
       0
       0
       0
       0
       0
       0
       1
       1
       0
       1
       0
       0
       0
       0
       0
       0
       0
       1
       0
       0
       0
       0
       0
       0
       1
       0
       0
       0
       0
       0
       1
       0
       0
       0
       0
       0
       0
       0
       0
       0
       0
       0
       0
       0
       0
       1
       0
       1
       1
       0
       1
       0
       0
       0
       0
       0
       0
       0
       0
       0
       0
       1
       0
       0
       1
       0
       0
       1
       0
       0
       0
       1
       0
       0
       0
       0
       0
       0
       0
       0
       0
       0
       0
       0
       1
       0
       0
       0
       0
       0
       0
       0
       0
       0
       0
       0
       0
       0
       0
       0
       0
       0
       1
       0
       0
       1
       0
       0
       1
       0
       0
       0
       0
       0
       0
       0
       0
       0
       0
       0
       0
       0
       2
       1
       1
       0
       0
       1
       0
       0
       0
       0
       1
       1
       1
       0
       0
       0
       0
       0
       0
       0
       0
       0
       0
       0
       0
       0
       1
       0
       0
       0
       1
       0
       0
       0
       0
       1
       1
       0
       0
       0
       1
       0
       0
       1
       0
       0
       0
       1
       0
       0
       0
       0
       0
       1
       0
       0
       0
       1
       0
       0
       0
       0
       0
       0
       2
       0
       0
       0
       0
       1
       0
       0
       1
       0
       0
       0
       0
       0
       0
       0
       2
       0
       1
       1
       0
       0
       1
       0
       0
       0
       0
       0
       1
       0
       0
       0
       0
       0
       1
       0
       0
       0
       0
       0
       0
       0
       1
       0
       0
       1
       0
       0
       0
       0
       0
       0
       0
       1
       1
       2
       0
       0
       0
       0
       0
       0
       0
       0
       0
       0
       0
       0
       0
       1
       0
       0
       1
       1
       0
       0
       0
       0
       0
       0
       0
       0
       0
       0
       0
       0
       0
       0
       0
       0
       0
       0
       0
       0
       0
       0
       0
       0
       0
       0
       0
       0
       0
       0
       1
       0
       0
       0
       0
       0
       0
       0
       2
       0
       0
       0
       0
       0
       0
       0
       1
       0
       0
       0
       0
       0
       0
       0
       0
       0
       0
       0
       1
       0
       1
       0
       1
       0
       1
       0
       0
       0
       0
       0
       0
       0
       0
       0
       0
       0
       0
       1
       0
       0
       0
       1
       0
       0
       0
       0
       0
       0
       0
       0
       0
       0
       0
       0
       0
       0
       0
       0
       0
       1
       1
       0
       0
       0
       0
       0
       0
       0
       0
       0
       0
       0
       0
       0
       0
       0
       1
       1
       1
       0
       0
       0
       0
       0
       0
       0
       0
       0
       0
       0
       0
       0
       0
       0
       0
       0
       0
       0
       0
       0
       0
       0
       0
       0
       0
       0
       0
       0
       0
       0
       0
       0
       0
       0
       1
       0
       0
       0
       0
       0
       0
       0
       1
       2
       2
       1
       2
       3
       1
       3
       2
       0
       1
       0
       1
       0
       0
       0
       0
       0
       0
       0
       0
       0
       0
       0
       0
       0
       0
       0
       0
       0
       0
       0
       0
       0
       0
       0
       0
       0
       0
       0
       0
       1
       0
       0
       0
       0
       1
       0
       0
       0
       0
       0
       0
       0
       0
       0
       0
       0
       0
       0
       0
       0
       0
       0
       0
       0
       0
       0
       0
       0
       0
       0
       0
       0
       0
       1
       0
       0
       0
       0
       0
       0
       0
       0
       0
       0
       0
       0
       0
       0
       0
       0
       1
       0
       0
       0
       1
       0
       0
       0
       0
       0
       0
       0
       0
       0
       0
       0
       1
       0
       0
       0
       1
       0
       0
       0
       0
       0
       0
       0
       0
       1
       0
       0
       0
       0
       0
       0
       0
       0
       1
       0
       0
       0
       0
       1
       1
       0
       0
       0
       0
       0
       0
       0
       0
       0
       0
       0
       0
       0
       0
       0
       0
       0
       0
       0
       0
       1
       0
       0
       0
       0
       0
       0
       0
       0
       0
       0
       0
       0
       0
       0
       0
       0
       0
       0
       0
       0
       0
       0
       0
       0
       0
       0
       0
       0
       0
       0
       1
       0
       0
       0
       0
       0
       0
       0
       0
       0
       0
       1
       0
       0
       0
       1
       0
       0
       0
       0
       0
       0
       0
       0
       0
       0
       0
       0
       0
       0
       0
       0
       0
       0
       0
       0
       1
       0
       0
       0
       1
       0
       0
       0
       0
       0
       0
       0
       0
       0
       0
       0
       0
       0
       0
       1
       0
       0
       0
       0
       0
       0
       0
       0
       0
       1
       0
       0
       0
       0
       0
       0
       0
       0
       0
       0
       0
       0
       0
       0
       0
       0
       0
       0
       0
       0
       0
       0
       0
       0
       0
       0
       0
       0
       0
       0
       0
       0
       0
       0
       0
       0
       0
       0
       0
       0
       0
       0
       0
       0
       0
       0
       0
       0
       0
       0
       0
       0
       0
       0
       0
       0
       0
       0
       0
       0
       0
       0
       0
       0
       0
       0
       0
       0
       0
       0
       0
       0
       0
       1
       0
       0
       0
       0
       0
       0
       0
       1
       0
       0
       0
       0
       0
       0
       0
       0
       0
       0
       0
       0
       0
       0
       0
       0
       0
       0
       0
       0
       0
       0
       1
       0
       0
       0
       0
       0
       0
       1
       1
       0
       0
       0
       0
       0
       0
       0
       0
       0
       0
       0
       0
       0
       0
       0
       0
       0
       0
       0
       0
       0
       0
       0
       0
       0
       0
       1
       0
       0
       0
       0
       0
       0
       0
       0
       0
       0
       0
       0
       0
       0
       0
       0
       1
       0
       0
       0
       0
       0
       0
       0
       0
       0
       1
       0
       0
       0
       0
       0
       0
       0
       0
       0
       0
       0
       0
       0
       0
       0
       0
       0
       0
       0
       0
       0
       0
       0
       0
       0
       0
       0
       0
       0
       0
       0
       0
       0
       0
       1
       0
       0
       0
       0
       0
       0
       0
       0
       0
       0
       0
       0
       0
       0
       0
       0
       0
       0
       0
       0
       0
       0
       0
       0
       0
       0
       1
       0
       0
       0
       0
       0
       0
       0
       0
       0
       0
       0
       1
       0
       0
       0
       0
       0
       0
       0
       0
       0
       0
       0
       0
       1
       0
       0
       0
       0
       0
       0
       0
       0
       0
       0
       0
       0
       0
       0
       0
       0
       0
       0
       0
       0
       0
       0
       0
       0
       0
       0
       0
       0
       0
       0
       0
       0
       0
       0
       0
       0
       0
       0
       0
       0
       1
       0
       0
       1
       0
       0
       0
       0
       0
       0
       0
       0
       0
       0
       1
       0
       0
       0
       0
       0
       0
       0
       0
       0
       0
       0
       0
       0
       0
       0
       0
       0
       0
       0
       0
       0
       0
       0
       0
       0
       0
       0
       0
       0
       0
       0
       0
       0
       0
       0
       0
       0
       0
       0
       0
       0
       0
       0
       1
       0
       0
       0
       0
       1
       0
       0
       1
       0
       0
       0
       0
       0
       0
       2
       0
       0
       0
       0
       0
       0
       0
       0
       0
       0
       0
       0
       0
       0
       0
       0
       1
       0
       0
       0
       0
       0
       0
       0
       0
       0
       0
       0
       0
       0
       0
       0
       0
       0
       0
       0
       0
       0
       1
       0
       0
       0
       0
       0
       0
       0
       0
       0
       0
       0
       1
       0
       0
       0
       0
       0
       0
       0
       0
       0
       0
       0
       0
       0
       1
       0
       0
       0
       0
       1
       0
       0
       0
       0
       0
       0
       0
       0
       0
       0
       0
       0
       0
       0
       0
       0
       0
       0
       0
       0
       0
       0
       1
       0
       0
       0
       0
       0
       0
       0
       1
       0
       0
       0
       0
       0
       0
       0
       0
       0
       0
       0
       0
       0
       0
       0
       0
       0
       0
       0
       0
       0
       0
       0
       0
       1
       0
       0
       0
       0
       0
       0
       0
       0
       0
       0
       0
       0
       0
       0
       0
       0
       0
       0
       0
       0
       0
       0
       1
       0
       0
       0
       0
       0
       0
       0
       0
       0
       0
       0
       0
       0
       0
       0
       0
       0
       0
       0
       0
       0
       0
       0
       0
       0
       0
       0
       1
       0
       0
       0
       0
       0
       0
       0
       0
       0
       0
       0
       0
       0
       0
       0
       0
       0
       0
       0
       0
       0
       1
       0
       0
       0
       0
       0
       0
       0
       0
       0
       0
       0
       0
       0
       0
       0
       0
       0
       0
       0
       0
       0
       0
       0
       1
       0
       0
       0
       0
       0
       0
       0
       0
       0
       0
       0
       0
       0
       0
       0
       0
       0
       0
       0
       0
       0
       0
       0
       0
       0
       0
       0
       0
       1
       0
       0
       0
       0
       0
       0
       0
       0
       0
       0
       0
       0
       0
       0
       0
       0
       0
       0
       0
       0
       0
       0
       0
       0
       0
       0
       0
       0
       0
       0
       0
       0
       0
       0
       0
       0
       0
       0
       0
       0
       0
       0
       0
       0
       0
       0
       0
       0
       0
       1
       0
       0
       0
       0
       0
       0
       0
       0
       0
       0
       0
       0
       0
       0
       0
       1
       0
       0
       0
       0
       0
       0
       0
       0
       1
       0
       0
       0
       1
       0
       0
       0
       0
       0
       0
       0
       0
       0
       0
       0
       0
       0
       0
       0
       0
       0
       0
       0
       0
       0
       0
       0
       0
       0
       0
       0
       0
       0
       0
       0
       0
       0
       0
       0
       0
       0
       0
       0
       0
       0
       0
       0
       0
       0
       0
       0
       0
       0
       0
       0
       0
       0
       0
       1
       0
       0
       0
       0
       0
       0
       0
       0
       0
       0
       0
       0
       0
       0
       1
       0
       0
       0
       0
       0
       0
       0
       0
       0
       1
       0
       0
       0
       0
       0
       0
       0
       0
       0
       0
       0
       0
       0
       0
       0
       0
       0
       0
       0
       0
       0
       0
       0
       0
       0
       0
       0
       0
       0
       0
       0
       0
       0
       0
       0
       0
       0
       0
       0
       0
       0
       1
       1
       0
       0
       0
       0
       0
       0
       0
       0
       0
       0
       0
       0
       0
       0
       0
       0
       0
       0
       0
       0
       0
       0
       0
       0
       0
       0
       0
       0
       0
       0
       0
       0
       0
       0
       0
       0
       0
       0
       0
       0
       0
       0
       0
       0
       0
       0
       0
       0
       0
       0
       0
       0
       0
       0
       1
       0
       0
       0
       0
       0
       0
       0
       0
       0
       0
       0
       0
       0
       0
       0
       0
       0
       0
       0
       0
       0
       0
       0
       0
       0
       0
       0
       0
       1
       0
       0
       0
       0
       0
       0
       0
       0
       0
       0
       0
       1
       0
       0
       1
       0
       0
       0
       0
       0
       1
       0
       0
       0
       0
       0
       0
       0
       0
       0
       0
       0
       0
       0
       0
       0
       0
       0
       0
       0
       0
       0
       0
       0
       0
       0
       0
       0
       0
       0
       0
       0
       0
       0
       0
       0
       0
       0
       0
       0
       0
       0
       0
       0
       0
       0
       0
       0
       0
       0
       0
       1
       0
       0
       0
       0
       0
       0
       0
       0
       0
       0
       0
       0
       0
       0
       0
       0
       1
       0
       0
       0
       0
       0
       0
       0
       0
       0
       0
       0
       0
       1
       0
       0
       0
       0
       0
       0
       0
       0
       0
       0
       0
       0
       0
       0
       0
       0
       0
       0
       0
       0
       0
       0
       0
       0
       0
       0
       0
       0
       0
       0
       0
       0
       0
       0
       0
       0
       0
       0
       0
       0
       0
       0
       0
       0
       0
       0
       0
       0
       0
       0
       0
       0
       0
       0
       0
       0
       0
       0
       0
       0
       0
       0
       0
       0
       0
       0
       0
       0
       0
       0
       0
       0
       0
       0
       0
       0
       1
       0
       0
       0
       0
       0
       0
       0
       0
       0
       0
       0
       0
       0
       0
       0
       0
       0
       0
       0
       1
       0
       0
       0
       0
       0
       0
       0
       0
       0
       0
       0
       0
       0
       0
       0
       0
       0
       0
       0
       0
       0
       0
       0
       0
       0
       0
       0
       0
       0
       0
       0
       0
       0
       0
       0
       0
       0
       0
       0
       0
       0
       0
       0
       0
       0
       0
       0
       0
       0
       0
       0
       0
       0
       0
       0
       0
       0
       0
       0
       0
       0
       0
       0
       0
       0
       0
       0
       0
       0
       0
       0
       0
       0
       0
       0
       0
       0
       0
       0
       0
       0
       0
       0
       0
       0
       0
       0
       0
       0
       0
       0
       0
       0
       0
       0
       0
       0
       0
       0
       0
       0
       0
       0
       0
       0
       0
       0
       0
       0
       0
       0
       0
       0
       0
       0
       0
       0
       0
       0
       0
       0
       0
       0
       0
       0
       0
       0
       0
       0
       0
       0
       0
       0
       0
       0
       0
       0
       0
       0
       0
       0
       0
       0
       0
       0
$ROI:
0
$PRESETS:
Real Time
180
0
$ENER_FIT:
0.888569 0.390988
$MCA_CAL:
3
8.885689E-001 3.909876E-001 3.191953E-008 keV
$SHAPE_CAL:
3
0.000000E+000 0.000000E+000 0.000000E+000
