$SPEC_ID:
1
$SPEC_REM:
DET# 2
DETDESC# MCB 130 Normal
AP# Maestro Version 7.01
$DATE_MEA:
09/29/2019 07:48:57
$MEAS_TIM:
177 180
$DATA:
0 8191
       0
       0
       0
       0
       0
       0
       0
       0
       0
       0
       0
       0
       0
       0
       0
       0
       0
       0
       0
       0
       0
       0
       0
       0
       0
       0
      13
     513
     136
      68
      91
     127
     138
     155
     136
     102
     113
     100
     164
     184
     174
     172
     161
     128
     144
     108
     134
      87
     100
     118
     130
     113
      76
     102
      97
      70
      80
      97
      82
     137
     117
      99
      97
      97
     119
     114
     113
     114
     130
     189
     273
     337
     236
     153
     146
     182
     232
     265
     201
     149
     158
     135
     145
     120
     109
     130
     148
     216
     328
     495
     485
     345
     137
     116
     104
     117
     116
     129
     132
     115
     136
     197
     257
     208
     148
     122
     131
      84
      89
      95
     109
     105
     115
      88
     104
     100
     113
     100
      83
     129
      99
      88
      97
     147
     165
     180
     171
     119
      96
     102
      98
     125
     133
      96
     116
      86
     100
     112
     117
     120
     127
     106
     113
     180
     266
     295
     190
     113
     113
     117
     109
     114
     109
     104
     127
     120
     111
     128
     106
     114
     116
     118
     121
     144
     106
     124
     125
     124
     133
     120
     128
     127
     127
     104
     137
     147
     131
     135
     157
     135
     142
     156
     151
     142
     189
     159
     134
     155
     163
     175
     170
     185
     142
     151
     152
     174
     159
     140
     153
     146
     133
     135
     171
     199
     337
     483
     481
     275
     152
     132
     161
     170
     156
     156
     185
     167
     176
     166
     165
     158
     176
     189
     175
     142
     135
     157
     127
     175
     155
     152
     186
     205
     226
     169
     161
     155
     179
     168
     185
     213
     275
     286
     205
     159
     157
     157
     157
     152
     210
     309
     391
     362
     235
     248
     237
     177
     174
     128
     149
     163
     156
     186
     205
     251
     299
     226
     168
     170
     172
     240
     312
     246
     165
     143
     139
     148
     140
     144
     141
     170
     174
     182
     230
     243
     214
     156
     141
     145
     131
     136
     165
     157
     183
     165
     149
     146
     178
     170
     166
     142
     130
     170
     140
     129
     123
     129
     129
     133
     139
     158
     136
     141
     133
     126
     157
     142
     150
     139
     125
     137
     141
     135
     132
     164
     131
     121
     118
     132
     140
     145
     129
     123
     152
     116
     141
     142
     123
     124
     137
     159
     124
     124
     106
     116
     133
     123
     134
     141
     130
     129
     129
     124
     125
     125
     118
     142
     403
     920
    1329
     971
     432
     152
     115
     149
     105
     121
     118
     125
     121
     157
     169
     182
     160
     136
      97
     113
     104
      93
     100
     101
     111
     118
     134
      91
     102
     103
     109
      73
     105
     110
      96
      88
     103
     102
     106
     107
     105
      87
      91
      93
     102
     119
      82
      80
     108
      75
     100
      95
     107
     118
      89
      99
      88
     111
     112
     123
     109
      94
      89
      81
      98
     112
      99
     110
      89
      93
     107
      83
      93
      93
     100
      83
      94
      89
      99
     118
      89
      83
      86
      81
      85
      95
      79
      94
      83
      95
      93
      87
      75
     118
     101
      82
      86
      92
      83
      84
      73
      81
      87
      89
      99
     131
     146
     151
     108
      87
      72
      95
      92
     100
      98
      84
      94
     105
      96
     119
      65
      73
      81
      70
      76
      86
      95
      68
      63
      78
      82
      77
      78
      83
      76
      65
      59
      74
      81
      57
      60
      73
      91
      74
      97
      79
      81
      76
      81
      80
      78
      72
      78
      86
      77
      92
      98
      88
      55
      70
      66
      84
      82
      78
      73
      75
      72
      64
      63
      71
      61
      74
      74
      56
      90
      70
      77
      67
      75
      79
      81
      64
      60
      68
      74
      73
      67
      69
      61
      76
      72
      61
      61
      61
      64
      83
      77
      69
      72
      71
      62
      71
      70
      77
      55
      65
      61
      74
      54
      69
      76
      64
      60
      61
      71
      75
      60
      73
      62
      60
      69
      58
      61
      90
     105
     234
     537
     678
     538
     241
      76
      70
      69
      65
      73
      79
      62
      73
      52
      47
      57
      55
      63
      43
      62
      50
      52
      66
      50
      59
      50
      40
      71
      64
      69
      74
      59
      56
      63
      80
      68
      57
      70
      60
      66
      42
      40
      52
      53
      53
      53
      66
      46
      61
      53
      44
      49
      42
      69
      95
     265
     641
     812
     607
     199
      80
      49
      54
      39
      61
      47
      63
      52
      69
      63
      49
      68
      45
      59
      55
      49
      43
      52
      56
      45
      55
      49
      44
      43
      52
      42
      44
      46
      41
      66
      54
      58
      67
      42
      57
      41
      52
      48
      41
      48
      68
      77
      62
      56
      51
      38
      57
      41
      46
      42
      53
      41
      52
      51
      42
      51
      41
      41
      42
      42
      56
      45
      42
      33
      39
      41
      58
      67
      87
      77
      63
      54
      52
      36
      49
      47
      34
      35
      44
      40
      38
      48
      52
      47
      46
      55
      72
      52
      58
      42
      44
      51
      47
      53
      42
      43
      36
      27
      49
      41
      30
      50
      46
      41
      34
      56
     111
     252
     439
     419
     239
      97
      55
      53
      62
      59
      33
      51
      49
      38
      45
      61
      72
      61
      61
      46
      37
      41
      45
      31
      36
      27
      43
      39
      40
      37
      37
      40
      56
      45
      48
      34
      47
      51
      45
      36
      53
      54
      58
      49
      56
      34
      39
      40
      38
      32
      37
      39
      46
      40
      34
      46
      42
      41
      31
      52
      47
      65
      69
      47
      47
      44
      48
      38
      69
      60
      52
      44
      35
      28
      37
      41
      29
      31
      36
      33
      36
      43
      42
      42
      39
      33
      32
      39
      42
      35
      40
      41
      52
      60
      54
      54
      44
      38
      34
      31
      28
      26
      27
      23
      37
      26
      50
      45
      46
      27
      30
      26
      33
      35
      29
      25
      40
      34
      35
      42
      32
      37
      47
      38
      33
      31
      41
      37
      22
      31
      36
      27
      38
      31
      42
      40
      39
      36
      34
      27
      33
      33
      37
      38
      38
      26
      28
      28
      34
      51
      52
      53
      53
      52
      46
      27
      36
      30
      32
      37
      25
      44
      52
      41
      22
      30
      29
      31
      27
      22
      31
      32
      34
      24
      29
      37
      34
      34
      25
      27
      26
      33
      47
      75
     124
     133
      92
      56
      31
      45
      34
      17
      24
      34
      43
      25
      35
      23
      28
      24
      29
      22
      27
      33
      17
      18
      26
      22
      29
      28
      26
      35
      21
      26
      25
      24
      29
      29
      28
      31
      40
      28
      28
      21
      31
      26
      21
      22
      25
      17
      24
      31
      27
      23
      29
      21
      25
      22
      28
      23
      36
      25
      32
      27
      17
      29
      17
      25
      15
      23
      25
      23
      24
      22
      24
      26
      29
      28
      30
      29
      24
      32
      37
      23
      18
      25
      18
      30
      31
      31
      24
      43
      14
      27
      26
      31
      21
      21
      18
      19
      25
      21
      25
      28
      24
      26
      38
      27
      24
      21
      30
      18
      19
      32
      24
      25
      23
      36
      22
      25
      26
      19
      37
      26
      26
      21
      24
      26
      32
      22
      23
      29
      29
      18
      28
      26
      30
      31
      28
      33
      30
      27
      27
      21
      26
      28
      20
      28
      24
      21
      26
      24
      18
      26
      29
      29
      29
      27
      34
      30
      25
      26
      13
      33
      23
      22
      22
      17
      22
      24
      16
      22
      20
      27
      28
      21
      18
      25
      25
      24
      19
      19
      23
      23
      23
      18
      24
      19
      16
      19
      22
      29
      20
      27
      29
      15
      21
      31
      31
      27
      19
      24
      21
      23
      18
      17
      23
      12
      23
      26
      22
      22
      29
      12
      31
      20
      33
      24
      19
      27
      25
      24
      25
      25
      25
      27
      27
      25
      19
      26
      27
      22
      26
      20
      22
      19
      18
      20
      31
      27
       9
      26
      17
      15
      21
      31
      18
      18
      23
      23
      27
      19
      17
      23
      26
      22
      28
      21
      23
      31
      21
      20
      22
      13
      32
      18
      23
      22
      27
      41
      35
      41
      23
      27
      20
      22
      27
      17
      24
      21
      24
      19
      29
      20
      21
      26
      14
      26
      21
      23
      18
      18
      20
      11
      22
      31
      12
      21
      19
      26
      26
      15
      21
      17
      15
      21
      23
      20
       7
      18
      16
       9
      20
      16
      24
      20
      18
      34
      68
      53
      53
      35
      34
      12
      17
      18
      31
      38
      27
      15
      29
      16
      22
      20
      16
      29
      17
      21
      18
      19
      19
      23
      25
      41
      58
      45
      37
      22
      18
      20
      18
      11
      20
      14
      16
      24
      17
      13
      22
      24
       9
      23
      12
      19
      26
      21
      32
      37
      18
      25
      20
      29
      32
      31
      22
      20
      23
      25
      27
      31
      28
      24
      22
      15
      21
      15
      22
      12
      21
      22
      18
      13
      16
      15
      17
      21
      12
      12
      16
      15
      26
      19
      21
      14
      18
      23
      20
      16
      31
      59
      67
      49
      38
      23
      28
      17
      21
      24
      16
      21
      24
      22
      16
      17
       9
      46
     121
     245
     379
     404
     252
     126
      56
      16
      19
      18
      13
      21
      15
      14
      18
      11
      22
      17
      19
      27
      47
      37
      43
      31
      25
      19
      10
      13
      11
      24
      11
      19
      20
      17
      18
      17
      19
      19
      14
      19
      14
      19
      15
      12
      20
      12
      19
      16
      21
      23
      16
      13
      18
      20
      18
      10
      11
      11
      13
      20
      13
      17
      15
       9
      18
      19
      42
      75
      84
      89
      55
      34
      16
      17
      19
      14
       8
      23
      11
      14
      17
      12
      13
       9
      12
      15
      10
      11
      11
       8
      11
      12
      11
      10
       7
       8
      11
      13
      11
      18
       8
      11
      13
      16
      10
      12
      16
      15
      20
      16
       6
      12
      13
      16
      13
      10
       9
       7
       6
       8
      16
      13
      11
       9
      11
      13
      15
      10
      13
       9
      17
      10
       9
      13
       7
      18
      10
      13
       7
      24
      13
      19
      13
      16
       4
       9
       8
       7
       7
      13
      20
      13
      10
       7
      13
       8
      11
      13
      11
      12
      10
      11
      12
      10
       6
       6
      16
       9
       5
      17
       8
      10
       8
       9
      11
       7
      10
       8
       8
       8
      10
      13
       9
       9
      10
      14
       7
      10
      14
      15
      11
       7
      10
      13
      15
       8
      11
      10
      11
      10
      10
      18
      19
      22
      25
      26
      15
      26
      17
      16
       9
       9
      14
       7
      15
      12
      12
       9
      15
      13
       9
       4
      10
       6
       7
      12
      12
      13
      15
      12
       9
       9
      12
      11
       6
      15
      14
      19
      19
      10
      11
       8
       9
       7
       7
       9
      12
       6
       8
       5
       7
       7
       7
       5
       8
       7
       5
      22
      27
      33
      36
      33
      21
       9
      10
       4
       6
       8
       9
       9
       2
       5
       9
       9
       6
      10
      13
      22
      14
       5
       8
       8
       6
       6
       6
       8
       4
       8
       5
       8
       6
       9
       6
      11
       7
      12
      12
       6
       4
       8
      12
       7
       8
       3
       5
       9
      12
       4
       8
       5
       9
      17
      16
      20
      15
      17
      13
      16
      14
      15
      14
      12
       3
      11
      10
       4
       6
      18
      44
     123
     228
     331
     267
     140
      61
      22
       4
       8
       8
      13
       7
      11
      11
       5
      11
       7
      18
      26
      27
      24
      12
       9
      30
      68
     143
     179
     194
     121
      73
      28
      20
      12
      17
      14
       8
      18
       9
      14
       3
       7
      11
       9
       9
       8
       6
       5
       3
       4
       3
       6
       8
       4
       7
       4
       6
      11
       3
      12
      11
      12
       8
       5
       8
       7
      10
       4
       5
       5
       6
       7
      13
      10
       4
       5
       6
       8
       8
       2
       6
       5
       3
       2
       3
       8
       9
       8
      11
       6
       7
       4
       3
       6
       6
       3
       8
       5
       3
       6
       5
       6
       4
       5
      10
       4
       3
       2
       5
       7
      12
       4
       6
       7
       4
       3
       3
       3
      12
       6
      12
      11
      10
       5
       8
       7
       7
       7
       9
       9
       2
       5
       6
       5
       8
       5
       3
      10
       4
       1
       2
       9
       1
       7
       5
       4
       6
       7
       5
       3
       6
       6
       4
       7
       4
       5
      10
       7
       4
       6
       4
       7
       4
      13
       5
      17
      22
      20
      19
      13
      13
      12
      19
      16
      14
      10
       8
      10
       9
      24
      16
      17
      12
      17
       7
      10
       8
       3
       7
       4
       5
      12
       2
      12
       5
       1
       3
       5
       3
       3
      10
       5
       5
       2
       6
       5
       7
       3
       9
      15
      22
      37
      36
      25
      16
       7
       7
      17
      38
      88
     155
     216
     216
     137
      73
      21
      11
       4
       1
       6
       3
       7
       5
       7
       6
      23
      11
      22
      21
      20
      11
       8
       6
       5
       7
       7
       7
       3
       3
       5
       2
       5
       7
       8
      12
      20
      10
       8
      12
       5
       6
       4
       5
       3
       5
       6
       8
       6
       2
       6
       3
       5
       2
       1
       4
       5
       8
       8
       7
       4
       9
       5
       3
       7
       6
      12
       8
       7
       8
       2
       2
       5
      11
      24
      60
     100
     123
     148
      87
      49
      20
       8
       6
       7
       4
       3
       4
       8
       8
      12
      13
      10
       8
       9
       6
       6
       7
       6
      12
       3
       6
       7
       7
       4
       3
       6
      11
       9
       9
       3
       7
       3
       2
       7
       2
       2
       5
       7
       6
       3
       7
       4
       2
       5
       4
       8
       3
       5
       2
       3
      10
      12
       8
       5
       6
       8
       7
       5
       1
       1
       2
       6
       4
       3
       0
       9
       2
       5
       5
       3
       3
       3
       1
       5
       2
       4
       2
       2
       4
       2
       3
       3
       3
       6
       2
       4
       1
       6
       3
       4
       5
       8
      17
       3
       8
       4
      11
       8
      12
      14
      10
       5
       5
       3
       6
       5
      12
      14
      14
       7
       3
       7
       9
       3
       7
       4
       6
       2
       5
       6
       0
       3
       6
       3
       4
       3
       7
       5
       2
       4
       7
       5
       1
       1
       1
       3
       5
       3
       2
       3
       4
       4
       3
       1
       2
       0
       2
       4
       2
       1
       4
       4
       1
       1
       4
       4
       6
       0
       3
      10
       5
       6
       3
       8
       4
       2
       2
       2
       4
       4
       6
       3
       1
       0
       3
       3
       6
       6
       2
       6
       7
       7
       1
       6
       2
       3
       3
       2
       2
       5
       6
       4
       2
       1
       6
       7
       7
       4
       6
       5
      12
       6
       3
       5
       6
       4
       1
       3
       1
       5
       7
       3
       8
       8
       3
       1
       1
       0
       4
       3
       2
       2
       4
       5
       5
       1
       9
       2
       5
       2
       2
       2
       0
       2
       2
       4
       2
       2
       4
       4
       6
       2
       4
       7
       3
       4
       7
       4
       6
       1
       2
       3
       2
       2
       5
       5
       5
      10
       9
      18
      14
       6
       8
       4
       3
       1
       5
       6
      10
      21
      13
      14
      10
      10
       7
       2
       2
       3
       2
       3
       1
       1
       5
       4
       5
       6
       5
       2
       4
       2
       2
       5
       4
       2
       5
       5
       7
       5
       5
       3
       4
       2
       1
       0
       3
       4
       4
       0
       2
       5
       2
       5
       1
       2
       3
       4
       4
       3
       1
       1
       4
       3
       4
       0
       6
       0
       2
       1
       1
       4
       3
       5
       4
       0
       4
       5
       1
       2
       3
       8
       8
       1
       8
       2
       0
       4
       4
       2
      10
       2
       6
      10
       9
       5
       6
       2
       1
       2
       1
       3
       4
       2
       3
       3
       2
       4
       1
       2
       2
       2
       6
       4
       5
       4
       4
       4
       3
       2
       4
       3
       1
       2
       5
       0
       1
       6
       8
      12
       9
       5
       5
       3
       2
       6
       3
       2
       4
       3
       3
       4
       3
       5
       6
       0
       3
       3
       1
       1
       1
       3
       6
       4
       5
       4
       4
       2
       2
       1
       4
       4
       4
       2
       1
       2
       5
       2
       3
       3
       3
       4
       1
       0
       4
       2
       2
       2
       2
       6
       4
       2
       4
       3
       6
       5
       3
       3
       2
       2
       1
       7
       2
       6
       3
       0
       6
       4
       6
       4
       5
       8
      10
      16
      17
      19
      17
       9
       9
       3
       1
       1
       1
       4
       5
       3
       3
       3
       7
       2
       2
       5
       7
       7
       3
       8
       9
       4
       4
       7
       5
       4
       8
       6
      13
      11
       6
       3
       2
       8
       7
       3
       3
       3
       3
       3
       2
       2
       4
       4
       2
       3
       1
       6
       4
       5
       1
       3
       1
       4
       1
       1
       1
       4
       3
       3
       1
       1
       2
       4
       1
       2
       5
       2
       3
       2
       5
       4
       4
       4
       0
       6
       7
       2
       6
       3
       3
       2
       3
       2
       1
       3
       3
       3
       1
       2
       3
       1
       1
       2
       1
       4
       5
       1
       1
       3
       2
       2
       3
       0
       2
       2
       4
       0
       1
       0
       1
       2
       2
       4
       0
       2
       0
       3
       3
       2
       2
       6
       3
       3
       3
       4
       2
       1
       2
       3
       1
       2
       4
       2
       0
       2
       1
       1
       1
       3
       0
       3
       2
       2
       2
       0
       2
       0
       2
       4
       4
       0
       4
       3
       4
       3
       1
       4
       2
       2
       2
       1
       3
       2
       5
       1
       1
       4
       4
       3
       3
       8
       3
       8
       6
      19
       7
      18
      12
      16
       9
       4
       2
       3
       1
       3
       2
       1
       3
       2
       2
       5
       4
       5
       3
       0
       2
       1
       2
       0
       1
       2
       3
       3
       5
       1
       7
       2
       4
       4
       3
       2
       2
       4
       3
       1
       3
       0
       2
       2
       2
       1
       3
       4
       2
       4
       2
       1
       7
       0
       0
       2
       0
       0
       4
       2
       2
       1
       0
       0
       2
       2
       1
       1
       1
       0
       4
       4
       3
       4
       2
       0
       3
       2
       3
       2
       1
       0
       0
       3
       1
       0
       5
       2
       1
       0
       4
       2
       4
       2
       2
       5
       0
       2
       1
       0
       0
       0
       1
       1
       0
       4
       2
       2
       1
       3
       2
       1
       3
       3
       5
       0
       0
       3
       1
       1
       1
       0
       4
       3
       2
       0
       2
       3
       0
       2
       3
       0
       1
       2
       1
       1
       0
       1
       1
       1
       1
       1
       1
       2
       2
       3
       3
       1
       3
       0
       3
       0
       0
       2
       2
       3
       6
       2
       3
       1
       5
       1
       2
       1
       2
       2
       1
       4
       3
       3
       3
       2
       2
       2
       1
       3
       2
       2
       1
       3
       4
       3
       4
       2
       4
       3
       4
       2
       4
       3
       4
       3
       2
       4
       3
       5
       3
       1
       1
       3
       0
       3
       4
       4
       3
       2
       2
       3
       2
       3
       3
       1
       0
       0
       2
       1
       1
       1
       1
       1
       2
       3
       2
       3
       2
       2
       1
       0
       1
       1
       2
       3
       4
       4
       2
       2
       2
       2
       5
       4
       0
       3
       0
       1
       7
       5
       5
       7
       8
      10
       3
       0
       1
       3
       3
       1
       3
       2
       1
       5
       3
       4
       3
       1
       3
       1
       1
       1
       1
       0
       2
       1
       1
       2
       4
       6
       7
       6
       4
       1
       4
       0
       1
       2
       2
       2
       8
       1
       1
       3
       4
       2
       4
       3
       0
       2
       2
       0
       0
       3
       1
       3
       1
       4
       5
       3
       4
       3
       1
       4
       4
       3
       1
       3
       5
       6
       3
       4
       5
       8
       1
       2
       3
       2
       0
       2
       2
       3
       1
       1
       3
       0
       3
       3
       0
       1
       1
       1
       2
       2
       5
       0
       2
       2
       2
       3
       2
       1
       2
       2
       3
       0
       3
       1
       2
       2
       2
       2
       1
       3
       2
       0
       1
       3
       1
       1
       1
       2
       5
       2
       0
       2
       2
       3
       0
       1
       3
       3
       0
       2
      11
       4
       8
       5
       2
       4
       1
       2
       3
       5
       1
       3
       6
       7
       4
       2
       6
       1
       7
       2
       3
       1
       1
       2
       2
       2
       1
       2
       0
       2
       1
       1
       2
       2
       3
       1
       4
       1
       1
       1
       1
       1
       2
       0
       1
       1
       2
       2
       2
       5
       2
       0
       3
       1
       2
       1
       2
       1
       2
       0
       1
       1
       0
       0
       1
       2
       2
       3
       2
       1
       4
       2
       2
       1
       0
       2
       4
       1
       2
       5
       0
       4
       2
       1
       4
       3
       4
       2
       2
       2
       1
       3
       0
       1
       0
       1
       0
       1
       2
       0
       1
       2
       3
       0
       1
       0
       1
       1
       1
       2
       3
       0
       1
       1
       2
       4
       0
       3
       1
       1
       0
       1
       2
       0
       4
       4
       2
       2
       1
       3
       2
       0
       2
       2
       0
       3
       1
       2
       2
       2
       2
       0
       4
       1
       1
       1
       2
       0
       0
       1
       2
       3
       1
       2
       1
       4
       1
       1
       0
       1
       1
       2
       5
       5
       3
       6
       6
       2
       4
       4
       0
       3
       0
       1
       0
       2
       3
       1
       0
       2
       1
       4
       2
       1
       0
       1
       3
       1
       1
       1
       2
       0
       1
       0
       3
       3
       1
       3
       0
       2
       1
       2
       1
       2
       1
       1
       2
       0
       1
       1
       0
       3
       2
       0
       0
       1
       2
       1
       0
       1
       1
       2
       0
       4
       8
       7
       6
       6
       7
       2
       1
       3
       4
       1
       1
       0
       0
       2
       3
       0
       1
       0
       1
       2
       2
       0
       0
       2
       2
       1
       3
       1
       1
       1
       4
       2
       5
       4
       0
       1
       0
       1
       1
       3
       2
       3
       2
       3
       0
       1
       0
       1
       0
       1
       1
       3
       1
       5
       1
       3
       3
       2
       1
       3
       1
       3
       2
       4
       1
       0
       0
       0
       1
       0
       0
       1
       1
       1
       1
       1
       3
       1
       4
       1
       3
       4
       1
       0
       1
       2
       3
       2
       0
       0
       1
       0
       2
       3
       2
       2
       4
       2
       6
       1
       1
       1
       0
       1
       0
       0
       4
       1
       0
       1
       2
       0
       1
       0
       0
       1
       2
       0
       1
       0
       0
       2
       1
       3
       5
       4
       2
       0
       0
       1
       1
       4
       2
       3
       3
       2
       1
       2
       2
       3
       0
       0
       1
       0
       2
       0
       1
       0
       1
       1
       3
       4
       1
       1
       0
       0
       1
       0
       1
       0
       1
       1
       2
       1
       2
       0
       2
       2
       0
       3
       0
       1
       0
       3
       1
       3
       1
       1
       3
       2
       3
       0
       3
       3
       4
       7
      10
       4
       7
       1
       3
       2
       0
       2
       0
       0
       1
       4
       1
       1
       3
       0
       1
       1
       2
       1
       1
       0
       1
       2
       1
       1
       1
       3
       3
       0
       0
       0
       2
       3
       0
       0
       2
       1
       1
       2
       4
       3
       1
       0
       1
       1
       0
       1
       4
       0
       0
       0
       2
       1
       0
       2
       0
       3
       2
       2
       0
       1
       0
       1
       0
       2
       2
       0
       1
       1
       0
       1
       1
       0
       0
       2
       5
       4
       1
       1
       3
       1
       0
       3
       0
       0
       1
       2
       0
       0
       2
       1
       2
       1
       0
       1
       2
       0
       1
       4
       1
       5
       5
       3
       3
       1
       4
       1
       1
       0
       0
       1
       0
       0
       1
       1
       2
       1
       0
       0
       1
       3
       0
       0
       0
       1
       2
       1
       1
       3
       0
       1
       0
       1
       1
       2
       1
       1
       0
       0
       0
       3
       3
       0
       0
       0
       0
       1
       0
       0
       2
       1
       1
       0
       0
       0
       0
       0
       1
       1
       0
       0
       1
       0
       0
       2
       4
       3
       6
       3
       3
       6
       4
       0
       2
       0
       1
       1
       1
       2
       2
       0
       0
       1
       1
       1
       2
       1
       1
       0
       3
       4
       1
       2
       2
       1
       0
       0
       1
       0
       1
       1
       0
       0
       1
       0
       3
       0
       3
       0
       0
       2
       0
       0
       1
       2
       0
       0
       0
       1
       1
       0
       1
       1
       1
       2
       0
       0
       0
       1
       2
       0
       1
       0
       1
       1
       0
       0
       0
       1
       0
       0
       1
       1
       1
       1
       2
       0
       0
       0
       2
       0
       1
       0
       0
       0
       0
       0
       1
       0
       1
       1
       2
       1
       2
       0
       1
       0
       1
       0
       1
       0
       0
       1
       0
       0
       2
       2
       2
       3
       2
       0
       0
       2
       3
       2
       2
       1
       0
       0
       1
       0
       0
       0
       2
       0
       0
       1
       0
       0
       2
       0
       2
       2
       0
       0
       0
       0
       0
       0
       0
       0
       3
       0
       1
       0
       0
       0
       1
       1
       2
       1
       2
       4
       5
       4
      12
      19
      23
      20
      22
      14
       7
       4
       2
       3
       0
       1
       1
       2
       0
       0
       0
       0
       1
       0
       0
       0
       0
       0
       2
       1
       0
       1
       0
       0
       0
       0
       1
       0
       0
       0
       0
       1
       0
       0
       0
       2
       0
       0
       1
       0
       0
       1
       1
       0
       1
       1
       1
       0
       0
       1
       1
       0
       1
       0
       1
       4
       1
       1
       0
       1
       0
       2
       0
       1
       0
       0
       0
       0
       0
       0
       0
       0
       0
       0
       0
       2
       1
       1
       0
       1
       0
       0
       0
       0
       1
       0
       2
       0
       0
       3
       0
       0
       1
       1
       1
       0
       0
       1
       0
       1
       0
       2
       0
       0
       1
       0
       0
       0
       3
       0
       2
       1
       0
       0
       1
       1
       0
       0
       0
       1
       0
       0
       1
       0
       0
       1
       0
       0
       1
       1
       0
       0
       0
       0
       1
       1
       1
       1
       0
       2
       0
       0
       1
       0
       1
       0
       0
       1
       0
       0
       0
       1
       0
       0
       1
       0
       1
       0
       0
       0
       1
       0
       0
       0
       0
       1
       1
       1
       1
       0
       1
       1
       0
       1
       0
       0
       0
       0
       1
       1
       0
       0
       0
       0
       0
       0
       1
       0
       1
       0
       0
       0
       2
       1
       1
       0
       0
       3
       0
       2
       0
       0
       0
       2
       0
       1
       1
       0
       0
       0
       0
       0
       0
       1
       0
       1
       0
       0
       0
       0
       0
       0
       0
       1
       0
       0
       1
       0
       0
       0
       1
       0
       0
       0
       0
       1
       0
       0
       2
       1
       2
       0
       1
       0
       1
       0
       1
       0
       0
       0
       0
       0
       0
       0
       0
       0
       1
       0
       0
       0
       0
       1
       0
       0
       0
       3
       0
       0
       1
       1
       1
       0
       0
       0
       0
       1
       0
       0
       0
       1
       0
       1
       0
       0
       0
       0
       0
       1
       1
       0
       0
       0
       0
       0
       0
       0
       0
       0
       0
       1
       0
       0
       0
       0
       0
       0
       0
       0
       2
       0
       1
       1
       1
       0
       1
       0
       0
       1
       0
       0
       0
       1
       1
       2
       1
       0
       0
       1
       0
       0
       0
       1
       1
       1
       0
       0
       1
       1
       5
       2
       7
      12
      15
       9
      13
      11
       9
       8
       1
       0
       0
       0
       0
       0
       1
       0
       0
       1
       0
       0
       0
       0
       0
       0
       0
       0
       0
       0
       0
       0
       0
       0
       0
       0
       0
       0
       1
       0
       0
       0
       0
       0
       1
       0
       0
       0
       0
       0
       0
       0
       1
       0
       0
       0
       0
       0
       1
       1
       0
       0
       0
       1
       0
       0
       1
       0
       0
       0
       0
       0
       1
       0
       0
       1
       1
       0
       0
       2
       0
       1
       0
       0
       0
       0
       1
       1
       0
       0
       1
       0
       0
       0
       0
       0
       0
       0
       0
       1
       0
       0
       0
       0
       0
       1
       1
       0
       0
       0
       0
       1
       0
       0
       0
       1
       0
       1
       0
       0
       0
       0
       0
       0
       0
       2
       0
       1
       0
       1
       1
       0
       0
       0
       0
       1
       0
       0
       1
       0
       0
       0
       1
       0
       1
       0
       0
       0
       0
       0
       0
       0
       0
       0
       0
       1
       0
       0
       0
       0
       1
       0
       0
       0
       0
       1
       0
       0
       0
       0
       0
       0
       0
       0
       3
       1
       1
       0
       0
       0
       0
       0
       1
       1
       0
       0
       0
       0
       0
       1
       0
       0
       0
       0
       0
       1
       0
       1
       1
       0
       1
       0
       0
       2
       0
       2
       0
       0
       1
       0
       1
       0
       0
       1
       0
       2
       0
       0
       0
       1
       0
       1
       0
       1
       0
       0
       0
       0
       0
       0
       1
       0
       0
       0
       0
       0
       0
       0
       1
       0
       0
       1
       0
       0
       0
       0
       0
       1
       0
       0
       0
       0
       1
       0
       0
       1
       0
       1
       1
       0
       0
       0
       0
       0
       0
       0
       0
       1
       0
       0
       0
       0
       0
       0
       0
       0
       0
       0
       1
       0
       0
       0
       0
       0
       0
       0
       1
       2
       1
       2
       0
       0
       0
       2
       0
       0
       1
       0
       0
       0
       1
       0
       1
       0
       1
       0
       0
       0
       0
       1
       0
       0
       0
       0
       0
       0
       0
       0
       0
       0
       0
       0
       1
       0
       1
       0
       0
       0
       0
       0
       0
       0
       0
       0
       0
       0
       0
       1
       0
       0
       0
       1
       1
       0
       0
       0
       2
       1
       0
       0
       0
       0
       0
       0
       0
       0
       0
       0
       0
       0
       0
       0
       0
       0
       1
       0
       0
       0
       0
       0
       0
       1
       0
       0
       0
       0
       0
       0
       0
       0
       0
       0
       0
       0
       0
       1
       0
       0
       0
       0
       0
       0
       0
       0
       0
       0
       1
       0
       0
       0
       0
       0
       0
       1
       0
       0
       0
       0
       0
       0
       0
       0
       0
       0
       0
       0
       0
       1
       0
       0
       0
       1
       1
       0
       1
       0
       1
       0
       0
       0
       0
       0
       0
       1
       4
       3
       2
       1
       2
       0
       0
       0
       0
       0
       0
       0
       0
       0
       0
       0
       0
       0
       0
       0
       0
       0
       0
       0
       0
       0
       0
       1
       0
       0
       0
       0
       0
       0
       0
       0
       1
       1
       0
       1
       0
       0
       0
       0
       0
       0
       0
       0
       0
       0
       0
       0
       0
       1
       0
       0
       0
       0
       0
       1
       1
       0
       0
       0
       0
       0
       0
       0
       0
       0
       1
       0
       0
       0
       0
       0
       0
       0
       0
       1
       0
       0
       0
       1
       0
       0
       0
       1
       0
       0
       0
       1
       0
       0
       0
       0
       0
       0
       0
       0
       0
       0
       1
       1
       0
       0
       0
       0
       0
       0
       0
       1
       0
       0
       0
       2
       0
       0
       0
       1
       0
       0
       0
       0
       0
       0
       0
       0
       3
       0
       0
       0
       0
       0
       0
       0
       0
       0
       0
       0
       0
       0
       0
       0
       0
       0
       0
       0
       0
       0
       0
       0
       0
       1
       0
       0
       1
       0
       0
       0
       0
       0
       0
       0
       0
       0
       0
       0
       0
       0
       0
       0
       0
       0
       0
       0
       0
       0
       1
       0
       0
       0
       0
       0
       0
       0
       0
       0
       0
       0
       0
       0
       0
       0
       0
       0
       0
       1
       0
       0
       0
       0
       0
       0
       0
       0
       1
       0
       0
       0
       0
       0
       0
       1
       0
       0
       0
       0
       0
       0
       1
       0
       0
       1
       1
       0
       0
       0
       0
       0
       0
       0
       0
       0
       0
       0
       0
       0
       0
       0
       1
       0
       0
       0
       0
       1
       0
       0
       0
       0
       0
       0
       0
       0
       0
       0
       0
       0
       0
       0
       0
       0
       1
       0
       0
       0
       0
       0
       0
       0
       0
       0
       1
       0
       0
       0
       0
       0
       0
       2
       0
       0
       0
       1
       0
       0
       0
       0
       0
       1
       0
       0
       1
       0
       0
       0
       0
       0
       0
       0
       0
       0
       0
       0
       0
       0
       0
       0
       0
       0
       0
       0
       0
       0
       0
       0
       0
       1
       0
       0
       1
       0
       0
       0
       0
       0
       0
       0
       0
       0
       0
       0
       0
       0
       0
       0
       0
       1
       0
       0
       0
       0
       0
       0
       0
       0
       0
       0
       0
       0
       1
       0
       0
       0
       0
       0
       0
       0
       0
       0
       0
       1
       0
       0
       0
       0
       0
       0
       0
       0
       0
       0
       0
       0
       0
       0
       0
       0
       0
       0
       0
       0
       0
       0
       0
       0
       0
       0
       0
       0
       0
       2
       0
       0
       1
       2
       1
       0
       0
       0
       1
       2
       0
       1
       3
       0
       1
       1
       1
       0
       0
       0
       0
       0
       0
       1
       0
       0
       0
       0
       0
       0
       0
       0
       0
       0
       0
       0
       0
       1
       0
       1
       0
       1
       0
       0
       0
       0
       0
       0
       0
       0
       0
       0
       0
       0
       0
       0
       0
       0
       0
       1
       0
       0
       0
       0
       1
       0
       0
       0
       0
       0
       1
       0
       0
       0
       0
       0
       0
       0
       1
       0
       0
       0
       0
       0
       0
       0
       0
       0
       0
       1
       0
       0
       0
       0
       1
       0
       0
       0
       0
       1
       0
       0
       0
       0
       0
       0
       0
       0
       0
       0
       0
       1
       0
       0
       0
       0
       1
       0
       1
       0
       0
       0
       0
       0
       0
       0
       0
       1
       0
       0
       0
       0
       0
       0
       0
       0
       0
       1
       0
       0
       0
       0
       0
       0
       0
       0
       0
       0
       0
       1
       0
       0
       0
       0
       0
       0
       0
       0
       0
       0
       0
       0
       0
       0
       0
       0
       0
       0
       1
       1
       0
       0
       0
       0
       0
       0
       0
       0
       0
       0
       0
       0
       0
       0
       0
       0
       0
       0
       0
       0
       0
       0
       0
       0
       1
       0
       0
       1
       0
       0
       0
       0
       0
       0
       0
       0
       0
       0
       0
       0
       0
       0
       0
       0
       0
       0
       1
       0
       0
       0
       1
       0
       0
       1
       0
       0
       0
       0
       0
       0
       0
       1
       0
       0
       0
       0
       0
       0
       0
       0
       0
       0
       0
       0
       0
       0
       0
       0
       0
       0
       0
       0
       0
       0
       1
       0
       0
       0
       0
       0
       0
       0
       0
       0
       0
       0
       0
       0
       0
       0
       0
       0
       0
       0
       0
       0
       0
       0
       1
       0
       0
       0
       0
       0
       0
       0
       0
       0
       0
       0
       0
       0
       0
       0
       0
       0
       1
       0
       0
       0
       0
       0
       0
       0
       0
       0
       0
       0
       0
       0
       0
       0
       0
       1
       0
       0
       0
       0
       0
       1
       0
       1
       0
       0
       0
       0
       0
       0
       0
       0
       0
       0
       0
       0
       0
       0
       0
       0
       0
       0
       0
       0
       0
       0
       2
       0
       0
       0
       0
       0
       0
       0
       0
       0
       0
       0
       0
       0
       0
       0
       0
       0
       0
       0
       1
       0
       0
       0
       0
       0
       0
       0
       0
       0
       0
       0
       0
       0
       0
       0
       0
       0
       0
       0
       0
       0
       0
       0
       0
       0
       0
       0
       0
       0
       0
       0
       1
       0
       0
       1
       0
       0
       0
       0
       0
       1
       1
       1
       0
       1
       0
       0
       0
       0
       0
       0
       1
       0
       0
       0
       0
       0
       0
       0
       0
       0
       0
       0
       0
       0
       0
       0
       0
       0
       0
       0
       0
       0
       0
       0
       0
       0
       0
       0
       0
       0
       0
       0
       0
       0
       0
       0
       1
       0
       0
       0
       0
       0
       0
       0
       0
       0
       0
       0
       0
       0
       0
       0
       0
       0
       1
       0
       1
       0
       0
       1
       0
       0
       0
       1
       0
       0
       0
       0
       0
       0
       0
       0
       0
       0
       0
       0
       0
       0
       0
       0
       0
       1
       0
       0
       1
       1
       0
       0
       0
       0
       0
       0
       0
       0
       0
       0
       0
       0
       0
       0
       0
       0
       0
       0
       1
       0
       0
       0
       0
       0
       0
       0
       0
       0
       0
       0
       0
       0
       0
       0
       1
       0
       0
       0
       0
       1
       0
       0
       0
       0
       0
       0
       0
       0
       0
       1
       0
       0
       0
       0
       0
       1
       1
       0
       0
       0
       0
       0
       0
       1
       0
       0
       0
       0
       0
       0
       0
       0
       0
       0
       0
       0
       0
       1
       0
       0
       0
       0
       0
       0
       0
       0
       0
       0
       0
       0
       0
       0
       0
       0
       0
       0
       0
       0
       0
       0
       0
       0
       0
       1
       0
       0
       0
       0
       0
       0
       0
       0
       0
       0
       0
       0
       0
       0
       0
       0
       0
       0
       0
       0
       0
       0
       0
       0
       0
       0
       0
       0
       0
       1
       0
       0
       0
       0
       0
       0
       1
       0
       0
       0
       0
       0
       0
       0
       0
       0
       0
       0
       0
       0
       0
       0
       0
       0
       0
       0
       0
       0
       0
       1
       0
       0
       0
       0
       0
       2
       0
       0
       0
       0
       0
       0
       0
       0
       0
       0
       1
       0
       0
       0
       0
       0
       0
       0
       0
       0
       0
       0
       0
       0
       0
       0
       0
       0
       0
       0
       0
       0
       0
       0
       0
       0
       0
       1
       0
       0
       0
       0
       0
       0
       0
       0
       0
       0
       1
       0
       0
       0
       0
       0
       0
       0
       0
       1
       0
       1
       1
       2
       0
       0
       0
       2
       1
       0
       0
       0
       0
       0
       0
       0
       0
       1
       0
       0
       1
       0
       0
       0
       0
       0
       0
       0
       0
       0
       0
       0
       0
       0
       0
       1
       0
       0
       0
       0
       0
       0
       0
       0
       0
       0
       0
       0
       0
       0
       0
       0
       0
       0
       0
       0
       0
       0
       0
       0
       0
       0
       0
       0
       0
       0
       0
       0
       0
       0
       0
       0
       0
       0
       0
       0
       0
       0
       1
       0
       0
       0
       0
       0
       0
       0
       0
       0
       0
       0
       0
       0
       0
       0
       0
       0
       0
       0
       0
       1
       0
       0
       0
       0
       0
       0
       0
       0
       0
       0
       0
       0
       0
       0
       0
       0
       0
       0
       1
       0
       0
       0
       0
       0
       0
       0
       0
       0
       1
       0
       0
       0
       0
       0
       0
       0
       1
       0
       0
       0
       0
       0
       0
       0
       0
       0
       0
       0
       0
       0
       0
       0
       0
       0
       0
       0
       0
       0
       0
       0
       0
       0
       0
       0
       1
       0
       0
       0
       0
       0
       0
       0
       0
       0
       0
       0
       0
       0
       0
       0
       0
       0
       1
       0
       0
       0
       0
       0
       0
       0
       0
       0
       0
       0
       0
       0
       0
       1
       0
       0
       0
       0
       0
       0
       0
       0
       0
       0
       0
       0
       0
       0
       0
       0
       0
       0
       0
       0
       0
       0
       0
       0
       0
       0
       0
       0
       0
       0
       0
       0
       0
       0
       0
       1
       0
       0
       0
       0
       0
       0
       0
       0
       0
       0
       0
       0
       0
       0
       0
       0
       0
       0
       0
       0
       0
       0
       0
       0
       0
       0
       0
       0
       0
       0
       0
       0
       0
       0
       0
       0
       0
       0
       0
       0
       0
       0
       0
       0
       0
       0
       0
       0
       0
       0
       0
       0
       0
       0
       0
       0
       0
       1
       0
       0
       0
       0
       0
       0
       0
       0
       0
       0
       0
       0
       0
       0
       0
       0
       0
       0
       0
       0
       0
       0
       0
       0
       0
       0
       0
       0
       0
       0
       0
       0
       0
       0
       0
       0
       0
       0
       0
       0
       0
       0
       0
       0
       0
       0
       0
       1
       0
       0
       0
       0
       0
       0
       0
       0
       0
       0
       0
       0
       1
       0
       0
       0
       0
       0
       0
       0
       0
       0
       0
       0
       0
       1
       0
       0
       0
       0
       0
       0
       0
       0
       0
       0
       0
       0
       0
       0
       0
       0
       0
       1
       0
       0
       0
       0
       0
       0
       0
       0
       0
       0
       0
       0
       0
       0
       0
       1
       0
       0
       0
       0
       0
       0
       0
       0
       0
       0
       0
       0
       0
       0
       0
       0
       0
       0
       0
       0
       0
       0
       0
       0
       0
       0
       0
       0
       0
       0
       0
       1
       0
       0
       0
       0
       0
       1
       0
       0
       0
       0
       0
       0
       0
       1
       0
       0
       0
       0
       0
       0
       0
       1
       0
       0
       0
       0
       0
       0
       0
       0
       0
       0
       0
       0
       0
       0
       0
       0
       0
       0
       0
       0
       0
       0
       1
       0
       0
       0
       0
       0
       0
       0
       0
       0
       0
       0
       0
       0
       0
       0
       0
       0
       0
       0
       0
       0
       0
       0
       0
       2
       0
       0
       0
       0
       0
       0
       0
       0
       0
       0
       0
       0
       0
       0
       0
       0
       0
       0
       0
       0
       0
       0
       0
       0
       0
       0
       1
       0
       0
       0
       0
       0
       1
       0
       0
       0
       0
       0
       0
       0
       0
       0
       0
       0
       0
       0
       0
       0
       0
       1
       0
       0
       0
       0
       0
       0
       0
       0
       0
       0
       0
       0
       0
       0
       0
       0
       0
       0
       0
       0
       0
       0
       0
       0
       0
       0
       1
       0
       0
       0
       0
       0
       0
       0
       0
       0
       0
       0
       0
       0
       0
       0
       0
       1
       0
       0
       0
       0
       0
       0
       0
       1
       1
       0
       0
       0
       0
       0
       0
       0
       0
       0
       0
       0
       0
       0
       1
       0
       0
       0
       0
       0
       0
       0
       0
       0
       0
       0
       0
       1
       0
       0
       0
       0
       0
       0
       0
       0
       0
       0
       0
       0
       0
       0
       0
       1
       0
       0
       0
       0
       1
       0
       0
       0
       0
       0
       0
       0
       0
       0
       0
       0
       0
       0
       0
       0
       0
       0
       0
       0
       0
       0
       0
       0
       0
       0
       0
       0
       0
       0
       0
       0
       0
       0
       0
       0
       0
       0
       0
       0
       0
       0
       0
       0
       1
       0
       0
       0
       0
       0
       0
       0
       0
       0
       0
       0
       0
       0
       0
       0
       0
       0
       0
       0
       0
       0
       0
       0
       0
       0
       0
       0
       0
       0
       0
       0
       0
       0
       0
       0
       0
       0
       0
       0
       0
       0
       0
       0
       0
       0
       0
       0
       0
       0
       0
       0
       0
       0
       0
       0
       0
       0
       0
       0
       0
       0
       0
       0
       0
       0
       0
       0
       0
       0
       0
       0
       0
       0
       0
       0
       0
       0
       0
       0
       0
       0
       0
       0
       0
       0
       0
       0
       0
       0
       0
       0
       0
       0
       0
       0
       0
       0
       0
       0
       0
       0
       0
       0
       0
       0
       0
       2
       0
       0
       0
       0
       0
       0
       0
       0
       0
       0
       0
       0
       0
       1
       0
       0
       0
       0
       0
       0
       0
       0
       0
       0
       0
       0
       0
       0
       0
       0
       0
       0
       0
       0
       0
       0
       0
       0
       0
       0
       0
       0
       0
       0
       0
       0
       0
       0
       0
       0
       0
       0
       0
       0
       0
       0
       0
       0
       0
       0
       0
       0
       0
       0
       0
       0
       0
       0
       0
       0
       0
       0
       0
       0
       0
       0
       0
       0
       0
       0
       0
       0
       0
       0
       0
       0
       0
       0
       0
       0
       0
       1
       0
       0
       0
       0
       0
       0
       0
       0
       0
       0
       0
       0
       0
       0
       0
       0
       0
       0
       0
       0
       0
       0
       0
       0
       0
       0
       0
       0
       0
       0
       0
       0
       0
       0
       0
       0
       0
       0
       0
       0
       0
       0
       0
       0
       0
       0
       0
       0
       0
       0
       0
       0
       0
       0
       0
       0
       0
       0
       0
       0
       0
       0
       0
       0
       0
       0
       0
       0
       0
       0
       0
       0
       0
       0
       0
       0
       1
       0
       0
       0
       0
       0
       0
       0
       0
       0
       0
       0
       0
       0
       0
       0
       0
       0
       0
       0
       0
       0
       0
       0
       0
       0
       0
       0
       0
       0
       0
       0
       0
       0
       0
       0
       0
       0
       0
       0
       0
       0
       0
       0
       0
       0
       0
       0
       0
       0
       0
       0
       0
       0
       0
       0
       0
       0
       0
       0
       0
       0
       0
       0
       0
       0
       0
       0
       0
       0
       0
       0
       0
       0
       0
       0
       0
       0
       0
       0
       0
       2
       4
       1
       3
       2
       3
       3
       0
       0
       1
       0
       0
       0
       0
       0
       0
       0
       0
       0
       0
       0
       0
       0
       0
       0
       0
       0
       0
       0
       0
       0
       0
       0
       0
       0
       0
       0
       0
       0
       0
       0
       0
       0
       0
       0
       0
       0
       0
       0
       0
       0
       0
       0
       0
       0
       0
       0
       0
       0
       0
       0
       0
       0
       0
       0
       0
       0
       0
       0
       0
       0
       0
       0
       0
       0
       0
       1
       0
       0
       0
       0
       0
       0
       0
       0
       0
       0
       0
       0
       0
       0
       0
       0
       0
       0
       0
       0
       0
       0
       0
       0
       0
       0
       0
       0
       0
       0
       0
       0
       0
       0
       0
       0
       0
       0
       0
       0
       0
       0
       1
       0
       0
       0
       0
       0
       0
       0
       0
       0
       0
       0
       0
       0
       0
       0
       0
       0
       0
       0
       0
       0
       0
       0
       0
       0
       0
       0
       0
       0
       0
       0
       0
       0
       0
       0
       0
       0
       0
       0
       0
       0
       0
       0
       0
       0
       0
       0
       0
       0
       0
       0
       0
       0
       0
       0
       0
       0
       0
       0
       0
       0
       0
       0
       0
       0
       0
       0
       0
       0
       0
       0
       0
       0
       0
       0
       0
       0
       0
       0
       0
       0
       0
       0
       0
       0
       0
       0
       0
       0
       0
       0
       0
       0
       0
       0
       0
       0
       0
       0
       0
       0
       0
       0
       0
       0
       0
       0
       0
       0
       0
       0
       0
       0
       0
       0
       0
       0
       0
       0
       0
       0
       0
       0
       0
       0
       0
       0
       0
       0
       0
       0
       0
       0
       0
       0
       0
       0
       0
       0
       0
       0
       0
       0
       0
       0
       0
       0
       0
       0
       0
       0
       0
       0
       0
       0
       0
       0
       0
       0
       0
       0
       0
       0
       0
       0
       0
       0
       0
       0
       0
       0
       0
       0
       0
       0
       0
       0
       0
       0
       0
       0
       0
       0
       0
       0
       0
       0
       0
       0
       0
       0
       0
       0
       0
       0
       0
       0
       0
       0
       0
       0
       0
       0
       0
       0
       0
       0
       0
       0
       0
       0
       0
       0
       0
       0
       0
       0
       0
       0
       0
       0
       0
       0
       0
       0
       0
       0
       0
       0
       0
       0
       0
       0
       0
       0
       0
       0
       0
       0
       0
       0
       0
       0
       0
       1
       0
       0
       0
       0
       0
       0
       0
       0
       0
       0
       0
       0
       0
       0
       0
       0
       0
       0
       0
       0
       0
       0
       0
       0
       0
       0
       0
       0
       0
       0
       0
       0
       0
       0
       0
       0
       0
       0
       0
       0
       0
       0
       0
       0
       0
       0
       0
       0
       0
       0
       0
       0
       0
       0
       0
       0
       0
       0
       0
       0
       0
       0
       0
       0
       0
       0
       0
       0
       0
       0
       0
       0
       0
       0
       0
       0
       0
       0
       0
       0
       0
       0
       0
       0
       0
       0
       0
       0
       0
       0
       0
       0
       0
       0
       0
       0
       0
       0
       0
       0
       0
       0
       0
       0
       0
       0
       0
       0
       0
       0
       0
       0
       0
       0
       0
       0
       0
       0
       0
       0
       0
       0
       0
       0
       0
       0
       0
       0
       0
       0
       0
       0
       0
       0
       0
       0
       0
       0
       0
       0
       0
       0
       0
       0
       0
       0
       0
       0
       0
       0
       0
       0
       0
       0
       0
       0
       0
       0
       0
       0
       0
       0
       0
       0
       0
       0
       0
       0
       0
       0
       0
       0
       0
       0
       0
       0
       0
       0
       0
       0
       0
       0
       0
       0
       0
       0
       0
       0
       0
       0
       0
       0
       0
       0
       0
       0
       0
       0
       0
       0
       0
       1
       0
       0
       0
       0
       0
       0
       0
       0
       0
       0
       0
       0
       0
       0
       0
       0
       0
       0
       0
       0
       0
       0
       0
       0
       0
       0
       0
       0
       0
       0
       0
       0
       0
       0
       0
       0
       0
       0
       0
       0
       0
       0
       0
       0
       0
       0
       0
       0
       0
       0
       0
       0
       0
       0
       0
       0
       0
       0
       0
       0
       0
       0
       0
       0
       0
       0
       0
       0
       0
       0
       0
       0
       0
       0
       0
       0
       0
       0
       0
       0
       0
       0
       0
       0
       0
       0
       0
       0
       0
       0
       0
       0
       0
       0
       0
       0
       0
       0
       0
       0
       0
       0
       0
       0
       0
       1
       0
       0
       0
       0
       0
       0
       0
       0
       0
       0
       0
       0
       0
       0
       0
       0
       0
       0
       0
       0
       0
       0
       0
       0
       0
       0
       0
       0
       0
       0
       0
       0
       0
       0
       0
       0
       0
       0
       0
       0
       0
       0
       0
       0
       0
       0
       0
       0
       0
       0
       0
       0
       0
       0
       0
       0
       0
       0
       0
       0
       0
       0
       0
       0
       0
       0
       0
       0
       0
       0
       0
       0
       0
       0
       0
       0
       0
       0
       0
       0
       0
       0
       0
       0
       0
       0
       0
       0
       0
       0
       0
       0
       0
       0
       0
       0
       0
       0
       0
       0
       1
       0
       0
       0
       0
       0
       0
       0
       0
       0
       0
       0
       0
       0
       0
       0
       0
       0
       0
       0
       0
       0
       0
       0
       0
       0
       0
       0
       0
       0
       0
       0
       0
       0
       0
       0
       0
       0
       0
       0
       0
       0
       0
       0
       0
       0
       0
       0
       0
       0
       0
       0
       0
       0
       0
       0
       0
       0
       0
       0
       0
       0
       0
       0
       0
       0
       0
       0
       0
       0
       0
       0
       0
       0
       0
       0
       0
       0
       0
       0
       0
       0
       0
       0
       0
       0
       0
       0
       0
       0
       0
       0
       0
       0
       0
       0
       0
       0
       0
       0
       0
       0
       0
       0
       0
       0
       0
       0
       0
       0
       0
       0
       0
       0
       0
       0
       0
       0
       0
       0
       0
       0
       0
       0
       0
       0
       0
       0
       0
       0
       0
       0
       0
       0
       0
       0
       0
       0
       0
       0
       0
       0
       0
       0
       0
       0
       0
       0
       0
       0
       0
       0
       0
       0
       0
       0
       0
       0
       0
       0
       0
       0
       0
       0
       0
       0
       0
       0
       0
       0
       0
       0
       0
       0
       0
       0
       0
       0
       0
       0
       0
       0
       0
       0
       0
       0
       0
       0
       0
       0
       0
       0
       0
       0
       0
       0
       0
       0
       0
       0
       0
       0
       0
       0
       0
       0
       0
       0
       0
       0
       0
       0
       0
       0
       0
       0
       0
       0
       0
       0
       0
       0
       0
       0
       0
       0
       0
       0
       0
       0
       0
       0
       0
       0
       0
       0
       0
       0
       0
       0
       0
       0
       0
       0
       0
       0
       0
       0
       0
       0
       0
       0
       0
       0
       0
       0
       0
       0
       0
       0
       0
       0
       0
       0
       0
       0
       0
       0
       0
       0
       0
       0
       0
       0
       0
       0
       0
       0
       0
       0
       0
       0
       0
       0
       0
       0
       0
       0
       0
       0
       0
       0
       0
       0
       0
       0
       0
       0
       0
       0
       0
       0
       0
       0
       0
       0
       0
       0
       0
       0
       0
       0
       0
       0
       0
       0
       0
       0
       0
       0
       0
       0
       0
       0
       0
       0
       0
       0
       0
       0
       0
       0
       0
       0
       0
       0
       0
       0
       0
       0
       0
       0
       0
       0
       0
       0
       0
       0
       0
       0
       0
       0
       0
       0
       0
       0
       0
       0
       0
       0
       0
       0
       0
       0
       0
       0
       0
       0
       0
       0
       0
       0
       0
       0
       0
       0
       0
       0
       0
       0
       0
       0
       0
       0
       0
       0
       0
       0
       0
       0
       0
       0
       0
       0
       0
       0
       0
       0
       0
       0
       0
       0
       0
       0
       0
       0
       0
       0
       0
       0
       0
       0
       0
       0
       0
       0
       0
       0
       0
       0
       0
       0
       0
       0
       0
       0
       0
       0
       0
       0
       0
       0
       0
       0
       0
       0
       0
       0
       0
       0
       0
       0
       0
       0
       0
       0
       0
       0
       0
       0
       0
       0
       0
       0
       0
       0
       0
       0
       0
       0
       0
       0
       0
       0
       0
       0
       0
       0
       0
       0
       0
       0
       0
       0
       0
       0
       0
       0
       0
       0
       0
       0
       0
       0
       0
       0
       0
       0
       0
       0
       0
       0
       0
       0
       0
       0
       0
       0
       0
       0
       0
       0
       0
       0
       0
       0
       0
       0
       0
       0
       0
       0
       0
       0
       0
       0
       0
       0
       0
       0
       0
       0
       0
       0
       0
       0
       0
       0
       0
       0
       0
       0
       0
       0
       0
       0
       0
       0
       0
       0
       0
       0
       0
       0
       0
       0
       0
       0
       0
       0
       0
       0
       0
       0
       0
       0
       0
       0
       0
       0
       0
       0
       0
       0
       1
       0
       0
       0
       0
       0
       0
       0
       0
       0
       0
       0
       0
       0
       0
       0
       0
       0
       0
       0
       0
       0
       0
       0
       0
       0
       0
       0
       0
       0
       0
       0
       0
       0
       0
       0
       0
       0
       0
       0
       0
       0
       0
       0
       0
       0
       0
       0
       0
       0
       0
       0
       0
       0
       0
       0
       0
       0
       0
       0
       0
       0
       0
       0
       0
       0
       0
       0
       0
       0
       0
       0
       0
       0
       0
       0
       0
       0
       0
       0
       0
       0
       0
       0
       0
       0
       0
       0
       0
       0
       0
       0
       0
       0
       0
       0
       0
       0
       0
       0
       0
       0
       0
       0
       0
       0
       0
       0
       0
       0
       0
       0
       0
       0
       0
       0
       0
       0
       0
       0
       0
       0
       0
       0
       0
       0
       0
       0
       0
       0
       0
       0
       0
       0
       0
       0
       0
       0
       0
       0
       0
       0
       0
       0
       0
       0
       0
       0
       0
       0
       0
       0
       0
       0
       0
       0
       0
       0
       0
       0
       0
       0
       0
       0
       0
$ROI:
0
$PRESETS:
Real Time
180
0
$ENER_FIT:
0.888569 0.390988
$MCA_CAL:
3
8.885689E-001 3.909876E-001 3.191953E-008 keV
$SHAPE_CAL:
3
0.000000E+000 0.000000E+000 0.000000E+000
