$SPEC_ID:
1
$SPEC_REM:
DET# 2
DETDESC# MCB 130 Normal
AP# Maestro Version 7.01
$DATE_MEA:
09/28/2019 04:18:41
$MEAS_TIM:
174 180
$DATA:
0 8191
       0
       0
       0
       0
       0
       0
       0
       0
       0
       0
       0
       0
       0
       0
       0
       0
       0
       0
       0
       0
       0
       0
       0
       0
       0
       0
      24
    1006
     315
     154
     179
     281
     310
     321
     242
     259
     254
     268
     314
     404
     406
     358
     267
     270
     281
     231
     214
     209
     253
     280
     258
     237
     214
     187
     182
     199
     193
     205
     236
     252
     219
     209
     217
     192
     213
     227
     242
     222
     230
     305
     431
     442
     337
     279
     279
     340
     363
     375
     350
     299
     267
     285
     224
     242
     244
     225
     275
     393
     611
     885
     877
     600
     287
     242
     197
     255
     234
     243
     252
     243
     287
     368
     430
     384
     315
     274
     249
     233
     200
     215
     202
     193
     239
     215
     197
     219
     185
     216
     205
     227
     194
     205
     201
     216
     312
     359
     324
     258
     220
     203
     202
     200
     210
     242
     208
     207
     209
     225
     197
     220
     213
     206
     215
     284
     468
     561
     418
     266
     196
     229
     215
     247
     194
     185
     210
     210
     211
     220
     223
     223
     236
     252
     214
     214
     226
     253
     232
     245
     225
     229
     221
     210
     240
     214
     237
     234
     225
     248
     222
     228
     240
     243
     261
     256
     270
     262
     237
     244
     239
     324
     291
     259
     270
     250
     276
     290
     237
     253
     248
     231
     262
     241
     255
     283
     396
     497
     488
     334
     270
     275
     257
     270
     252
     290
     310
     310
     269
     252
     255
     277
     311
     291
     294
     263
     259
     280
     242
     294
     282
     252
     293
     319
     351
     280
     281
     307
     273
     279
     330
     440
     586
     590
     384
     324
     265
     251
     266
     265
     329
     593
     736
     718
     496
     415
     352
     276
     262
     276
     263
     310
     280
     307
     323
     400
     408
     299
     281
     279
     317
     424
     471
     395
     298
     272
     256
     239
     244
     282
     272
     302
     321
     295
     370
     389
     357
     320
     276
     274
     236
     259
     258
     277
     306
     278
     287
     325
     320
     314
     280
     295
     258
     242
     259
     251
     238
     247
     255
     268
     254
     273
     252
     248
     252
     245
     258
     254
     246
     239
     220
     226
     215
     250
     239
     264
     215
     239
     233
     247
     267
     242
     250
     241
     226
     268
     227
     243
     234
     224
     242
     208
     233
     258
     219
     228
     243
     236
     232
     254
     212
     240
     264
     228
     241
     227
     224
     269
     524
    1127
    1672
    1162
     537
     289
     223
     193
     192
     242
     210
     202
     210
     249
     255
     277
     213
     215
     205
     196
     199
     170
     194
     210
     227
     237
     238
     245
     292
     376
     357
     260
     206
     166
     171
     190
     196
     193
     197
     163
     174
     206
     202
     181
     184
     193
     183
     188
     208
     211
     179
     195
     208
     178
     168
     214
     206
     164
     211
     192
     210
     176
     194
     166
     173
     181
     184
     179
     199
     192
     201
     172
     188
     176
     182
     167
     169
     173
     168
     171
     172
     169
     173
     176
     177
     201
     182
     168
     171
     169
     162
     187
     165
     163
     163
     184
     164
     217
     187
     196
     158
     194
     185
     187
     221
     242
     274
     242
     188
     175
     188
     170
     177
     176
     175
     172
     180
     167
     173
     200
     182
     172
     170
     162
     165
     156
     179
     152
     163
     136
     159
     157
     170
     156
     173
     148
     172
     172
     173
     159
     143
     170
     155
     174
     186
     223
     165
     190
     167
     140
     161
     159
     163
     153
     152
     194
     158
     139
     164
     158
     177
     164
     159
     140
     157
     159
     147
     152
     143
     135
     142
     147
     147
     158
     143
     159
     120
     164
     156
     187
     162
     165
     148
     154
     144
     150
     151
     167
     134
     150
     160
     148
     136
     141
     156
     156
     153
     149
     147
     163
     141
     151
     153
     132
     153
     161
     160
     204
     173
     145
     136
     140
     169
     165
     129
     126
     143
     155
     157
     138
     139
     136
     147
     121
     170
     354
     681
     921
     667
     386
     172
     166
     156
     137
     160
     167
     162
     145
     144
     129
     111
     121
     109
     151
     139
     127
     130
     125
     119
     118
     137
     134
     137
     154
     134
     151
     125
     142
     128
     136
     148
     122
     141
     142
     113
     128
     122
     134
     122
     121
     115
     127
     120
     118
     103
     104
      99
     120
     140
     329
    1160
    2812
    3743
    2737
    1031
     346
     113
     113
     104
     107
     103
     131
     123
     123
     150
     120
     122
     110
      90
     107
     110
     100
     100
      94
      82
     106
      79
     127
     104
     112
     113
     122
     113
      93
     132
     112
     110
     101
     116
     109
     106
     102
      84
     123
     187
     212
     297
     230
     140
     111
     113
     102
     107
      99
     104
     103
     103
     110
     109
     106
     110
     112
      95
     100
     102
     101
     135
     134
     125
     105
     106
     100
     130
     179
     141
     107
     110
      87
     111
     112
      97
     104
      85
     101
      84
     108
      75
      78
     111
     105
     108
     104
     107
     119
     102
     102
     117
      83
     104
     114
     141
     134
     137
     135
     104
      88
      94
     106
      88
      85
     118
     189
     493
     730
     675
     442
     201
     120
     118
     109
      87
      96
     108
     105
      88
      98
     112
     121
     121
     102
      86
      90
      88
      99
      80
      98
      95
      99
     104
      74
      75
      98
      99
     106
     140
     106
     104
      91
      98
      78
      93
      86
      94
     107
     114
      95
      89
      80
      96
      79
      94
      84
     109
     102
      87
      77
     101
      84
      91
     100
      90
     119
     125
     141
     136
     109
      85
     102
     113
      97
     111
     129
      99
     100
      76
      86
      97
      85
      96
     100
      76
      87
      77
      83
      80
      77
      99
      96
      91
      83
      95
     106
      86
     107
     113
      99
     104
      89
      91
      92
      72
      90
      84
      77
     110
      94
      88
     100
      90
      94
     106
     103
      88
      94
      96
      82
      85
      89
      81
      98
     101
      96
     106
     115
      96
      91
      79
      85
      87
      92
      92
      88
     115
      98
      90
     104
      95
      91
      82
      82
      82
      83
      88
      90
      82
      97
      72
      78
      87
     133
     133
     121
     117
     103
     100
     105
      89
      84
      88
      90
      90
      94
     109
     119
     113
     100
     101
      80
      69
      67
      75
      91
      84
      89
      63
      83
      79
      66
      79
      82
      79
      80
      84
      91
     127
     185
     189
     197
     110
      74
      78
      82
      82
      86
      72
      86
      71
      72
      78
      76
      75
      82
      70
      63
      67
      65
      75
      73
      76
      88
      70
      90
      74
      68
      74
      75
      89
      63
      66
      68
      67
      55
      73
      63
      77
      77
      71
      75
      73
      78
      65
      72
      72
      72
      58
      70
      63
      65
      70
      73
      75
      73
      81
      72
      74
      71
      58
      59
      69
      77
      70
      58
      75
      63
      62
      74
      67
      74
      70
      80
      50
      75
      81
      77
      65
      58
      57
      65
      66
      75
      65
      48
      60
      65
      71
      65
      52
      71
      71
      64
      69
      70
      71
      62
      57
      62
      57
      56
      72
      59
      66
      61
      64
      68
      49
      50
      61
      56
      54
      80
      66
      55
      79
      69
      51
      58
      70
      81
      46
      63
      62
      53
      57
      66
      61
      69
      68
      54
      66
      58
      79
     104
     100
      84
      79
      65
      56
      65
      69
      61
      63
      53
      75
      57
      55
      71
      55
      66
      70
      57
      60
      61
      59
      49
      58
      52
      62
      59
      54
      59
      55
      69
      56
      63
      61
      48
      51
      49
      74
      66
      72
      62
      54
      80
      62
      63
      62
      54
      57
      68
      57
      68
      76
      50
      66
      72
      60
      72
      57
      56
      64
      67
      68
      49
      73
      64
      54
      62
      59
      65
      54
      67
      56
      81
      61
      53
      51
      62
      64
      73
      66
      75
      63
      61
      77
      57
      58
      59
      54
      67
      74
      66
      64
      65
      56
      63
      61
      62
      70
      66
      53
      62
      61
      51
      79
      66
      62
      57
      56
      70
      63
      70
      53
      64
      69
      63
      55
      71
      48
      56
      59
      51
      65
      55
      58
      62
      54
      62
      58
      72
      73
      69
      80
      70
      66
      82
      80
      42
      64
      55
      43
      68
      49
      53
      54
      62
      65
      65
      54
      54
      72
      49
      70
      59
      47
      52
      51
      48
      55
      45
      49
      60
      54
      50
      44
      59
      39
      54
      55
      48
      61
      47
      51
      50
      51
      54
      67
      41
      57
      77
      62
      78
      69
      41
      58
      53
      48
      63
      59
      80
      68
      44
      46
      63
      57
      57
      39
      55
      53
      48
      40
      53
      46
      67
      58
      86
      65
      68
      63
      60
      43
      60
      61
      37
      48
      53
      64
      52
      49
      46
      60
      52
      45
      54
      46
      54
      63
      66
      75
      64
      53
      74
      97
     113
      81
      74
      57
      57
      58
      78
      65
      59
      53
      52
      58
      48
      50
      49
      45
      54
      36
      47
      41
      41
      45
      33
      39
      52
      54
      42
      52
      46
      57
      51
      47
      48
      42
      43
      59
      62
      99
     105
      82
      71
      60
      50
      47
      48
      69
      74
     137
     146
     131
      77
      61
      68
     116
     272
     643
    1028
    1036
     737
     312
     116
      70
      44
      44
      43
      36
      42
      50
      38
      37
      44
      44
      41
      65
      57
      90
      81
      70
      43
      44
      42
      36
      29
      43
      45
      48
      42
      48
      36
      41
      30
      42
      54
      44
      52
      51
      48
      56
      78
     113
      95
      81
      49
      42
      43
      45
      26
      60
      44
      36
      44
      32
      49
      37
      35
      41
      29
      40
      54
     102
     192
     415
     560
     578
     338
     189
      58
      38
      42
      33
      32
      31
      33
      37
      44
      54
      52
      58
      55
      27
      37
      23
      38
      34
      38
      33
      38
      30
      34
      26
      37
      42
      44
      44
      40
      44
      40
      33
      34
      33
      28
      38
      32
      36
      35
      30
      37
      35
      46
      30
      26
      32
      36
      24
      29
      34
      34
      28
      31
      36
      17
      29
      23
      27
      43
      40
      32
      22
      25
      29
      34
      36
      49
      31
      39
      39
      33
      32
      39
      19
      34
      38
      36
      36
      44
      35
      38
      35
      30
      40
      34
      36
      28
      29
      30
      20
      37
      34
      34
      31
      34
      32
      25
      32
      31
      31
      24
      32
      30
      26
      24
      26
      32
      30
      26
      28
      28
      32
      29
      34
      30
      38
      48
      34
      50
      37
      38
      24
      39
      27
      30
      29
      23
      30
      40
      49
      60
      70
      77
      53
      47
      47
      32
      27
      18
      34
      29
      26
      32
      25
      28
      36
      24
      26
      34
      25
      22
      27
      18
      23
      35
      32
      37
      22
      26
      31
      31
      36
      39
      35
      38
      27
      37
      27
      24
      23
      24
      28
      20
      23
      15
      26
      18
      31
      23
      31
      30
      20
      27
      29
      32
      42
      43
      56
      63
      41
      47
      31
      29
      27
      21
      30
      33
      23
      29
      24
      29
      25
      24
      35
      43
      26
      29
      37
      26
      22
      20
      22
      31
      16
      25
      33
      29
      18
      27
      22
      29
      22
      26
      31
      32
      28
      24
      21
      26
      23
      24
      18
      25
      29
      17
      26
      41
      18
      27
      35
      34
      36
      44
      59
      72
      85
      99
      96
      66
      51
      24
      28
      20
      19
      35
      63
     153
     401
     725
     871
     787
     475
     197
      61
      30
      26
      29
      25
      23
      26
      26
      35
      25
      28
      55
      61
      64
      46
      30
      36
      61
      85
     196
     248
     264
     192
     101
      50
      37
      34
      26
      26
      27
      46
      29
      24
      29
      25
      15
      15
      23
      19
      24
      34
      24
      28
      34
      31
      22
      24
      27
      26
      20
      21
      41
      27
      25
      28
      21
      31
      25
      19
      23
      31
      23
      26
      16
      17
      16
      27
      30
      22
      13
      26
      15
      17
      24
      14
      32
      22
      22
      31
      16
      23
      19
      18
      21
      17
      14
      23
      21
      18
      23
      14
      18
      19
      17
      24
      20
      24
      22
      20
      15
      17
      24
      18
      17
      20
      17
      14
      17
      22
      22
      21
      25
      22
      33
      20
      14
      24
      21
      23
      33
      31
      21
      19
      30
      22
      21
      25
      31
      16
      22
      20
      14
      10
      19
      17
      16
      25
      23
      22
      26
      20
      24
      20
      14
      19
      22
      30
      12
      17
      22
      16
      21
      25
      18
      20
      20
      27
      23
      38
      42
      47
      40
      36
      38
      42
      52
      47
      24
      24
      20
      25
      29
      29
      34
      29
      31
      22
      22
      25
      15
      30
      27
      19
      19
      23
      21
      19
      20
      23
      16
      23
      22
      21
      14
      14
      20
      22
      16
      17
      21
      31
      25
      31
      45
      68
      58
      50
      33
      31
      21
      54
     102
     292
     559
     682
     640
     437
     199
      90
      30
      21
      21
      23
      18
      24
      22
      18
      24
      65
     111
     180
     176
     122
      70
      38
      30
      25
      21
      27
      27
      30
      16
      18
      14
      16
      21
      30
      23
      28
      27
      23
      24
      21
      13
      20
      16
      15
      14
      26
      18
      26
      17
      26
      14
      20
      15
      15
      16
      21
      13
       9
       9
      27
      11
      11
      19
      30
      24
      27
      22
      17
      20
      16
      21
      14
      31
      35
      66
     132
     184
     178
     137
      72
      44
      28
      13
      15
      15
      15
      16
      20
      28
      31
      28
      29
      23
      16
      16
      26
      23
      18
      26
      28
      13
      16
      22
      19
      15
      12
      20
      18
      17
      14
      16
      22
      13
      15
      14
      18
      21
       9
      29
      17
      19
      18
      16
      22
      14
      16
      21
      17
      18
      17
      20
      22
      19
      28
      14
      14
      18
      25
      16
      17
      13
      22
      29
      23
      10
      22
      14
      21
      14
      11
      18
      19
       6
      20
      15
      17
      11
      30
      17
      19
      18
       9
      11
       9
      24
      11
      15
      19
      20
      15
      16
      20
      24
      26
      27
      22
      19
      39
      42
      44
      40
      26
      33
      20
      22
      15
      20
      18
      27
      15
      15
      12
      19
      20
       9
      20
       9
      16
      23
      16
      19
      18
      13
      16
      13
      25
      15
      24
      24
      21
      20
      16
      21
      12
      18
      17
       8
      18
      11
      15
      16
      13
      10
      16
      13
      19
      17
      12
      20
       9
      21
      10
       9
      19
      15
      18
      18
      17
      27
      37
      44
      40
      35
      25
      16
      13
      13
       8
      17
      14
      17
      10
      17
      19
      19
      10
      12
      19
      13
      18
      18
      24
      17
      18
      13
      13
      20
      14
       9
      12
      20
      10
      19
      13
      10
      10
      16
      19
      15
      28
      21
      16
      14
      11
      15
       5
      18
      24
      18
      20
      22
      23
      18
      20
      17
      14
      15
      11
      15
      15
      14
      17
      13
      15
      19
      14
      17
      16
      15
      17
      16
      13
      16
      11
      15
      12
      14
      12
      10
      19
      18
      10
      15
      20
       8
      23
      14
      15
      19
      10
      20
      17
      12
      11
      14
       9
      21
      35
      32
      47
      49
      35
      23
      19
      17
      15
      13
      16
      17
      19
      33
      23
      25
      24
      21
      20
       8
       6
      11
      17
      12
      11
      20
       9
      13
      13
      15
      16
       7
      13
      10
       8
      14
      14
      18
      25
      22
       8
      15
      10
      14
      14
      23
      11
      19
      19
      13
      11
       5
      14
      15
      18
      14
      14
      18
      15
      13
      15
      22
      15
      18
      23
      10
      19
       9
      17
      10
      11
      13
       9
      13
      14
       7
      13
      20
      12
      13
       7
      12
      15
      16
      13
      18
      17
      11
      12
      10
      17
      12
      17
      20
      21
      18
      11
      13
      12
      11
      15
      17
      18
      18
      29
      12
      10
      14
      19
      16
      11
      11
       5
      15
       5
      13
       8
      13
      12
      12
       8
      18
      16
       9
      12
      11
      13
      13
      18
      15
      28
      33
      28
      34
      17
      25
       9
      15
       7
       8
      17
      11
      13
      15
      13
      10
      19
       7
       8
      16
      19
      22
      38
      43
      55
      46
      29
      25
      19
      13
      15
       6
      13
      13
       8
      12
       6
       8
      11
      17
      11
       7
      12
       9
      16
      14
      11
      11
      15
      10
      14
       9
       8
      21
       9
      17
      22
      18
      14
       8
      14
       8
      17
      15
       9
      14
       9
      11
      10
      11
       9
      13
      15
      23
      33
      36
      36
      28
      24
      18
      14
      10
      12
      18
      14
      10
      12
      16
      10
       8
      13
      10
       7
      16
      12
      15
      14
      19
      14
       9
      12
      16
      19
      11
      25
      20
      20
      18
      12
      12
      16
      11
      16
      10
       8
      13
      16
      11
      13
      16
      13
      18
      25
      19
      15
      11
      15
      10
      12
       5
      10
      10
      10
      12
      11
       7
       6
      13
       8
      12
      10
       9
       8
       8
       9
       7
       9
      15
       9
      12
      14
      12
      13
      16
      10
      17
      10
      10
      11
      13
      12
      12
       9
       9
       7
       9
       8
      12
       6
      14
       6
      18
       7
      11
      12
       9
      15
      11
       7
      14
       9
      11
      16
      12
       5
       8
      16
       6
      13
      18
      10
       7
       5
       8
       9
       8
       8
       7
      16
       9
      15
      14
      13
      12
      11
      12
       8
       8
      12
      13
      14
      13
       8
      16
      11
      10
       9
       9
      11
      10
      16
      11
       9
      18
       7
      10
      13
      14
      11
      12
       9
      14
      13
      10
      11
       9
      13
      11
      10
      13
       8
      14
       9
      13
      14
       8
      20
      19
      14
      20
      35
      61
     116
     152
     154
     148
      83
      51
      29
      15
       8
       7
      10
      12
      10
       6
       9
      18
       8
      12
      12
       6
       9
      13
      12
       8
      11
       7
      14
       6
       9
      17
      14
       6
      10
      13
       5
      10
      18
      28
      39
      48
      30
      27
      13
       9
       8
       9
       7
      10
      13
      12
       6
      12
       9
      11
       8
      11
      10
      10
      14
       9
       7
       7
       7
      11
       7
       9
       9
      11
      10
      17
       7
       9
      11
       9
      13
      17
      14
       9
      11
      10
       8
       9
      15
      12
       9
       7
       7
       8
      15
      13
      11
      12
      10
      10
       9
       8
       9
       9
       7
       8
      10
       5
       9
       6
       7
       6
       8
      13
       3
       7
      11
      13
      11
       7
      12
       9
      11
       9
      11
       8
       8
       3
       7
       6
      12
       8
       8
       8
      15
       8
       5
      14
      12
      13
      12
       3
      11
      15
      10
       8
      14
      11
       5
       5
       3
      12
      11
      17
       8
      10
       8
      12
      12
      10
      12
      12
       7
      15
      13
      10
       7
      11
       4
       9
       5
       8
       6
       8
       9
       6
       7
       3
       7
       8
       4
       5
       8
       8
       2
      11
      11
       4
      11
       5
       8
       6
       9
      15
      10
       9
      10
      11
       4
      13
      11
       5
      14
      18
      11
      20
      15
      11
      11
      12
       8
      12
      10
      10
      15
       9
       8
       3
       7
       8
       9
       8
       5
       5
       3
       2
      12
      12
       7
       4
       7
       9
       7
       6
      10
       9
       9
       9
       7
       7
       9
       5
      11
      12
       7
       7
       5
       6
       7
       5
       9
      16
      15
      16
      12
      14
      12
      12
       7
       6
      10
       9
      17
      11
      20
      22
      15
       7
       6
      11
       8
      11
       7
       8
       6
      17
      10
      14
      23
      22
      39
      57
      74
      75
      55
      36
      19
      11
      16
       8
      18
       9
       7
       5
       8
      11
       9
       5
       8
       3
       9
      17
       5
       7
      15
       6
      11
      12
      11
      10
      10
       9
      10
      12
       5
      13
       6
      12
      11
       9
      12
       8
       6
      19
      14
      16
      21
      13
      10
       9
      10
       8
       7
       5
      10
      12
       8
       4
       5
      15
      12
       7
       6
       6
       9
       5
      11
       6
       7
      10
       9
       4
       8
       1
       5
      11
      16
       5
       7
      10
       5
       7
      10
       4
       6
      11
      10
      10
       9
       4
       5
       6
       4
      11
       6
       5
       9
       4
      10
      10
       8
       9
      10
      14
       4
      11
       9
       7
      12
      15
      20
       8
       7
      12
      14
       7
       7
       7
       9
       6
      12
       7
       9
       8
       3
       6
      11
       6
       9
       9
       2
       6
       7
      10
       7
       4
       4
       7
       7
      10
       3
       5
       5
      10
       9
       9
       7
       3
       3
       5
      11
       6
       6
      10
      12
       5
       7
       6
       4
       6
       7
       9
       9
       4
      10
       5
       6
      11
       6
      10
       4
       4
       7
       9
       3
       4
       8
       7
       7
      11
       7
       7
       8
       6
       8
       3
       4
       4
      11
       6
      14
       5
       7
       7
      12
       7
       9
       3
       6
       4
       5
       9
       6
      11
       6
       9
       4
       8
      11
       3
       7
       6
       4
      10
       5
       8
       6
      11
       7
       7
       7
      12
       6
       5
      11
       7
       6
      10
       7
       5
       4
       5
       8
       7
       8
       4
       8
       4
       6
       5
       7
      10
       9
      11
       9
       4
       5
       7
      11
       8
       8
       6
       7
      10
      10
       3
       6
       3
       9
       7
       4
       9
       6
       7
       6
       9
       7
      11
       7
       6
      11
       5
       9
       8
       9
       6
      12
      10
       4
       7
      14
       9
       9
       3
       2
      11
      12
       7
       8
       7
       4
       3
       2
       4
       4
       6
       7
       4
       5
       7
       5
       8
       8
       4
       5
       5
       6
       5
      11
      12
       5
       4
       5
       3
       7
       9
       5
       4
       4
       6
       1
       6
       9
       5
       8
       5
       6
       9
       8
      23
      38
      56
      79
      57
      63
      44
      29
      12
       9
       5
       8
       7
       6
       4
       5
       5
       5
       3
       1
       6
      11
       7
       7
       3
       6
       2
       4
       7
       7
      10
       6
       9
       4
       6
       6
       7
       6
       3
       6
       6
       9
       3
       3
       8
       7
       6
       6
       7
       6
       5
       6
       9
       7
       5
      11
       9
      13
       6
       3
       5
       2
       5
      10
       4
       5
       5
       6
       4
       8
       6
       4
       3
       6
       6
       3
       8
       7
       8
       7
       8
       6
       6
       8
       5
       6
       6
       5
       4
       2
       5
       9
       7
       7
       6
       5
      12
      11
      10
      12
      13
      23
       8
       9
       4
       2
       5
       3
       8
       2
       7
       7
       6
       3
       5
       2
       3
       4
       2
      10
       2
       5
       3
       2
       5
       7
       5
       3
       3
       4
       6
       1
       8
       3
       6
       9
       5
       5
       7
       4
       4
       3
       5
       6
       6
      10
       8
       9
       3
      11
       7
       7
       8
       3
       4
       7
       2
       7
       6
       6
       5
       4
       8
      14
       5
       4
       7
       4
       4
       6
       0
       4
       2
       5
       5
       6
       6
       4
       4
       3
       4
       5
       4
       6
       5
       3
       7
       4
       5
      14
      13
       1
       8
       3
       3
       2
       8
       3
       1
       3
       4
       9
       4
      14
       3
       3
       6
       8
       4
       1
       3
       8
       5
       2
       1
      10
       5
       6
       3
       3
       9
       3
       5
       5
       3
       2
       7
       5
       3
       3
       3
       3
       1
       4
       5
       4
       7
       8
       3
       6
       7
       5
       7
       4
       4
       4
       8
       5
       6
       6
       4
       6
       0
       5
       6
       5
       2
       6
       4
       4
       3
       3
       6
       6
       5
       4
       6
       5
       6
       7
       4
       6
       5
       6
       5
       3
       6
       4
       9
       8
       6
       7
       9
       5
       2
       5
       3
       4
       5
       6
      11
       1
       4
       9
       5
       3
       1
       5
       3
       6
       3
       6
       6
      10
       2
       2
       4
       6
       4
       4
       7
       4
       3
       6
       7
       4
      14
      10
      14
      17
      24
      19
      16
       9
       4
       8
       3
       2
       0
       2
       8
       4
       3
       5
       4
       4
       3
       2
       3
       5
       6
       2
       7
       5
       4
       1
       5
       6
       3
       7
       3
       6
       4
       6
       2
       4
       6
       8
       9
      12
       2
       5
       2
       6
       5
       5
       7
       7
       6
       6
       5
       9
       9
      11
      13
      11
       7
       7
       8
       2
       7
       3
       6
       4
       6
       3
       2
       6
       3
       5
       3
       4
       6
       3
       7
       9
      10
       5
       4
       7
       2
       2
       4
       1
       5
       6
       4
       4
       2
       2
       2
       8
       2
       0
       8
       0
       2
       5
       6
       4
       3
       4
       3
       4
       4
       4
       6
       2
       1
       1
       1
       4
       7
       5
       4
       6
       5
       3
       4
       4
       3
       1
       3
       1
       5
       1
       2
       4
       3
       2
       4
       6
       4
       5
       4
       3
       5
       2
       3
       0
       3
       4
       3
       6
       7
       4
       7
      10
       4
       5
       5
       6
       4
       2
       3
       4
       4
       6
       2
       4
       2
       6
       2
       3
       1
       8
       2
       9
       7
       3
       3
       1
       5
       6
       3
       4
       2
       3
       2
       6
       2
       3
       3
       6
       9
      10
       9
      17
      15
      23
      26
      15
      16
      15
      13
      22
      23
      22
      32
      14
      11
       4
       5
       2
       4
       5
       4
       5
       2
       7
       3
       4
       2
       5
       3
       4
       2
       3
       2
       3
       2
       2
       1
       1
       5
       5
       4
       3
       5
       3
       8
       6
       2
       6
       2
       3
       5
       4
       5
       2
       7
       3
       3
       4
       3
       3
       4
       3
       1
       1
       2
       3
       3
       3
       1
       1
       5
       5
       3
       2
       2
       3
       7
       0
       4
       3
       5
       2
       3
       3
       3
       4
       1
       2
       7
       3
       4
       5
       3
       4
       1
       3
       2
       5
       2
       1
       5
       4
       5
       2
       2
       5
       4
       7
       1
       6
      10
       3
       7
       4
       5
       3
       3
       4
       6
       7
       1
       2
       1
       0
       3
       3
       0
       5
       1
       4
       2
       5
       6
       3
       2
       5
       5
       6
       4
       1
       1
       3
       3
       3
       7
       1
       1
       4
       3
       3
       3
       7
       2
       4
       7
       2
       1
       1
       3
       2
       7
       3
       3
       1
       5
       5
       3
       4
       2
       1
       2
       3
       4
       4
       4
       4
       4
       2
       4
       3
       3
       4
       0
       1
       8
       4
       3
       3
       5
       3
       5
       2
       2
       2
       6
       1
       3
       3
       3
       3
       4
       2
       3
       6
       2
       2
       3
       2
       0
       1
       2
       4
       3
       3
       9
       1
       6
       1
       2
       3
       1
       3
       3
       2
       1
       5
       6
       7
       1
       3
       2
       2
       1
       0
       8
       3
       4
       1
       3
       1
       1
       3
       1
       2
       2
       4
       3
       5
       3
       4
       4
       4
       2
       1
       5
       4
       4
       1
       2
       2
       1
       2
       3
       2
       4
       3
       2
       6
       5
       3
       3
       3
       0
       3
       1
       0
       4
       3
       1
       3
       6
       4
       2
       5
       6
       3
       3
       1
       2
       1
       0
       4
       1
       6
       5
       5
       3
       5
       1
       0
       1
       5
       2
       1
       4
       3
       1
       4
       2
       1
       2
       6
       4
       4
       1
       6
       3
       1
       2
       3
       3
       4
       4
       2
       1
       1
       3
       0
       0
       1
       2
       2
       3
       0
       5
       6
       4
       2
       2
       3
       3
       4
       2
       2
       2
       3
       0
       2
       2
       1
       3
       3
       1
       5
       3
       5
      11
      16
      14
      15
       4
       3
       1
       5
       2
       2
       4
       0
       1
       5
       5
       2
       2
       3
       1
       3
       2
       3
       4
       1
       1
       0
       3
       0
       3
       1
       0
       3
       5
       4
       1
       2
       2
       6
       2
       4
       5
       2
       5
       3
       0
       1
       6
       3
       2
       1
       5
       5
       0
       1
       4
       1
       2
       1
       2
       1
       1
       2
       0
       3
       3
       2
       3
       3
       3
       3
       2
       1
       1
       2
       3
       2
       3
       1
       2
       3
       0
       2
       2
       2
       2
       1
       6
       0
       2
       2
       1
       2
       5
       2
       7
       1
       4
       0
       1
       3
       1
       2
       2
       2
       3
       2
       2
       0
       1
       2
       1
       1
       1
       3
       3
       2
       1
       2
       0
       2
       0
       2
       2
       1
       3
       1
       1
       2
       2
       4
       2
       3
       3
       2
       1
       3
       1
       3
       2
       1
       3
       1
       4
       2
       1
       3
       1
       2
       0
       3
       0
       2
       1
       3
       1
       0
       4
       2
       3
       1
       0
       0
       3
       3
       1
       4
       1
       2
       2
       0
       0
       6
       2
       1
       1
       1
       3
       1
       1
       4
       0
       1
       1
       0
       0
       4
       3
       3
       0
       2
       3
       0
       1
       2
       1
       2
       2
       1
       1
       0
       0
       3
       1
       4
       3
       3
       1
       6
       7
      13
      11
      22
      16
      15
       7
       9
       4
       1
       2
       1
       0
       1
       3
       2
       6
       3
       1
       3
       0
       4
       0
       1
       3
       1
       4
       2
       5
       0
       0
       4
       0
       4
       4
       3
       5
       3
       1
       0
       0
       2
       0
       0
       2
       0
       1
       2
       1
       1
       2
       5
       0
       1
       2
       2
       2
       3
       6
       2
       5
       1
       1
       2
       3
       0
       2
       3
       2
       2
       3
       3
       5
       2
       5
       7
       7
       6
       7
       5
       4
       2
       4
       3
       1
       3
       1
       3
       2
       3
       0
       4
       0
       2
       1
       1
       3
       1
       1
       3
       5
       4
       2
       4
       1
       3
       1
       0
       0
       2
       1
       2
       3
       1
       4
       1
       1
       5
       0
       4
       0
       1
       2
       1
       3
       1
       2
       3
       4
       0
       3
       0
       1
       2
       1
       1
       0
       1
       3
       4
       5
       3
       2
       0
       2
       0
       1
       3
       0
       4
       0
       2
       1
       2
       1
       2
       0
       2
       1
       1
       1
       2
       0
       3
       3
       3
       2
       1
       0
       1
       1
       5
       1
       1
       2
       2
       2
       0
       0
       1
       0
       2
       4
       1
       1
       2
       1
       3
       3
       4
       7
       3
       5
       2
       2
       1
       2
       0
       1
       2
       1
       0
       0
       1
       0
       3
       0
       0
       0
       1
       0
       4
       0
       3
       2
       2
       2
       5
       2
       1
       1
       3
       2
       3
       3
       5
       1
       2
       1
       0
       1
       1
       0
       0
       2
       1
       2
       3
       1
       0
       0
       3
       2
       0
       2
       1
       2
       0
       0
       0
       3
       1
       1
       5
       2
       1
       1
       1
       1
       3
       2
       3
       3
       1
       2
       1
       1
       0
       1
       1
       1
       0
       0
       1
       3
       0
       1
       3
       1
       1
       3
       2
       1
       1
       1
       1
       1
       2
       5
       8
      13
       8
      12
      10
      14
      14
       8
       6
       3
       3
       1
       1
       2
       4
       1
       2
       2
       0
       2
       1
       1
       1
       0
       0
       1
       0
       5
       1
       2
       2
       1
       3
       0
       2
       3
       0
       2
       1
       1
       0
       1
       2
       0
       3
       1
       3
       1
       1
       2
       1
       2
       4
       1
       1
       0
       1
       4
       1
       0
       1
       2
       1
       1
       1
       2
       2
       2
       3
       2
       1
       2
       0
       1
       0
       1
       4
       2
       0
       0
       2
       0
       0
       0
       0
       3
       1
       1
       0
       1
       1
       3
       1
       0
       0
       1
       2
       0
       0
       1
       1
       1
       0
       3
       1
       2
       2
       3
       2
       1
       2
       2
       0
       0
       1
       2
       3
       5
       1
       4
       6
       3
       3
       3
       1
       1
       1
       0
       0
       2
       2
       1
       0
       0
       0
       1
       0
       0
       0
       1
       0
       1
       1
       3
       2
       0
       1
       1
       2
       2
       2
       0
       0
       1
       1
       3
       1
       3
       1
       0
       1
       0
       2
       3
       0
       0
       1
       0
       0
       1
       0
       1
       1
       1
       1
       4
       0
       0
       1
       1
       1
       2
       1
       0
       1
       0
       0
       1
       0
       1
       1
       3
       1
       2
       2
       1
       2
       1
       1
       0
       1
       0
       1
       0
       5
       0
       1
       0
       2
       1
       1
       0
       0
       2
       1
       5
       0
       1
       0
       2
       0
       1
       0
       3
       1
       2
       1
       1
       2
       1
       1
       2
       3
       2
       2
       1
       2
       0
       2
       1
       1
       0
       3
       2
       3
       0
       1
       3
       0
       2
       0
       0
       2
       0
       0
       0
       1
       2
       1
       0
       1
       2
       0
       1
       2
       1
       0
       1
       0
       0
       0
       0
       1
       0
       0
       1
       1
       1
       0
       1
       2
       1
       0
       0
       0
       1
       0
       1
       2
       3
       1
       0
       0
       2
       0
       1
       1
       3
       2
       0
       1
       1
       2
       1
       0
       0
       2
       1
       2
       1
       0
       3
       0
       2
       1
       1
       1
       1
       4
       1
       0
       2
       0
       1
       1
       2
       4
       3
       0
       1
       2
       2
       4
       1
       2
       0
       3
       1
       2
       2
       0
       1
       0
       1
       0
       1
       0
       1
       0
       1
       0
       0
       2
       1
       1
       2
       1
       4
       1
       0
       1
       1
       0
       1
       1
       0
       0
       0
       0
       1
       0
       2
       0
       0
       0
       1
       0
       1
       0
       1
       0
       2
       1
       2
       5
       2
       2
       3
       2
       0
       1
       2
       2
       3
       1
       0
       1
       1
       1
       1
       1
       2
       3
       0
       1
       1
       1
       1
       1
       0
       0
       0
       1
       1
       1
       1
       0
       1
       0
       1
       0
       1
       1
       1
       0
       1
       1
       0
       2
       0
       0
       1
       0
       1
       4
       1
       0
       0
       3
       2
       0
       0
       0
       2
       0
       1
       1
       0
       1
       0
       1
       1
       1
       2
       1
       1
       2
       0
       4
       3
       0
       0
       1
       0
       0
       0
       2
       1
       2
       0
       1
       0
       1
       1
       2
       3
       0
       3
       0
       0
       1
       1
       1
       0
       1
       0
       0
       0
       0
       1
       1
       1
       0
       1
       0
       1
       0
       0
       1
       0
       1
       1
       2
       1
       1
       0
       2
       2
       1
       0
       0
       2
       2
       2
       0
       0
       1
       1
       0
       1
       1
       0
       0
       0
       0
       0
       0
       0
       0
       2
       1
       0
       1
       2
       0
       1
       1
       1
       2
       1
       1
       0
       0
       3
       1
       0
       1
       2
       0
       2
       1
       2
       0
       0
       0
       0
       1
       1
       1
       0
       0
       3
       0
       1
       0
       0
       0
       1
       1
       1
       0
       2
       1
       2
       2
       2
       0
       3
       2
       1
       1
       2
       0
       0
       0
       0
       0
       2
       0
       1
       2
       1
       0
       1
       2
       0
       0
       0
       0
       3
       0
       1
       0
       0
       0
       0
       0
       0
       0
       4
       1
       1
       2
       0
       1
       4
       1
       3
       0
       1
       0
       0
       1
       1
       0
       1
       0
       2
       0
       0
       0
       1
       1
       1
       1
       0
       1
       1
       0
       0
       2
       1
       3
       4
       0
       0
       1
       0
       1
       1
       1
       1
       1
       0
       2
       0
       0
       1
       1
       1
       0
       1
       2
       2
       1
       1
       0
       1
       0
       2
       0
       0
       1
       0
       0
       1
       0
       1
       0
       1
       0
       1
       0
       0
       1
       0
       0
       1
       0
       0
       2
       1
       2
       1
       0
       0
       2
       1
       1
       0
       1
       1
       0
       2
       0
       0
       1
       1
       0
       0
       1
       0
       0
       0
       1
       0
       0
       1
       0
       0
       0
       1
       0
       1
       1
       0
       0
       1
       1
       0
       0
       0
       0
       0
       1
       0
       1
       0
       1
       0
       0
       1
       1
       2
       0
       2
       0
       0
       0
       1
       1
       0
       1
       0
       0
       1
       0
       0
       0
       1
       1
       1
       0
       0
       2
       1
       3
       0
       1
       1
       0
       0
       1
       0
       0
       2
       0
       0
       1
       1
       1
       0
       1
       0
       3
       1
       0
       0
       0
       1
       1
       0
       1
       1
       0
       0
       0
       1
       1
       1
       1
       1
       0
       1
       0
       0
       2
       1
       1
       0
       2
       2
       0
       0
       2
       1
       1
       1
       3
       0
       0
       1
       0
       0
       0
       0
       0
       0
       0
       1
       0
       1
       0
       1
       0
       0
       0
       0
       0
       0
       0
       0
       0
       1
       0
       0
       2
       2
       1
       0
       2
       0
       0
       0
       2
       0
       1
       1
       0
       1
       1
       0
       1
       3
       0
       1
       1
       1
       1
       0
       1
       2
       2
       1
       0
       0
       0
       1
       1
       1
       1
       2
       1
       2
       0
       0
       0
       0
       0
       2
       2
       0
       0
       1
       1
       1
       1
       1
       0
       0
       0
       0
       0
       2
       0
       2
       1
       1
       0
       0
       0
       1
       0
       0
       1
       0
       1
       1
       1
       0
       1
       2
       0
       1
       0
       0
       0
       0
       3
       0
       0
       0
       0
       1
       0
       0
       0
       0
       0
       0
       2
       1
       0
       0
       1
       1
       1
       2
       0
       0
       0
       0
       1
       0
       2
       0
       3
       0
       0
       1
       1
       1
       0
       0
       1
       0
       0
       0
       1
       0
       1
       0
       0
       0
       0
       0
       1
       0
       0
       0
       0
       0
       0
       0
       0
       0
       1
       1
       2
       0
       0
       0
       0
       0
       0
       0
       0
       1
       0
       0
       0
       1
       0
       0
       0
       1
       0
       1
       0
       1
       0
       1
       0
       2
       1
       0
       0
       0
       2
       0
       1
       0
       0
       0
       2
       2
       1
       0
       4
       0
       0
       1
       2
       1
       1
       1
       1
       1
       1
       2
       4
       1
       0
       0
       1
       1
       0
       3
       1
       0
       1
       1
       0
       1
       0
       1
       1
       1
       1
       0
       1
       0
       1
       0
       3
       0
       1
       0
       1
       0
       0
       0
       1
       1
       1
       1
       0
       0
       1
       2
       1
       0
       1
       1
       0
       0
       1
       1
       0
       0
       1
       0
       0
       0
       1
       1
       0
       0
       1
       1
       2
       2
       0
       0
       0
       1
       0
       0
       1
       0
       0
       0
       2
       1
       0
       1
       0
       0
       0
       0
       0
       0
       2
       0
       1
       0
       1
       1
       0
       0
       2
       1
       0
       3
       1
       1
       0
       0
       1
       0
       0
       0
       0
       1
       1
       0
       0
       1
       0
       0
       0
       0
       1
       0
       0
       1
       0
       0
       1
       0
       0
       2
       1
       0
       1
       1
       0
       2
       0
       1
       0
       0
       0
       1
       0
       1
       1
       0
       1
       1
       0
       2
       0
       1
       1
       2
       0
       1
       1
       0
       3
       1
       0
       0
       0
       0
       1
       1
       0
       1
       0
       0
       0
       0
       0
       0
       2
       0
       1
       0
       1
       0
       0
       0
       0
       0
       1
       2
       0
       1
       0
       1
       0
       0
       0
       0
       1
       0
       1
       0
       1
       0
       0
       1
       1
       0
       0
       0
       2
       0
       0
       1
       2
       0
       0
       0
       0
       0
       0
       0
       0
       2
       0
       1
       0
       0
       0
       0
       0
       0
       1
       0
       0
       0
       0
       0
       0
       0
       1
       0
       0
       1
       1
       0
       1
       1
       0
       1
       0
       1
       1
       0
       0
       0
       0
       0
       0
       0
       0
       1
       1
       0
       0
       0
       1
       0
       0
       0
       0
       0
       0
       0
       0
       1
       0
       1
       0
       0
       2
       0
       1
       0
       0
       0
       0
       0
       1
       0
       0
       0
       0
       0
       0
       0
       0
       0
       0
       0
       0
       0
       0
       0
       1
       0
       0
       1
       1
       0
       0
       0
       0
       1
       0
       0
       1
       0
       1
       0
       1
       0
       0
       0
       0
       1
       0
       0
       1
       0
       0
       0
       0
       1
       2
       1
       2
       0
       0
       0
       0
       1
       1
       1
       0
       0
       1
       0
       0
       0
       0
       1
       1
       0
       1
       0
       0
       0
       0
       0
       0
       0
       0
       1
       0
       0
       0
       1
       0
       1
       1
       1
       1
       0
       0
       0
       2
       0
       1
       0
       0
       0
       0
       0
       0
       0
       0
       0
       0
       0
       1
       1
       0
       1
       0
       1
       1
       0
       0
       1
       0
       1
       1
       0
       1
       0
       0
       1
       0
       0
       0
       0
       0
       0
       0
       1
       0
       0
       1
       0
       0
       0
       0
       0
       0
       0
       0
       2
       1
       0
       1
       0
       1
       0
       1
       0
       0
       0
       0
       0
       0
       0
       1
       0
       0
       0
       0
       1
       0
       0
       2
       0
       0
       0
       0
       0
       0
       0
       0
       0
       1
       1
       0
       0
       0
       0
       3
       0
       0
       0
       1
       0
       1
       0
       1
       0
       1
       1
       0
       1
       0
       0
       0
       0
       0
       0
       0
       0
       2
       0
       0
       0
       0
       1
       1
       1
       0
       0
       2
       0
       1
       0
       0
       0
       1
       0
       0
       0
       1
       3
       0
       1
       4
       3
       5
       1
       2
       0
       0
       3
       1
       1
       1
       0
       2
       1
       0
       0
       1
       1
       0
       0
       0
       0
       2
       0
       0
       0
       0
       1
       1
       1
       0
       0
       0
       1
       0
       0
       0
       0
       0
       2
       1
       1
       1
       0
       1
       1
       2
       2
       1
       0
       0
       2
       0
       0
       0
       0
       0
       0
       0
       2
       0
       0
       1
       0
       0
       0
       0
       0
       0
       0
       0
       0
       0
       0
       1
       0
       0
       0
       0
       0
       0
       0
       1
       0
       0
       0
       0
       0
       0
       0
       0
       0
       1
       0
       0
       0
       1
       0
       1
       1
       0
       0
       0
       1
       0
       2
       0
       1
       0
       0
       0
       0
       1
       0
       0
       0
       0
       0
       0
       0
       1
       0
       1
       0
       0
       1
       0
       0
       0
       0
       0
       0
       0
       0
       0
       1
       0
       0
       1
       0
       1
       1
       1
       0
       0
       3
       0
       0
       0
       0
       0
       0
       0
       0
       0
       0
       1
       0
       2
       0
       1
       0
       0
       0
       0
       0
       0
       1
       0
       0
       0
       0
       0
       0
       0
       0
       0
       1
       0
       0
       0
       0
       0
       0
       0
       0
       0
       0
       0
       0
       1
       0
       0
       0
       0
       0
       0
       0
       0
       0
       1
       0
       0
       0
       0
       0
       0
       0
       0
       0
       0
       0
       0
       0
       0
       0
       0
       0
       1
       0
       0
       0
       0
       0
       0
       0
       0
       1
       0
       0
       0
       1
       0
       0
       0
       0
       1
       0
       0
       0
       0
       0
       0
       0
       1
       0
       0
       0
       0
       0
       0
       1
       0
       0
       0
       1
       0
       0
       0
       0
       0
       0
       0
       0
       1
       0
       0
       0
       0
       0
       0
       0
       0
       1
       0
       0
       0
       0
       0
       0
       0
       1
       0
       0
       0
       0
       0
       0
       0
       0
       0
       0
       0
       0
       0
       0
       0
       1
       0
       0
       1
       0
       0
       0
       0
       0
       0
       0
       0
       0
       0
       0
       0
       1
       0
       0
       0
       0
       0
       0
       0
       0
       0
       1
       0
       0
       0
       0
       0
       0
       0
       0
       0
       1
       1
       0
       0
       0
       0
       1
       0
       0
       0
       0
       0
       0
       0
       1
       0
       0
       0
       0
       1
       0
       0
       0
       0
       0
       0
       0
       0
       0
       0
       0
       0
       0
       0
       0
       0
       0
       0
       0
       0
       1
       0
       0
       0
       0
       0
       0
       0
       0
       0
       1
       0
       0
       0
       0
       0
       0
       0
       1
       2
       0
       0
       1
       0
       0
       0
       1
       0
       0
       0
       0
       0
       1
       0
       0
       0
       0
       0
       0
       0
       0
       0
       0
       0
       0
       0
       0
       1
       0
       0
       0
       1
       0
       0
       0
       0
       0
       1
       0
       1
       0
       0
       0
       0
       0
       0
       0
       0
       0
       0
       0
       0
       0
       0
       1
       0
       0
       0
       0
       0
       0
       0
       0
       0
       0
       0
       0
       0
       0
       0
       1
       0
       0
       0
       0
       0
       0
       0
       0
       0
       0
       0
       0
       0
       0
       0
       0
       1
       0
       0
       0
       0
       0
       0
       0
       0
       0
       0
       0
       0
       0
       0
       1
       1
       0
       0
       1
       0
       0
       0
       0
       0
       0
       0
       0
       0
       0
       0
       0
       0
       1
       0
       0
       0
       0
       0
       0
       0
       0
       0
       0
       0
       0
       1
       0
       0
       0
       1
       0
       0
       0
       0
       0
       0
       0
       0
       0
       1
       0
       0
       0
       0
       0
       0
       0
       0
       0
       0
       0
       0
       0
       0
       0
       0
       0
       0
       0
       0
       0
       1
       1
       1
       0
       1
       0
       0
       2
       0
       1
       0
       3
       1
       1
       0
       0
       0
       0
       0
       1
       0
       1
       0
       0
       0
       0
       0
       0
       0
       1
       0
       0
       0
       0
       0
       0
       0
       0
       0
       0
       0
       0
       0
       0
       0
       0
       0
       0
       0
       0
       0
       0
       0
       0
       0
       0
       0
       0
       0
       1
       0
       0
       0
       0
       0
       0
       0
       0
       0
       0
       0
       0
       0
       0
       0
       0
       0
       0
       0
       0
       0
       0
       0
       0
       1
       0
       0
       0
       0
       0
       0
       1
       0
       1
       0
       0
       0
       0
       0
       0
       0
       1
       0
       0
       0
       0
       0
       0
       0
       0
       0
       0
       0
       0
       0
       1
       0
       0
       0
       0
       1
       0
       0
       0
       0
       0
       0
       0
       0
       0
       0
       1
       0
       0
       0
       0
       0
       0
       0
       0
       1
       0
       0
       0
       0
       1
       0
       0
       0
       0
       0
       0
       0
       0
       0
       0
       0
       0
       0
       0
       1
       0
       0
       0
       1
       0
       0
       0
       0
       1
       0
       0
       0
       0
       0
       0
       0
       0
       0
       0
       0
       0
       1
       0
       1
       0
       1
       0
       0
       0
       0
       0
       0
       0
       0
       0
       0
       0
       0
       0
       0
       0
       0
       0
       0
       1
       0
       0
       0
       0
       0
       0
       0
       0
       0
       0
       0
       0
       0
       0
       0
       0
       0
       0
       0
       0
       0
       0
       0
       0
       0
       0
       0
       0
       0
       0
       0
       0
       0
       0
       0
       0
       0
       0
       0
       0
       0
       0
       0
       0
       0
       0
       0
       0
       0
       0
       0
       0
       0
       0
       0
       0
       0
       0
       0
       0
       1
       0
       0
       0
       0
       0
       0
       0
       0
       0
       0
       0
       0
       0
       1
       0
       0
       0
       0
       0
       0
       0
       0
       0
       0
       0
       0
       0
       0
       0
       0
       0
       0
       0
       0
       0
       0
       0
       0
       1
       0
       0
       0
       0
       0
       0
       0
       0
       0
       0
       0
       0
       0
       0
       0
       0
       0
       0
       0
       0
       0
       0
       0
       0
       0
       0
       0
       0
       0
       0
       0
       0
       0
       0
       0
       0
       0
       0
       0
       0
       1
       1
       0
       0
       0
       0
       0
       0
       1
       0
       0
       0
       0
       0
       0
       0
       0
       0
       0
       0
       0
       0
       0
       0
       0
       0
       0
       0
       0
       1
       0
       0
       0
       0
       0
       0
       0
       0
       0
       0
       1
       0
       0
       0
       0
       0
       0
       0
       0
       0
       0
       0
       0
       0
       0
       0
       0
       0
       0
       0
       0
       1
       1
       0
       0
       0
       0
       0
       0
       0
       0
       0
       0
       0
       0
       0
       0
       0
       1
       0
       0
       0
       0
       0
       0
       0
       0
       0
       0
       0
       0
       0
       0
       0
       0
       0
       0
       0
       0
       0
       0
       0
       0
       0
       0
       0
       0
       0
       0
       0
       0
       0
       0
       1
       0
       0
       0
       0
       0
       0
       0
       0
       0
       0
       0
       0
       0
       0
       0
       0
       1
       0
       0
       0
       0
       0
       0
       0
       0
       0
       0
       0
       0
       1
       0
       0
       0
       0
       0
       0
       0
       0
       1
       0
       0
       0
       0
       0
       0
       1
       0
       0
       0
       0
       0
       0
       0
       0
       0
       1
       0
       0
       0
       0
       0
       0
       0
       0
       0
       0
       0
       0
       1
       0
       0
       0
       0
       0
       0
       0
       0
       0
       0
       0
       0
       0
       0
       1
       0
       0
       0
       0
       0
       0
       0
       0
       0
       1
       0
       0
       0
       0
       1
       0
       0
       0
       0
       0
       1
       0
       0
       0
       0
       0
       0
       0
       0
       0
       0
       0
       0
       0
       0
       0
       0
       0
       0
       0
       0
       0
       0
       0
       0
       0
       0
       0
       0
       0
       0
       0
       0
       0
       0
       0
       0
       0
       0
       0
       0
       0
       0
       0
       0
       0
       0
       1
       0
       0
       1
       0
       0
       0
       0
       0
       0
       0
       0
       0
       0
       0
       0
       0
       0
       0
       0
       0
       0
       0
       0
       0
       0
       0
       0
       0
       0
       0
       0
       0
       0
       0
       0
       0
       0
       0
       0
       0
       0
       0
       0
       0
       0
       0
       0
       0
       0
       0
       0
       1
       0
       0
       1
       0
       0
       0
       1
       0
       0
       0
       0
       0
       0
       0
       0
       0
       0
       0
       0
       0
       0
       0
       0
       0
       0
       0
       0
       0
       1
       0
       0
       0
       0
       0
       0
       0
       0
       0
       0
       0
       1
       0
       0
       1
       0
       0
       0
       0
       0
       0
       0
       0
       0
       0
       0
       0
       1
       0
       0
       0
       0
       0
       0
       0
       0
       0
       0
       0
       0
       0
       0
       0
       0
       1
       0
       0
       1
       0
       0
       0
       0
       1
       0
       0
       0
       0
       0
       0
       0
       0
       0
       0
       1
       0
       0
       0
       0
       0
       0
       0
       0
       0
       0
       0
       0
       0
       0
       0
       1
       0
       0
       0
       0
       0
       0
       0
       0
       0
       0
       0
       0
       0
       0
       0
       0
       0
       0
       0
       0
       0
       0
       0
       0
       0
       0
       0
       0
       0
       0
       0
       0
       0
       0
       0
       0
       0
       0
       0
       0
       0
       0
       0
       0
       0
       0
       0
       0
       0
       0
       1
       0
       0
       0
       0
       1
       0
       0
       0
       0
       0
       0
       0
       0
       0
       0
       1
       0
       0
       0
       0
       0
       1
       0
       0
       0
       0
       0
       0
       0
       0
       0
       0
       0
       0
       0
       0
       0
       0
       0
       0
       0
       0
       0
       0
       0
       0
       0
       0
       0
       0
       0
       0
       0
       0
       1
       0
       0
       0
       0
       1
       0
       0
       1
       0
       0
       0
       0
       0
       0
       0
       0
       0
       0
       0
       0
       0
       0
       1
       1
       0
       0
       0
       0
       0
       1
       0
       0
       0
       0
       0
       0
       1
       0
       0
       0
       0
       0
       0
       0
       0
       0
       1
       0
       0
       1
       0
       0
       0
       1
       0
       0
       0
       0
       0
       0
       0
       0
       0
       0
       0
       0
       1
       0
       0
       0
       0
       0
       0
       0
       0
       0
       0
       0
       0
       1
       0
       0
       0
       0
       0
       0
       0
       0
       0
       0
       0
       0
       0
       0
       0
       0
       0
       0
       0
       0
       0
       0
       0
       0
       0
       0
       0
       0
       0
       0
       0
       0
       0
       0
       0
       0
       0
       0
       0
       0
       0
       0
       0
       0
       0
       0
       0
       0
       0
       0
       0
       0
       0
       0
       0
       0
       0
       0
       0
       0
       0
       0
       0
       0
       0
       1
       0
       0
       0
       0
       0
       0
       0
       0
       0
       0
       0
       0
       0
       0
       1
       0
       0
       0
       0
       0
       0
       0
       0
       0
       0
       0
       0
       0
       0
       0
       1
       0
       0
       0
       0
       0
       0
       0
       0
       0
       0
       0
       0
       0
       0
       1
       0
       0
       0
       0
       0
       0
       0
       1
       0
       0
       0
       0
       0
       0
       0
       0
       1
       0
       0
       0
       0
       0
       0
       0
       0
       0
       0
       0
       0
       0
       0
       0
       0
       0
       0
       0
       0
       0
       0
       0
       0
       0
       0
       0
       0
       0
       0
       0
       0
       0
       0
       0
       0
       0
       0
       0
       0
       0
       0
       0
       0
       0
       0
       0
       0
       0
       0
       0
       0
       0
       0
       1
       1
       0
       0
       0
       0
       0
       0
       0
       0
       0
       0
       0
       0
       0
       0
       0
       0
       0
       0
       0
       0
       0
       0
       0
       0
       0
       1
       0
       0
       0
       0
       0
       0
       0
       0
       0
       0
       0
       0
       1
       0
       0
       0
       0
       0
       0
       0
       0
       0
       0
       0
       0
       0
       0
       0
       0
       0
       0
       0
       0
       0
       0
       0
       0
       0
       0
       0
       0
       0
       0
       0
       0
       0
       0
       0
       0
       0
       0
       0
       0
       0
       0
       0
       0
       0
       0
       0
       0
       0
       0
       0
       0
       0
       0
       0
       0
       0
       0
       0
       0
       0
       0
       0
       0
       0
       0
       0
       0
       0
       0
       0
       0
       0
       0
       0
       0
       0
       0
       0
       0
       0
       0
       0
       0
       0
       0
       0
       0
       0
       0
       0
       0
       0
       0
       0
       0
       0
       0
       0
       1
       0
       0
       0
       0
       0
       0
       0
       0
       0
       1
       0
       0
       0
       0
       0
       0
       0
       0
       0
       1
       0
       0
       0
       0
       0
       0
       0
       0
       0
       0
       0
       0
       0
       0
       0
       0
       0
       0
       0
       0
       1
       0
       0
       0
       0
       0
       0
       0
       0
       0
       0
       0
       0
       0
       0
       0
       0
       0
       0
       0
       0
       0
       0
       0
       0
       0
       0
       0
       0
       1
       0
       0
       0
       0
       0
       0
       0
       1
       0
       0
       0
       0
       0
       0
       0
       0
       0
       0
       0
       0
       0
       0
       0
       0
       0
       0
       0
       0
       0
       0
       0
       0
       0
       0
       0
       0
       0
       0
       0
       0
       0
       0
       0
       0
       0
       0
       0
       0
       0
       0
       0
       0
       0
       0
       0
       0
       0
       0
       0
       0
       0
       0
       0
       0
       0
       0
       0
       0
       0
       0
       0
       0
       0
       0
       0
       0
       0
       0
       0
       0
       0
       0
       0
       0
       0
       0
       0
       0
       0
       0
       0
       0
       0
       0
       0
       0
       0
       0
       0
       0
       0
       0
       0
       0
       0
       0
       0
       0
       0
       0
       0
       0
       0
       0
       0
       0
       0
       0
       0
       0
       0
       0
       0
       0
       0
       0
       0
       0
       0
       0
       0
       0
       0
       0
       0
       0
       0
       0
       0
       0
       0
       0
       0
       0
       0
       0
       0
       0
       0
       0
       0
       0
       0
       0
       0
$ROI:
0
$PRESETS:
Real Time
180
0
$ENER_FIT:
0.888569 0.390988
$MCA_CAL:
3
8.885689E-001 3.909876E-001 3.191953E-008 keV
$SHAPE_CAL:
3
0.000000E+000 0.000000E+000 0.000000E+000
