$SPEC_ID:
1
$SPEC_REM:
DET# 2
DETDESC# MCB 130 Normal
AP# Maestro Version 7.01
$DATE_MEA:
09/29/2019 10:46:18
$MEAS_TIM:
177 180
$DATA:
0 8191
       0
       0
       0
       0
       0
       0
       0
       0
       0
       0
       0
       0
       0
       0
       0
       0
       0
       0
       0
       0
       0
       0
       0
       0
       0
       0
      13
     469
     139
      77
      74
     120
     131
     145
     118
     119
      91
     139
     156
     173
     187
     177
     146
     136
     162
     111
      98
     115
     106
     106
     111
      94
      87
      95
      70
      75
      92
      95
      94
     119
     115
      98
      80
     112
     104
     112
     118
     101
     134
     155
     274
     290
     237
     147
     161
     201
     232
     227
     161
     133
     143
     141
     106
     117
     125
     111
     162
     200
     312
     435
     471
     282
     142
      88
      89
      98
     125
     112
     137
     135
     119
     157
     206
     193
     138
     119
     107
     101
      70
     104
      92
      91
     112
      95
     124
      89
     125
     110
     101
     102
      96
      94
     103
     107
     163
     231
     152
     121
      91
     111
     103
     111
     103
     109
     104
      85
     100
     108
      84
      93
     121
     118
      98
     124
     252
     323
     207
     125
     106
     118
     103
     125
     111
     110
     108
     125
     106
     112
     107
     115
     116
     117
     134
     111
     111
     128
     109
     116
     137
     115
     132
     129
     128
     123
     136
     121
     124
     136
     129
     131
     123
     126
     147
     153
     151
     141
     132
     152
     164
     178
     213
     181
     134
     144
     147
     140
     166
     138
     129
     151
     165
     133
     136
     172
     341
     486
     506
     260
     164
     144
     145
     133
     134
     177
     162
     147
     150
     139
     164
     118
     179
     167
     175
     150
     152
     143
     161
     138
     158
     167
     181
     225
     203
     160
     127
     149
     138
     170
     174
     211
     286
     274
     216
     176
     151
     151
     153
     161
     195
     278
     358
     360
     282
     231
     219
     173
     153
     155
     147
     153
     158
     174
     186
     211
     258
     200
     178
     150
     171
     307
     273
     237
     163
     129
     171
     165
     147
     114
     136
     143
     181
     173
     205
     213
     167
     166
     130
     123
     144
     144
     156
     153
     148
     160
     147
     187
     132
     175
     140
     149
     130
     138
     119
     127
     134
     124
     143
     142
     159
     131
     142
     136
     139
     143
     134
     113
     136
     137
     128
     120
     131
     139
     136
     139
     127
     139
     110
     114
     114
     134
     126
     136
     125
     135
     130
     139
     119
     128
     121
     130
     127
     127
     138
     126
     116
     118
     118
     130
     122
     123
     122
     125
     136
     112
     124
     153
     339
     891
    1282
     995
     402
     147
     121
      95
     110
     106
     118
     115
     117
     138
     191
     182
     155
     119
     103
     114
     119
     102
     117
     107
     116
     118
     125
      96
      98
      98
     107
      88
      92
     115
     114
     106
      89
      98
     121
     107
      95
     103
     104
      96
     109
      86
      94
      81
      88
     109
      84
      97
      92
      93
      98
      72
      90
     110
     111
     110
     105
     113
      89
      86
     101
      88
      90
      84
      80
      83
     101
      80
     100
      84
      81
      90
      83
      91
      97
     100
      79
      96
      86
      80
      94
      90
      84
      87
      82
      86
      89
      89
      78
      82
      94
      97
      91
      94
      87
      85
      80
      82
      77
      89
      91
     131
     148
     126
     100
      93
      72
      73
      91
      85
      80
      77
      80
      74
      99
      85
      82
      77
      72
     105
      80
      87
      63
      85
     101
      77
      75
      73
      67
      84
      70
      77
      71
      73
      77
      89
      75
      62
      73
      80
      66
      57
      83
      96
      75
      72
      70
      82
      66
      79
      84
      75
     100
      64
      61
      65
      77
      58
      70
      75
      61
      77
      54
      56
      78
      72
      68
      92
      88
      65
      70
      53
      71
      69
      87
      86
      89
      72
      65
      70
      78
      66
      71
      64
      73
      74
      62
      57
      75
      71
      68
      79
      59
      62
      58
      66
      70
      69
      67
      69
      62
      64
      70
      71
      64
      65
      56
      61
      64
      61
      57
      71
      71
      54
      45
      43
      53
      57
      63
      63
      82
     209
     473
     667
     474
     226
     104
      62
      57
      64
      79
      64
      80
      63
      66
      42
      54
      66
      49
      55
      42
      44
      37
      62
      51
      50
      58
      71
      65
      91
      64
      63
      56
      65
      50
      64
      67
      67
      62
      55
      51
      49
      49
      47
      58
      54
      57
      48
      60
      52
      52
      56
      49
      42
      66
      87
     204
     536
     675
     452
     188
      78
      56
      51
      71
      43
      55
      41
      52
      52
      54
      56
      47
      65
      40
      54
      40
      46
      44
      49
      40
      50
      38
      50
      65
      49
      49
      43
      42
      44
      45
      49
      65
      57
      57
      51
      45
      41
      40
      53
      55
      64
      65
      56
      52
      51
      39
      39
      42
      46
      40
      40
      45
      38
      46
      46
      44
      43
      41
      39
      54
      52
      43
      48
      43
      41
      38
      49
      70
      86
      72
      44
      47
      53
      39
      32
      48
      37
      44
      47
      31
      42
      41
      39
      52
      33
      50
      48
      55
      69
      46
      50
      49
      46
      44
      40
      44
      43
      31
      32
      32
      34
      42
      50
      41
      37
      35
     103
     241
     409
     426
     241
      85
      41
      47
      53
      51
      46
      50
      43
      43
      39
      54
      67
      64
      45
      36
      44
      33
      47
      31
      42
      40
      37
      32
      41
      41
      32
      38
      46
      40
      55
      42
      40
      44
      42
      37
      42
      43
      56
      43
      45
      32
      33
      37
      39
      36
      33
      43
      31
      23
      39
      30
      47
      52
      46
      50
      56
      65
      70
      63
      39
      26
      35
      43
      44
      76
      64
      54
      34
      36
      29
      31
      40
      34
      22
      28
      27
      32
      33
      29
      40
      38
      26
      34
      28
      32
      33
      36
      62
      56
      65
      47
      40
      37
      34
      32
      29
      32
      39
      43
      35
      33
      43
      41
      45
      35
      40
      33
      37
      27
      33
      36
      33
      38
      38
      32
      27
      46
      50
      27
      39
      31
      32
      17
      33
      24
      34
      33
      41
      34
      33
      37
      34
      34
      38
      33
      40
      32
      30
      23
      30
      32
      33
      32
      35
      49
      58
      51
      46
      43
      38
      33
      25
      32
      29
      31
      33
      45
      40
      32
      26
      26
      25
      29
      29
      29
      28
      28
      31
      30
      38
      26
      20
      25
      20
      26
      34
      35
      42
      61
     111
     150
      92
      64
      36
      31
      45
      34
      19
      33
      16
      32
      32
      34
      25
      21
      32
      24
      23
      17
      21
      37
      26
      23
      30
      25
      22
      28
      23
      19
      31
      30
      25
      30
      20
      25
      22
      22
      27
      21
      23
      29
      35
      16
      20
      21
      23
      22
      32
      28
      27
      30
      22
      27
      18
      26
      22
      28
      23
      25
      24
      28
      23
      15
      25
      27
      17
      26
      22
      25
      24
      17
      33
      19
      23
      25
      21
      20
      19
      19
      20
      23
      24
      20
      17
      28
      21
      22
      22
      26
      20
      17
      22
      21
      19
      18
      17
      27
      21
      24
      21
      32
      19
      25
      20
      21
      28
      18
      22
      23
      14
      15
      21
      18
      25
      18
      29
      37
      24
      25
      20
      25
      21
      24
      17
      17
      20
      22
      20
      28
      28
      27
      28
      19
      12
      18
      21
      29
      26
      24
      30
      13
      19
      19
      25
      18
      14
      34
      24
      20
      30
      36
      26
      30
      35
      39
      14
      21
      23
      14
      22
      22
      24
      20
      23
      18
      19
      21
      14
      24
      22
      23
      20
      21
      24
      25
      23
      31
      25
      11
      23
      24
      20
      18
      21
      28
      19
      21
      21
      40
      20
      25
      14
      25
      20
      27
      19
      17
      24
      22
      18
      17
      20
      16
      22
      20
      22
      23
      31
      33
      24
      24
      29
      14
      30
      19
      12
      26
      16
      14
      13
      29
      26
      14
      29
      36
      20
      24
      23
      28
      22
      23
      23
      21
      19
      22
      16
      16
      21
      27
      18
      22
      22
      22
      20
      19
      17
      21
      21
      27
      21
      20
      21
      21
      24
      21
      21
      20
      18
      20
      23
      17
      19
      10
      27
      24
      29
      29
      20
      15
      13
      17
      19
      23
      22
      27
      27
      13
      22
      21
      25
      19
      25
      19
      28
      26
      14
      21
      17
      15
      23
      11
      18
      21
      16
      22
      19
      16
      17
      16
      11
      25
      25
      14
      20
      14
      15
      14
      19
      14
      17
      20
      19
      44
      48
      64
      44
      30
      32
      19
      20
      16
      35
      20
      19
      25
      21
      17
      18
      17
      28
      15
      13
      19
      16
      15
      21
      16
      17
      34
      43
      33
      23
      23
      17
      14
      17
      21
      12
      19
      21
       8
      10
      17
      22
      21
      15
      16
      14
      13
      19
      18
      21
      33
      31
      26
      32
      34
      44
      18
      22
      18
      23
      18
      20
      35
      29
      25
      11
      17
      19
      17
      19
      24
      19
      13
      19
      15
      15
      16
      13
      12
       9
      19
      22
      19
      20
      11
      14
       9
      12
      18
      13
      19
      32
      54
      68
      53
      43
      21
      21
      15
      18
      19
      22
      19
      16
      15
      11
      17
      27
      41
      88
     241
     349
     351
     241
     117
      44
      24
      13
      27
      17
      11
      20
      14
      22
      20
      16
      21
      18
      23
      39
      34
      42
      39
      22
      19
      19
      14
      12
      14
      17
      14
      13
      12
      12
      26
      12
      17
      12
      19
      19
      14
      14
      14
      13
      24
      26
      17
      17
      12
      19
       9
      12
      16
      16
      16
      15
      18
       9
      13
      11
      13
      13
      15
      15
      18
      32
      58
      64
      72
      49
      27
      13
      15
      11
      11
      11
      16
      14
      10
      15
      12
      12
       7
      10
      16
      13
      12
      11
       8
      11
      13
      10
      15
       8
      14
      12
       9
      10
      11
      14
       7
      15
      10
      17
      11
      11
      15
      16
      12
      19
      12
       8
      10
       7
      11
       4
      11
      11
       8
       6
      17
      11
       9
       7
      12
      11
      13
       9
      12
      13
      12
      12
      12
       9
       9
       9
      19
       7
      22
       9
      20
      11
      20
       6
      11
       7
      14
      12
       8
      15
      11
      11
      18
      12
      11
      14
      10
       6
      11
      11
      14
      11
      15
       6
       6
      11
      16
      10
      11
      15
      10
      10
      18
      12
      11
       5
       9
      10
       7
      12
       5
       6
       8
      11
      11
      13
       9
      12
       8
       9
       7
       8
      22
      15
      15
       4
      12
       7
       9
       7
       9
       8
      22
      26
      29
      20
      17
      11
      14
      15
       9
       5
      13
       5
       8
      12
      10
      13
       7
       8
       9
       9
       9
      13
      14
       9
       9
      14
      11
      10
       9
      14
       8
      12
       9
      15
      11
      15
       9
       7
       9
       7
       4
       6
       5
       5
       8
       8
       5
       4
       5
       3
       8
       9
       7
      12
      13
      21
      30
      42
      19
      10
      10
       7
       5
       4
       2
      12
       7
       3
       8
       2
       9
       7
      11
      16
      17
      10
       5
       5
      12
       9
      10
       9
       5
       7
      11
       4
       6
       8
       9
       8
       9
      10
       8
       8
       7
       7
       6
       2
       5
      14
       9
       3
      12
       9
       9
       9
      10
      12
      14
      11
      14
      15
      14
       8
       9
      15
      14
      13
       7
       7
       7
       5
       6
       7
      15
      41
     100
     245
     240
     214
     115
      58
      27
       9
       9
       8
      12
       7
       5
       5
      11
       8
      14
      18
      28
      40
      13
      20
      14
      24
      56
     121
     174
     190
     143
      67
      22
      18
      16
      16
      13
       5
      14
      11
      20
       6
       5
       9
       5
       5
      10
       7
       4
       9
       6
       3
       3
       3
       7
       5
       5
       6
      10
       5
       9
       6
       6
       6
       3
       2
       6
       3
       6
       8
       4
       6
       6
       4
       3
       7
       6
       1
       4
       5
       5
       4
       8
       6
       4
       6
       5
       5
       7
       5
      10
      10
       4
       4
       6
       7
       9
       6
       6
       3
       5
       5
       5
       6
       5
       6
       3
       7
       5
       6
       5
       2
       6
       4
       5
       2
       7
       3
       7
       6
       5
       9
       3
       1
       6
       7
       3
      10
       6
       9
       8
       4
       7
       1
       4
       4
       2
       7
       4
       4
       1
       8
       4
       3
       3
       3
       6
       4
       4
       3
       1
       7
       7
       4
       6
       4
       5
       6
       6
       5
       7
       7
       2
       4
       9
      11
      16
      22
      22
      22
      10
       8
      19
      15
      13
       7
       8
       5
      15
      10
      16
      15
      10
       9
       6
       6
       6
       6
       4
       5
       4
       8
       6
       4
       4
       5
       5
       5
       6
       5
       7
       3
       6
       6
       3
       4
       0
       5
       4
      10
      18
      21
      39
      39
      24
      17
       9
       7
      13
      38
      76
     134
     208
     157
     112
      51
      22
      10
       0
       5
      10
       6
       2
       1
       4
       5
       9
       8
      16
      16
      10
      15
       5
       8
       5
       5
       7
       2
       4
       4
       5
       4
       2
       5
       8
      10
      14
      12
      10
      10
       6
       2
       5
       5
       7
       0
       2
       2
       1
       3
       5
       4
       3
       5
       3
       5
       6
       2
       5
       2
       5
       5
       1
       4
       9
       8
       3
       3
       5
       2
       2
       3
       8
       8
      24
      63
     110
     115
     154
      99
      34
      12
      16
       4
       6
       4
       8
       5
       9
       7
      14
      12
      12
      14
       5
       7
       5
      10
       4
       6
       5
       8
       7
       8
       6
       3
       7
      10
       4
       2
       5
       1
       2
       6
       6
       5
       3
       6
       7
       3
       3
       2
       4
       2
       7
       3
       4
       3
       4
       6
       6
       8
       7
       7
       7
       3
       7
       8
      10
       4
       1
       1
       4
       4
       1
       4
       1
       4
       4
       1
       2
       6
       2
       3
       2
       2
       3
       2
       3
       2
       3
       5
       4
       2
      13
       3
       5
       1
       5
       5
       3
       5
       5
       8
       3
      10
       4
      18
      11
       6
       5
      14
       7
       2
       3
       6
      10
      12
      10
       9
       9
       7
       1
       2
       1
       2
       1
       5
       4
       4
       2
       3
       7
       3
       4
       4
       6
       8
       7
       2
       2
       4
       1
       2
       3
       5
       1
       0
       4
       4
       5
       4
       3
       2
       7
       2
       2
       6
       3
       1
       2
       2
       3
       7
       6
       1
       1
       3
       2
       3
       1
       6
       9
       6
       7
       3
       2
       1
       3
       5
       4
       2
       2
       4
       2
       3
       1
       1
       2
       3
       2
       0
       3
       3
       2
       3
       3
       3
       3
       4
       1
       5
       2
       2
       3
       4
       1
       5
       2
       4
       4
       8
       6
       8
       7
       3
       3
       5
       2
       7
       5
       3
       8
       6
       2
       1
       2
       3
       1
       4
       2
       1
       4
       2
       3
       7
       7
       4
       3
       3
       2
       1
       5
       5
       4
       4
       3
       5
       1
       4
       8
       5
       2
       5
       6
       2
       3
       5
       4
       3
       2
       4
       2
       3
       4
       1
       2
       3
      10
      11
      17
      12
       9
      10
       9
       1
       4
       5
       6
      10
      19
      14
      13
      12
      10
       1
       4
       0
       3
       5
       4
       5
       1
       6
       1
       4
       3
       1
       2
       1
       2
       2
       4
       5
       7
       7
      10
       4
       4
       6
       5
       3
       3
       2
       1
       3
       1
       2
       3
       1
       5
       2
       2
       3
       5
       1
       3
       1
       1
       4
       2
       3
       4
       5
       1
       1
       1
       4
       1
       2
       0
       0
       3
       3
       2
       6
       2
       6
       4
       3
       2
       2
       5
       4
       1
       0
       3
       1
       7
       4
       8
       8
       4
       6
       3
       3
       6
       3
       4
       3
       1
       1
       4
       5
       7
       0
       2
       3
       1
       4
       6
       4
       1
       5
       1
       0
       6
       5
       0
       5
       1
       3
       1
       2
       1
       5
       6
       7
       9
       7
       5
       1
       2
       4
       3
       1
       3
       1
       2
       1
       2
       2
       2
       4
       1
       1
       4
       2
       5
       3
       6
       3
       4
       2
       5
       2
       0
       3
       3
       4
       1
       5
       3
       3
       0
       7
       3
       4
       0
       5
       2
       4
       2
       3
       2
       5
       5
       1
       3
       2
       4
       2
       3
       4
       4
       4
       1
       5
       1
       0
       4
       1
       2
       2
       3
       2
       2
       3
       4
       3
       6
      10
      22
      26
      23
      19
      12
       6
       5
       1
       2
       5
       0
       1
       5
       1
       2
       3
       3
       3
       5
       2
       4
       5
       4
       5
       5
       7
       4
       2
       6
      13
       6
       9
       5
       8
       5
       5
       4
       5
      10
       3
       4
       4
       2
       4
       2
       2
       1
       4
       2
       2
       3
       3
       1
       2
       0
       1
       0
       1
       3
       2
       4
       3
       1
       3
       1
       1
       0
       4
       0
       5
       2
       2
       1
       2
       2
       1
       2
       1
       1
       4
       2
       0
       1
       3
       3
       3
       1
       3
       2
       3
       4
       6
       3
       0
       1
       1
       1
       2
       0
       2
       5
       1
       0
       0
       3
       2
       3
       0
       0
       2
       5
       4
       4
       1
       3
       2
       1
       6
       0
       3
       2
       3
       3
       2
       3
       0
       3
       3
       1
       5
       1
       5
       1
       1
       5
       0
       3
       1
       2
       1
       1
       2
       0
       0
       5
       3
       2
       1
       0
       3
       1
       3
       3
       1
       1
       2
       2
       5
       1
       1
       1
       1
       1
       1
       1
       5
       4
       3
       3
       3
       3
       0
       2
       4
       2
       4
       3
       7
      13
      14
      20
      17
      15
       8
       2
       1
       0
       3
       4
       2
       3
       3
       2
       2
       2
       3
       0
       1
       1
       2
       2
       2
       0
       0
       1
       1
       4
       2
       2
       5
       2
       1
       2
       1
       3
       3
       2
       6
       6
       0
       3
       1
       0
       1
       3
       2
       2
       2
       0
       1
       3
       3
       1
       2
       0
       1
       1
       1
       1
       2
       0
       3
       2
       2
       1
       3
       3
       1
       2
       4
       2
       6
       3
       0
       3
       1
       2
       5
       3
       1
       2
       1
       3
       1
       2
       4
       2
       1
       2
       0
       3
       3
       3
       2
       2
       1
       0
       1
       4
       2
       3
       1
       1
       1
       1
       1
       1
       1
       3
       1
       1
       3
       4
       3
       0
       0
       2
       2
       5
       3
       1
       1
       1
       1
       1
       3
       2
       3
       1
       2
       2
       2
       2
       3
       1
       1
       0
       4
       5
       0
       3
       3
       2
       2
       2
       1
       1
       1
       0
       1
       2
       1
       1
       5
       3
       1
       1
       2
       1
       4
       0
       2
       4
       3
       3
       0
       5
       3
       2
       5
       2
       2
       0
       5
       1
       4
       2
       6
       3
       1
       0
       1
       3
       5
       1
       1
       2
       2
       2
       1
       1
       4
       3
       2
       1
       3
       2
       1
       2
       2
       4
       4
       4
       3
       2
       3
       4
       6
       1
       2
       1
       1
       3
       2
       3
       2
       2
       1
       1
       2
       2
       5
       1
       0
       3
       3
       3
       2
       1
       2
       0
       1
       1
       3
       0
       5
       2
       3
       2
       3
       0
       1
       1
       4
       4
      10
      11
       4
       5
       3
       1
       2
       0
       0
       4
       0
       0
       0
       1
       3
       2
       3
       2
       2
       2
       0
       2
       2
       2
       2
       2
       2
       1
       4
       5
       2
       4
       1
       0
       4
       4
       5
       3
       4
       4
       2
       4
       7
       4
       2
       1
       2
       3
       2
       0
       3
       2
       4
       4
       0
       0
       1
       3
       2
       4
       3
       1
       3
       2
       2
       1
       4
       2
       1
       2
       2
       4
       4
       3
       6
       3
       3
       1
       1
       0
       1
       2
       2
       3
       3
       2
       0
       1
       2
       0
       2
       3
       0
       1
       1
       0
       0
       4
       1
       0
       2
       1
       2
       3
       0
       1
       1
       0
       1
       3
       1
       2
       0
       0
       4
       1
       0
       3
       2
       2
       1
       5
       0
       4
       0
       2
       2
       2
       3
       2
       1
       2
       0
       4
       8
       9
       6
       7
       2
       0
       2
       1
       2
       0
       4
       4
      11
       7
       6
      11
       1
       4
       1
       2
       2
       0
       1
       3
       1
       0
       2
       3
       3
       2
       2
       2
       0
       2
       1
       1
       0
       0
       1
       5
       1
       4
       2
       0
       3
       0
       1
       0
       0
       2
       4
       3
       1
       3
       0
       2
       1
       0
       1
       3
       0
       1
       0
       4
       2
       2
       1
       1
       3
       3
       2
       1
       2
       4
       1
       1
       2
       0
       3
       3
       1
       2
       0
       2
       3
       3
       1
       0
       2
       1
       6
       0
       1
       0
       0
       0
       3
       0
       1
       1
       6
       2
       3
       1
       2
       0
       1
       4
       3
       0
       0
       1
       0
       2
       1
       2
       2
       2
       1
       0
       4
       2
       2
       0
       2
       0
       2
       2
       2
       2
       1
       2
       1
       2
       1
       0
       2
       4
       0
       1
       0
       3
       3
       0
       0
       1
       2
       1
       2
       1
       2
       1
       0
       0
       1
       0
       1
       2
       0
       0
       0
       4
       2
       2
       1
       7
       4
       3
       6
       4
       1
       3
       3
       1
       0
       2
       4
       1
       0
       6
       0
       0
       1
       0
       4
       1
       2
       2
       2
       1
       1
       0
       1
       0
       1
       2
       0
       1
       1
       1
       3
       1
       0
       1
       0
       1
       1
       4
       3
       0
       1
       1
       2
       1
       4
       2
       1
       2
       0
       4
       1
       0
       2
       4
       4
       0
       1
       4
       1
       1
       1
       0
       1
       1
       1
       0
       2
       4
       0
       0
       2
       0
       2
       1
       1
       0
       0
       1
       2
       2
       2
       2
       2
       4
       1
       1
       5
       3
       3
       2
       0
       2
       1
       0
       0
       1
       0
       2
       3
       1
       2
       1
       1
       0
       1
       2
       2
       1
       5
       6
       0
       0
       2
       2
       1
       0
       0
       1
       1
       1
       0
       2
       2
       1
       2
       0
       1
       1
       0
       2
       1
       2
       1
       2
       2
       2
       5
       6
       2
       2
       3
       0
       2
       1
       3
       1
       2
       3
       2
       3
       2
       3
       3
       6
       7
       1
       2
       2
       0
       0
       0
       0
       0
       1
       1
       1
       0
       0
       0
       1
       3
       1
       0
       0
       1
       2
       1
       0
       0
       1
       0
       2
       2
       2
       1
       0
       6
       0
       2
       3
       2
       3
       2
       0
       1
       0
       2
       0
       1
       0
       2
       0
       2
       1
       0
       2
       0
       0
       1
       0
       1
       1
       2
       0
       0
       1
       1
       4
       1
       5
       1
       0
       0
       2
       1
       0
       2
       0
       0
       1
       2
       0
       1
       1
       1
       1
       1
       6
       3
       4
       4
       4
       4
       3
       2
       2
       1
       1
       2
       0
       1
       2
       0
       1
       1
       0
       0
       0
       1
       0
       0
       0
       0
       1
       3
       1
       1
       1
       3
       0
       0
       0
       1
       0
       1
       1
       1
       1
       1
       0
       3
       0
       1
       2
       3
       2
       0
       1
       1
       0
       1
       1
       0
       1
       0
       0
       0
       0
       1
       0
       0
       0
       3
       1
       1
       0
       0
       0
       0
       4
       3
       4
       0
       0
       1
       1
       2
       3
       0
       2
       1
       3
       2
       4
       0
       0
       1
       0
       1
       2
       0
       2
       1
       2
       1
       0
       2
       2
       1
       1
       2
       3
       1
       4
       5
       3
       1
       0
       3
       1
       1
       0
       2
       2
       1
       1
       1
       1
       2
       1
       0
       0
       3
       0
       0
       0
       1
       3
       0
       1
       0
       0
       0
       1
       0
       0
       1
       0
       1
       0
       1
       1
       1
       1
       0
       2
       0
       1
       0
       1
       0
       1
       2
       2
       0
       1
       1
       0
       0
       0
       0
       1
       1
       2
       1
       1
       4
       6
       5
       5
       5
       6
       6
       2
       4
       2
       0
       2
       1
       1
       0
       0
       1
       2
       0
       0
       2
       0
       0
       0
       0
       1
       3
       0
       4
       0
       0
       1
       2
       3
       0
       1
       1
       0
       0
       1
       0
       0
       0
       0
       1
       1
       1
       0
       1
       1
       0
       0
       1
       3
       3
       0
       0
       0
       2
       0
       0
       0
       0
       0
       0
       1
       1
       1
       2
       2
       3
       2
       2
       0
       1
       0
       0
       1
       0
       0
       1
       1
       1
       1
       0
       1
       0
       0
       0
       0
       1
       1
       0
       1
       0
       0
       0
       0
       1
       0
       1
       1
       0
       0
       0
       0
       0
       0
       1
       3
       2
       0
       0
       0
       2
       1
       2
       1
       1
       1
       1
       0
       0
       0
       1
       0
       0
       1
       0
       1
       2
       0
       3
       1
       0
       1
       4
       0
       3
       1
       0
       1
       4
       1
       0
       1
       0
       1
       2
       0
       0
       1
       1
       0
       1
       3
       1
       3
       6
      14
      17
      16
      32
      21
      15
      11
       8
       3
       1
       1
       0
       0
       0
       0
       0
       1
       0
       1
       1
       0
       0
       0
       0
       1
       0
       1
       0
       0
       1
       0
       2
       0
       2
       0
       0
       0
       0
       0
       0
       0
       3
       1
       1
       0
       1
       0
       0
       0
       0
       0
       0
       0
       0
       0
       0
       0
       0
       0
       0
       0
       2
       0
       0
       0
       1
       1
       0
       1
       1
       1
       1
       0
       1
       0
       0
       1
       1
       0
       0
       0
       0
       2
       0
       0
       2
       0
       1
       0
       0
       1
       1
       0
       0
       1
       0
       0
       0
       1
       0
       0
       1
       1
       0
       1
       1
       0
       1
       0
       2
       1
       3
       1
       1
       1
       1
       0
       0
       0
       2
       0
       0
       0
       0
       0
       0
       0
       0
       1
       0
       0
       1
       1
       0
       0
       1
       1
       1
       0
       1
       0
       2
       0
       1
       1
       1
       0
       0
       0
       0
       1
       0
       0
       0
       0
       0
       0
       0
       0
       0
       1
       0
       1
       1
       0
       0
       2
       0
       0
       0
       1
       0
       2
       0
       0
       0
       0
       0
       0
       0
       0
       1
       0
       0
       1
       0
       0
       0
       0
       0
       1
       0
       0
       0
       0
       1
       1
       1
       0
       0
       0
       2
       0
       0
       2
       0
       0
       1
       1
       1
       0
       0
       1
       0
       0
       0
       1
       1
       0
       0
       0
       0
       0
       0
       1
       1
       0
       1
       0
       0
       1
       0
       0
       0
       0
       0
       0
       2
       1
       2
       0
       0
       0
       1
       0
       1
       2
       0
       0
       0
       1
       0
       0
       1
       0
       0
       1
       0
       0
       0
       1
       0
       0
       0
       1
       0
       0
       0
       0
       1
       2
       1
       0
       0
       0
       1
       0
       1
       0
       0
       0
       0
       0
       0
       0
       0
       2
       0
       0
       0
       0
       1
       1
       0
       0
       0
       1
       0
       0
       0
       0
       1
       0
       1
       0
       1
       0
       0
       1
       1
       0
       0
       0
       1
       0
       0
       0
       1
       0
       0
       0
       0
       1
       0
       0
       0
       2
       0
       0
       0
       1
       1
       1
       0
       0
       0
       0
       0
       2
       1
       3
       1
       0
       0
       1
       0
       6
      11
      18
      19
      14
      14
      15
       9
       5
       3
       3
       1
       1
       0
       0
       0
       0
       0
       1
       0
       0
       1
       1
       0
       0
       2
       0
       0
       0
       1
       0
       0
       0
       0
       0
       0
       0
       0
       0
       0
       0
       0
       0
       0
       0
       1
       0
       1
       0
       1
       1
       0
       0
       0
       1
       1
       0
       0
       0
       0
       0
       0
       0
       0
       0
       0
       2
       1
       2
       0
       0
       0
       2
       0
       0
       0
       0
       0
       0
       0
       0
       0
       0
       1
       0
       0
       1
       0
       0
       0
       0
       1
       0
       0
       1
       1
       0
       0
       0
       0
       0
       0
       0
       0
       0
       0
       0
       0
       0
       1
       0
       1
       1
       1
       0
       1
       0
       1
       0
       0
       0
       0
       1
       0
       0
       0
       0
       1
       0
       1
       1
       1
       0
       0
       0
       0
       1
       0
       0
       0
       0
       0
       0
       0
       1
       0
       0
       0
       0
       0
       0
       0
       0
       0
       1
       1
       0
       1
       0
       0
       0
       0
       0
       0
       0
       0
       0
       1
       1
       1
       0
       1
       0
       0
       0
       0
       0
       0
       0
       1
       0
       0
       1
       0
       1
       0
       0
       1
       0
       1
       0
       0
       1
       0
       0
       0
       0
       0
       0
       1
       1
       0
       0
       0
       0
       0
       0
       0
       0
       0
       0
       0
       0
       0
       1
       0
       1
       1
       1
       1
       0
       0
       0
       0
       0
       0
       1
       0
       0
       0
       2
       1
       0
       0
       1
       0
       0
       0
       0
       0
       0
       1
       0
       1
       0
       0
       0
       0
       0
       1
       0
       0
       0
       0
       0
       1
       0
       0
       0
       0
       0
       0
       0
       0
       0
       1
       1
       0
       0
       0
       0
       0
       0
       0
       2
       0
       1
       0
       0
       0
       0
       0
       0
       0
       1
       0
       0
       1
       1
       0
       0
       0
       0
       0
       1
       0
       1
       0
       0
       0
       0
       0
       0
       0
       0
       0
       0
       1
       1
       0
       0
       0
       0
       1
       1
       0
       0
       1
       0
       0
       0
       0
       0
       1
       0
       0
       0
       0
       0
       0
       0
       0
       0
       1
       1
       1
       0
       0
       0
       1
       0
       0
       2
       0
       1
       2
       0
       0
       0
       0
       0
       0
       1
       0
       0
       0
       1
       0
       0
       0
       0
       0
       0
       0
       0
       0
       0
       0
       0
       1
       0
       0
       0
       0
       0
       0
       0
       0
       0
       1
       0
       0
       0
       0
       0
       0
       0
       0
       0
       0
       0
       0
       1
       0
       0
       1
       0
       0
       0
       0
       2
       0
       0
       3
       1
       0
       0
       1
       0
       0
       0
       0
       1
       0
       1
       0
       0
       0
       0
       1
       0
       0
       0
       0
       0
       0
       0
       0
       0
       0
       0
       1
       2
       1
       1
       4
       4
       1
       1
       1
       1
       0
       1
       0
       0
       0
       1
       0
       0
       0
       0
       0
       0
       0
       0
       0
       0
       1
       1
       0
       0
       0
       0
       0
       0
       1
       1
       0
       1
       0
       0
       0
       0
       0
       0
       0
       2
       0
       0
       1
       1
       0
       0
       0
       0
       0
       1
       0
       0
       0
       0
       0
       0
       0
       1
       0
       0
       1
       0
       0
       0
       0
       1
       0
       0
       1
       1
       0
       0
       0
       0
       0
       1
       0
       0
       0
       0
       0
       0
       0
       0
       0
       0
       0
       0
       0
       0
       0
       0
       0
       0
       0
       0
       0
       0
       0
       0
       1
       0
       0
       0
       0
       1
       0
       0
       0
       0
       0
       0
       0
       0
       0
       0
       0
       0
       0
       0
       0
       1
       0
       1
       1
       0
       0
       0
       0
       1
       0
       0
       0
       0
       1
       0
       0
       1
       0
       0
       0
       0
       0
       0
       0
       0
       0
       0
       0
       0
       0
       0
       0
       0
       0
       0
       0
       0
       0
       0
       0
       0
       0
       0
       0
       0
       0
       0
       0
       0
       0
       0
       0
       0
       0
       1
       0
       0
       0
       1
       0
       0
       0
       0
       0
       1
       1
       0
       0
       0
       0
       0
       0
       0
       0
       0
       0
       0
       0
       0
       0
       1
       1
       0
       0
       0
       1
       2
       0
       1
       1
       5
       0
       0
       0
       0
       0
       1
       1
       0
       0
       0
       1
       0
       0
       1
       0
       0
       0
       0
       0
       0
       0
       0
       0
       0
       0
       0
       0
       0
       0
       1
       0
       0
       0
       0
       0
       2
       0
       0
       0
       0
       0
       0
       1
       0
       0
       0
       0
       0
       0
       0
       0
       0
       0
       0
       0
       0
       0
       0
       0
       0
       0
       0
       0
       0
       1
       0
       0
       0
       0
       0
       0
       0
       0
       0
       0
       0
       0
       0
       0
       0
       0
       0
       1
       0
       0
       0
       0
       0
       0
       0
       0
       0
       0
       0
       0
       0
       0
       0
       0
       0
       0
       0
       0
       1
       1
       1
       0
       0
       0
       0
       0
       0
       0
       0
       1
       0
       0
       0
       0
       0
       0
       1
       0
       0
       1
       0
       0
       1
       0
       0
       0
       0
       0
       0
       0
       0
       0
       0
       0
       2
       0
       0
       0
       0
       0
       0
       0
       0
       0
       0
       0
       0
       0
       0
       0
       0
       0
       0
       0
       0
       0
       0
       0
       1
       0
       0
       0
       0
       0
       0
       0
       0
       0
       0
       0
       1
       0
       2
       2
       1
       0
       2
       0
       0
       0
       0
       1
       1
       0
       1
       0
       0
       0
       0
       0
       0
       0
       1
       0
       0
       0
       0
       0
       0
       0
       0
       0
       1
       0
       0
       0
       0
       0
       0
       0
       0
       0
       0
       0
       0
       0
       0
       0
       0
       0
       0
       0
       1
       0
       0
       0
       0
       1
       0
       0
       0
       0
       0
       0
       0
       0
       0
       1
       0
       1
       0
       0
       0
       0
       0
       0
       0
       0
       0
       0
       0
       1
       0
       0
       0
       0
       0
       0
       0
       0
       0
       0
       0
       0
       0
       0
       0
       0
       0
       0
       0
       0
       0
       0
       0
       0
       0
       0
       2
       0
       0
       0
       0
       0
       0
       1
       0
       0
       0
       0
       0
       0
       0
       0
       0
       1
       0
       0
       0
       0
       1
       0
       1
       0
       0
       0
       0
       0
       0
       0
       0
       0
       0
       0
       0
       0
       0
       0
       0
       1
       0
       0
       0
       0
       1
       0
       2
       0
       0
       0
       0
       0
       1
       0
       1
       0
       0
       0
       0
       0
       0
       0
       0
       1
       0
       0
       1
       0
       0
       0
       0
       0
       0
       0
       0
       0
       0
       0
       0
       0
       0
       0
       1
       0
       0
       0
       1
       0
       0
       0
       0
       0
       0
       0
       0
       0
       0
       1
       0
       0
       0
       0
       0
       0
       1
       0
       0
       1
       0
       0
       1
       0
       0
       1
       0
       0
       0
       0
       0
       0
       0
       0
       0
       0
       0
       0
       0
       1
       0
       2
       0
       0
       0
       0
       0
       0
       1
       0
       0
       0
       0
       0
       0
       0
       0
       0
       0
       0
       0
       0
       0
       1
       0
       0
       0
       0
       0
       0
       1
       0
       0
       0
       0
       0
       0
       0
       1
       0
       0
       0
       1
       0
       0
       0
       0
       1
       0
       0
       0
       0
       1
       0
       0
       0
       0
       0
       0
       0
       0
       0
       0
       0
       1
       0
       0
       0
       0
       0
       0
       0
       0
       0
       0
       0
       0
       0
       0
       0
       1
       0
       0
       0
       0
       0
       0
       0
       0
       0
       0
       0
       1
       0
       0
       0
       0
       0
       0
       0
       0
       0
       0
       0
       0
       0
       0
       0
       0
       0
       0
       0
       0
       0
       0
       1
       0
       0
       0
       0
       0
       0
       0
       0
       0
       0
       0
       0
       0
       0
       0
       0
       0
       0
       0
       0
       0
       0
       0
       0
       1
       0
       0
       0
       0
       1
       0
       0
       0
       0
       0
       0
       0
       0
       0
       0
       0
       0
       0
       0
       0
       0
       0
       0
       0
       0
       0
       0
       0
       1
       0
       0
       0
       0
       0
       1
       0
       0
       0
       0
       0
       0
       0
       0
       0
       0
       0
       0
       0
       0
       0
       0
       0
       0
       0
       0
       0
       1
       0
       0
       0
       0
       0
       0
       1
       0
       1
       0
       0
       0
       0
       0
       0
       0
       0
       0
       0
       0
       0
       0
       0
       0
       0
       0
       0
       0
       0
       0
       0
       0
       0
       0
       0
       0
       0
       1
       0
       1
       3
       0
       0
       0
       1
       1
       0
       1
       0
       0
       0
       0
       0
       0
       0
       0
       0
       0
       1
       0
       0
       0
       0
       0
       0
       0
       0
       0
       0
       0
       0
       0
       0
       0
       0
       0
       1
       0
       0
       0
       0
       2
       0
       1
       0
       0
       1
       0
       0
       0
       0
       1
       0
       0
       0
       0
       0
       0
       0
       0
       0
       0
       0
       0
       0
       0
       0
       0
       0
       2
       0
       0
       1
       0
       0
       0
       0
       0
       1
       0
       0
       0
       0
       0
       0
       1
       0
       0
       0
       0
       0
       0
       0
       0
       0
       0
       0
       0
       0
       1
       0
       0
       0
       0
       0
       0
       0
       0
       0
       1
       0
       0
       0
       0
       0
       0
       0
       0
       0
       1
       0
       0
       0
       0
       0
       0
       0
       0
       0
       0
       0
       0
       1
       0
       0
       0
       0
       0
       0
       0
       1
       0
       0
       0
       0
       1
       0
       0
       0
       0
       0
       0
       0
       0
       0
       0
       0
       0
       0
       0
       0
       0
       0
       0
       0
       0
       0
       0
       0
       0
       0
       0
       0
       0
       0
       0
       0
       0
       0
       0
       1
       0
       0
       0
       0
       0
       0
       0
       0
       0
       0
       0
       0
       0
       0
       0
       0
       0
       0
       0
       0
       1
       0
       0
       0
       0
       0
       0
       0
       0
       0
       0
       0
       0
       0
       0
       0
       0
       0
       0
       0
       0
       0
       0
       0
       0
       0
       0
       0
       1
       0
       0
       0
       0
       0
       0
       0
       0
       0
       0
       0
       0
       0
       0
       0
       0
       0
       0
       1
       0
       0
       0
       0
       0
       0
       0
       0
       0
       0
       0
       0
       0
       0
       2
       1
       0
       0
       0
       0
       0
       0
       0
       0
       1
       0
       0
       0
       0
       0
       0
       0
       0
       0
       0
       0
       0
       0
       0
       0
       0
       1
       0
       0
       0
       0
       0
       0
       0
       1
       0
       0
       0
       0
       0
       0
       0
       0
       0
       0
       0
       0
       0
       0
       0
       0
       0
       0
       0
       0
       0
       0
       0
       0
       0
       0
       0
       0
       0
       0
       0
       0
       0
       0
       0
       1
       0
       1
       0
       0
       0
       0
       0
       0
       0
       0
       0
       0
       0
       0
       0
       0
       0
       0
       0
       0
       0
       0
       0
       1
       1
       0
       0
       0
       0
       0
       1
       0
       0
       0
       0
       0
       0
       0
       0
       0
       0
       0
       0
       0
       0
       0
       0
       0
       0
       0
       0
       0
       0
       0
       1
       1
       1
       0
       0
       0
       0
       0
       0
       0
       0
       0
       0
       0
       0
       0
       0
       0
       0
       0
       0
       1
       0
       0
       0
       0
       0
       0
       0
       1
       0
       0
       0
       0
       0
       0
       0
       0
       0
       0
       0
       0
       0
       0
       0
       0
       1
       0
       0
       0
       0
       0
       0
       0
       0
       0
       0
       0
       0
       0
       0
       0
       0
       0
       0
       0
       0
       0
       0
       0
       0
       0
       0
       0
       0
       0
       0
       1
       0
       0
       0
       0
       0
       0
       0
       0
       0
       0
       0
       0
       0
       0
       0
       0
       0
       0
       0
       0
       0
       0
       0
       0
       0
       0
       0
       0
       0
       0
       0
       0
       0
       0
       0
       0
       0
       0
       0
       0
       0
       0
       0
       1
       0
       0
       0
       0
       0
       0
       0
       0
       0
       0
       0
       0
       0
       0
       0
       0
       0
       0
       0
       0
       0
       0
       0
       0
       0
       0
       0
       0
       0
       0
       0
       0
       0
       0
       0
       0
       0
       0
       0
       0
       0
       1
       0
       0
       0
       0
       0
       0
       0
       0
       0
       0
       0
       0
       0
       0
       1
       0
       0
       0
       0
       0
       0
       0
       0
       0
       0
       0
       0
       0
       0
       0
       0
       0
       0
       0
       0
       0
       0
       0
       0
       0
       0
       0
       0
       0
       0
       0
       0
       0
       0
       0
       1
       0
       0
       0
       0
       0
       0
       0
       0
       0
       0
       0
       0
       0
       0
       0
       1
       1
       0
       0
       0
       0
       0
       0
       0
       0
       0
       0
       0
       0
       1
       0
       0
       1
       0
       0
       0
       0
       0
       0
       0
       0
       0
       0
       0
       0
       0
       0
       0
       0
       0
       0
       0
       0
       0
       0
       0
       0
       0
       0
       0
       0
       0
       0
       0
       0
       0
       0
       0
       0
       0
       0
       0
       0
       0
       0
       0
       0
       0
       0
       0
       0
       0
       0
       0
       0
       0
       0
       0
       0
       0
       0
       0
       0
       0
       0
       0
       0
       1
       0
       0
       0
       0
       0
       0
       0
       0
       0
       0
       0
       0
       0
       0
       0
       1
       0
       0
       0
       0
       0
       1
       0
       1
       0
       0
       1
       0
       0
       0
       0
       1
       0
       1
       2
       1
       0
       0
       0
       0
       0
       0
       0
       0
       0
       0
       0
       0
       0
       0
       0
       0
       0
       0
       0
       0
       0
       0
       0
       0
       0
       0
       0
       0
       1
       1
       0
       0
       0
       0
       0
       0
       0
       0
       0
       0
       1
       0
       0
       0
       0
       0
       0
       1
       0
       0
       0
       0
       0
       0
       0
       0
       0
       0
       0
       0
       0
       0
       0
       0
       0
       0
       0
       0
       0
       0
       0
       0
       0
       0
       0
       0
       1
       0
       0
       0
       0
       0
       0
       0
       0
       0
       0
       0
       0
       0
       0
       0
       0
       0
       0
       0
       0
       0
       0
       0
       0
       0
       0
       0
       0
       0
       0
       0
       0
       0
       0
       0
       0
       0
       0
       0
       0
       0
       0
       0
       0
       0
       0
       0
       0
       0
       0
       0
       0
       0
       0
       0
       0
       0
       0
       1
       0
       0
       2
       0
       0
       0
       0
       0
       0
       0
       1
       0
       0
       0
       0
       1
       0
       0
       0
       0
       0
       1
       0
       0
       0
       0
       0
       0
       0
       0
       0
       0
       0
       0
       0
       0
       0
       0
       0
       1
       0
       0
       0
       0
       0
       0
       0
       0
       0
       0
       0
       0
       0
       0
       0
       0
       0
       0
       0
       0
       1
       0
       0
       0
       0
       0
       0
       0
       0
       0
       0
       0
       0
       0
       1
       0
       0
       0
       0
       0
       0
       1
       0
       0
       0
       0
       0
       0
       0
       0
       0
       0
       0
       0
       0
       0
       0
       0
       0
       0
       0
       0
       0
       0
       0
       0
       0
       0
       0
       0
       0
       0
       0
       0
       0
       0
       0
       0
       0
       0
       0
       0
       0
       0
       0
       0
       0
       0
       0
       0
       0
       0
       0
       0
       1
       0
       0
       0
       0
       0
       0
       0
       0
       0
       0
       0
       0
       0
       0
       0
       0
       0
       0
       0
       0
       0
       0
       0
       0
       0
       0
       0
       0
       0
       0
       0
       0
       0
       0
       0
       0
       0
       0
       0
       0
       0
       0
       0
       0
       0
       0
       0
       0
       0
       0
       0
       0
       0
       0
       0
       0
       0
       0
       1
       0
       0
       0
       2
       0
       0
       0
       0
       0
       0
       0
       0
       0
       0
       0
       0
       0
       0
       0
       0
       0
       0
       0
       0
       0
       0
       0
       0
       0
       0
       0
       0
       0
       0
       0
       0
       0
       0
       0
       0
       0
       0
       0
       0
       0
       0
       0
       0
       0
       0
       0
       0
       0
       0
       0
       0
       0
       0
       0
       0
       0
       0
       0
       0
       0
       0
       0
       0
       0
       0
       0
       0
       0
       0
       1
       0
       0
       0
       0
       0
       0
       0
       0
       0
       0
       0
       0
       0
       0
       0
       0
       0
       0
       0
       0
       0
       0
       0
       0
       0
       0
       0
       0
       0
       0
       0
       0
       0
       0
       0
       0
       0
       0
       0
       0
       0
       0
       0
       0
       0
       0
       0
       0
       0
       0
       0
       0
       0
       0
       0
       0
       0
       0
       0
       0
       0
       0
       0
       0
       0
       0
       0
       0
       0
       0
       0
       0
       0
       0
       0
       0
       1
       0
       0
       0
       0
       0
       0
       0
       0
       0
       0
       0
       0
       0
       0
       0
       0
       0
       0
       0
       0
       0
       0
       0
       0
       0
       0
       0
       0
       0
       0
       0
       0
       0
       0
       0
       0
       1
       0
       0
       0
       0
       0
       0
       0
       0
       0
       0
       0
       0
       0
       0
       0
       0
       0
       0
       0
       0
       0
       0
       0
       0
       0
       0
       0
       0
       0
       0
       0
       0
       0
       0
       0
       0
       0
       0
       0
       0
       0
       0
       0
       0
       0
       0
       0
       0
       0
       1
       1
       0
       1
       2
       1
       4
       1
       3
       2
       0
       0
       0
       0
       0
       0
       0
       0
       0
       0
       0
       0
       0
       0
       0
       0
       0
       0
       0
       0
       0
       0
       0
       0
       0
       0
       0
       0
       0
       0
       0
       0
       0
       0
       0
       0
       0
       0
       0
       0
       0
       0
       0
       0
       0
       0
       0
       0
       0
       0
       0
       0
       0
       0
       0
       0
       0
       0
       0
       0
       0
       0
       0
       0
       0
       0
       1
       0
       0
       0
       0
       0
       0
       0
       0
       0
       0
       0
       0
       0
       0
       0
       0
       0
       0
       0
       0
       0
       0
       0
       0
       0
       0
       0
       0
       0
       0
       0
       0
       0
       0
       0
       0
       0
       0
       0
       0
       0
       0
       0
       0
       0
       0
       0
       0
       0
       0
       0
       0
       0
       0
       0
       0
       0
       0
       0
       0
       0
       0
       0
       0
       0
       0
       0
       0
       0
       0
       0
       0
       0
       0
       0
       0
       0
       0
       0
       0
       0
       0
       0
       0
       0
       0
       0
       0
       0
       0
       0
       0
       0
       0
       0
       0
       0
       0
       0
       0
       0
       0
       0
       0
       0
       0
       0
       0
       0
       0
       0
       0
       0
       0
       0
       0
       0
       0
       0
       0
       0
       0
       0
       0
       0
       0
       0
       0
       0
       0
       0
       0
       0
       0
       0
       0
       0
       0
       0
       0
       0
       0
       0
       0
       0
       0
       0
       0
       0
       0
       0
       0
       0
       0
       0
       0
       0
       0
       0
       0
       0
       0
       0
       0
       0
       0
       0
       0
       0
       0
       0
       0
       0
       0
       0
       0
       0
       0
       0
       0
       0
       0
       0
       0
       0
       0
       0
       0
       0
       0
       0
       0
       0
       0
       0
       0
       0
       0
       0
       0
       0
       0
       0
       0
       0
       0
       0
       0
       0
       0
       0
       0
       0
       0
       0
       0
       0
       0
       0
       0
       0
       0
       0
       0
       0
       0
       0
       0
       0
       0
       0
       0
       0
       0
       0
       0
       0
       0
       0
       0
       0
       0
       0
       0
       0
       0
       0
       0
       0
       0
       0
       0
       0
       0
       0
       0
       0
       0
       0
       0
       0
       0
       0
       0
       0
       0
       0
       0
       0
       0
       0
       0
       0
       0
       0
       0
       0
       0
       0
       0
       0
       0
       0
       0
       0
       0
       0
       0
       0
       0
       0
       0
       0
       0
       0
       0
       0
       0
       0
       0
       0
       0
       0
       1
       0
       0
       0
       0
       0
       0
       0
       0
       0
       0
       0
       0
       0
       0
       0
       0
       0
       0
       0
       0
       0
       0
       0
       0
       1
       0
       0
       0
       0
       0
       0
       0
       0
       0
       0
       0
       0
       0
       0
       0
       0
       0
       0
       0
       0
       0
       0
       0
       0
       0
       0
       0
       0
       0
       0
       0
       0
       0
       0
       0
       0
       0
       0
       0
       0
       0
       0
       0
       0
       0
       0
       0
       0
       0
       0
       0
       0
       0
       0
       0
       0
       0
       0
       0
       0
       0
       0
       0
       0
       0
       0
       0
       0
       0
       0
       0
       0
       0
       0
       0
       0
       0
       0
       0
       0
       0
       0
       0
       0
       0
       0
       0
       0
       0
       0
       0
       0
       0
       0
       0
       0
       0
       0
       0
       0
       0
       0
       0
       0
       0
       0
       0
       0
       0
       0
       0
       0
       0
       0
       0
       0
       0
       0
       0
       0
       0
       0
       0
       0
       0
       0
       0
       0
       0
       0
       0
       0
       0
       0
       0
       0
       0
       0
       0
       0
       0
       0
       0
       0
       0
       0
       0
       0
       0
       0
       0
       0
       0
       0
       0
       0
       0
       0
       0
       0
       0
       0
       0
       0
       0
       0
       0
       0
       0
       0
       0
       0
       0
       0
       0
       0
       0
       0
       0
       0
       0
       0
       0
       0
       1
       0
       0
       0
       0
       0
       0
       0
       0
       0
       0
       0
       0
       0
       0
       0
       0
       0
       0
       0
       0
       0
       0
       0
       0
       0
       0
       0
       0
       0
       0
       0
       0
       0
       0
       0
       0
       0
       0
       0
       0
       0
       0
       0
       0
       0
       0
       0
       0
       0
       0
       0
       0
       0
       0
       0
       0
       0
       0
       0
       1
       0
       0
       0
       0
       0
       0
       0
       0
       0
       0
       0
       0
       0
       0
       0
       0
       0
       0
       0
       0
       0
       0
       0
       0
       0
       0
       0
       0
       0
       0
       0
       0
       0
       0
       0
       0
       0
       0
       0
       0
       0
       0
       0
       0
       0
       0
       0
       0
       0
       0
       0
       0
       0
       0
       0
       0
       0
       0
       0
       0
       0
       0
       0
       0
       0
       0
       0
       0
       0
       0
       0
       0
       0
       0
       0
       0
       0
       0
       0
       0
       0
       0
       0
       0
       0
       0
       0
       0
       0
       0
       0
       0
       0
       0
       0
       0
       0
       0
       0
       0
       0
       0
       0
       0
       0
       0
       0
       0
       0
       0
       0
       0
       0
       0
       0
       0
       0
       0
       0
       0
       0
       0
       0
       0
       0
       0
       0
       0
       0
       0
       0
       0
       0
       0
       0
       0
       0
       0
       0
       0
       0
       0
       0
       0
       0
       0
       0
       0
       0
       0
       0
       0
       0
       0
       0
       0
       0
       0
       0
       0
       0
       0
       0
       0
       0
       0
       0
       0
       0
       0
       0
       0
       0
       0
       0
       0
       0
       0
       0
       0
       0
       0
       0
       0
       0
       0
       0
       0
       0
       0
       0
       0
       0
       0
       0
       0
       0
       0
       0
       0
       0
       0
       0
       0
       0
       0
       0
       0
       0
       0
       0
       0
       0
       0
       0
       0
       0
       0
       0
       0
       0
       0
       0
       0
       0
       0
       0
       0
       0
       0
       0
       0
       0
       0
       0
       0
       0
       0
       0
       0
       0
       0
       0
       0
       0
       0
       0
       0
       0
       0
       0
       0
       0
       0
       0
       0
       0
       0
       0
       0
       0
       0
       0
       0
       0
       0
       0
       0
       0
       0
       0
       0
       0
       0
       0
       0
       0
       0
       0
       0
       0
       0
       0
       0
       0
       0
       0
       0
       0
       0
       0
       0
       0
       0
       0
       0
       0
       0
       0
       0
       0
       0
       0
       0
       0
       0
       0
       0
       0
       0
       0
       0
       0
       0
       0
       0
       0
       0
       0
       0
       0
       0
       0
       0
       0
       0
       0
       0
       0
       0
       0
       0
       0
       0
       0
       0
       0
       0
       0
       0
       0
       0
       0
       0
       0
       0
       0
       0
       0
       0
       0
       0
       0
       0
       0
       0
       0
       0
       0
       0
       0
       0
       0
       0
       0
       0
       0
       0
       0
       0
       0
       0
       0
       0
       0
       0
       0
       0
       0
       0
       0
       0
       0
       0
       0
       0
       0
       0
       0
       0
       0
       0
       0
       0
       0
       0
       0
       0
       0
       0
       0
       0
       0
       0
       0
       0
       0
       0
       0
       0
       0
       0
       0
       0
       0
       0
       0
       0
       0
       0
       0
       0
       0
       0
       0
       0
       0
       0
       0
       0
       0
       0
       0
       0
       0
       0
       0
       0
       0
       0
       0
       0
       0
       0
       0
       0
       0
       0
       0
       0
       0
       0
       0
       0
       0
       0
       0
       0
       0
       0
       1
       0
       0
       0
       0
       0
       0
       0
       0
       0
       0
       0
       0
       0
       0
       0
       0
       0
       0
       0
       0
       0
       0
       0
       0
       0
       0
       0
       0
       0
       0
       0
       0
       0
       0
       0
       0
       0
       0
       0
       0
       0
       0
       0
       0
       0
       0
       0
       0
       0
       0
       0
       0
       0
       0
       0
       0
       0
       0
       0
       0
       0
       0
       0
       0
       0
       0
       0
       0
       0
       0
       0
       0
       0
       0
       0
       0
       0
       0
       0
       0
       0
       0
       0
       0
       0
       0
       0
       0
       0
       0
       0
       0
       0
       0
       0
       0
       0
       0
       0
       0
       0
       0
       0
       0
       0
       0
       0
       0
       0
       0
       0
       0
       0
       0
       0
       0
       0
       0
       0
       0
       0
       0
       0
       0
       0
       0
       0
       0
       0
       0
       0
       0
       0
       0
       0
       0
       0
       0
       0
       0
       0
       0
       0
       0
       0
       0
       0
       0
       0
       0
       0
       0
       0
       0
       0
       0
       0
       0
       0
       0
       0
       0
       0
       0
       0
       0
       0
       0
       0
       0
       0
       0
       0
       0
       0
       0
       0
       0
       0
       0
       0
       0
       0
       0
       0
       0
       0
       0
       0
       0
       0
       0
       0
       0
       0
       0
       0
       0
       0
       0
       0
       0
       0
       0
       0
       0
       0
       0
       0
       0
       0
       0
       0
       0
       0
       0
       0
       0
       0
       0
       0
       0
       0
       0
       0
       0
       0
       0
       0
       0
       0
       0
       0
       0
       0
       0
       0
       0
       0
       0
       0
       0
       0
       0
       0
       0
       0
       0
       0
       0
       0
       0
       0
       0
       0
       0
       0
       0
       0
       0
       0
       0
       0
       0
       0
       0
       0
       0
       0
       0
       0
       0
       0
       0
       0
       0
       0
       0
       0
       0
       0
       0
       0
       0
       0
       0
       0
       0
       0
       0
       0
       0
       0
       0
       0
       0
       0
       0
       0
       0
       0
       0
       0
       0
       0
       0
       0
       0
       0
       0
       0
       0
       0
       0
       0
       0
       0
       0
       0
       0
       0
       0
       0
       0
       0
       0
       0
       0
       0
       0
       0
       0
       0
       0
       0
       0
       0
       0
       0
       0
       0
       0
       0
       0
       0
       0
       0
       0
       0
       0
       0
       0
       0
       0
       0
       0
       0
       0
       0
       0
       0
       0
       0
       0
       0
       0
       0
       0
       0
       0
       0
       0
       0
       0
       0
       0
       0
       0
       0
       0
       0
       0
       0
       0
       0
       0
       0
       0
       0
       0
       0
       0
$ROI:
0
$PRESETS:
Real Time
180
0
$ENER_FIT:
0.888569 0.390988
$MCA_CAL:
3
8.885689E-001 3.909876E-001 3.191953E-008 keV
$SHAPE_CAL:
3
0.000000E+000 0.000000E+000 0.000000E+000
