$SPEC_ID:
1
$SPEC_REM:
DET# 2
DETDESC# MCB 130 Normal
AP# Maestro Version 7.01
$DATE_MEA:
09/29/2019 13:55:42
$MEAS_TIM:
177 180
$DATA:
0 8191
       0
       0
       0
       0
       0
       0
       0
       0
       0
       0
       0
       0
       0
       0
       0
       0
       0
       0
       0
       0
       0
       0
       0
       0
       0
       0
       7
     411
     132
      60
      86
     128
     130
     122
     139
      87
     101
      99
     141
     153
     158
     156
     115
     125
     121
     109
      78
     100
      98
     105
     111
      96
      83
      90
      77
      88
      80
      84
     104
      93
     102
      91
     101
      73
      98
     100
      96
      93
     123
     165
     304
     259
     188
     130
     162
     166
     220
     225
     181
     137
     133
     147
     124
     126
     124
     103
     123
     209
     282
     428
     442
     262
     135
      95
      75
      91
     123
     126
     122
     102
     135
     183
     205
     176
     137
     113
     114
     102
      83
      97
      91
      95
      98
     102
      97
     100
     111
     106
      91
      86
      92
      96
      95
      86
     177
     189
     184
     108
      89
      93
      85
     106
     119
     102
      89
      88
      97
      87
      94
      89
      77
      92
      86
     159
     220
     290
     193
     126
      99
     106
     112
     136
     105
     124
      91
      88
     113
      97
     100
     111
     136
     121
     109
     131
     118
     110
     120
     127
     112
     119
     108
     107
     136
     131
     144
     149
     138
     134
     115
     138
     144
     146
     139
     174
     131
     159
     137
     137
     140
     165
     172
     151
     170
     144
     171
     144
     157
     136
     150
     135
     139
     127
     151
     173
     316
     473
     484
     306
     164
     155
     130
     135
     154
     165
     181
     180
     156
     118
     164
     154
     173
     157
     141
     155
     139
     155
     167
     146
     171
     158
     182
     229
     193
     144
     170
     164
     160
     164
     155
     228
     287
     257
     214
     149
     151
     154
     141
     141
     211
     297
     365
     344
     259
     230
     211
     162
     131
     149
     161
     140
     174
     131
     188
     250
     261
     186
     175
     150
     177
     257
     260
     251
     143
     137
     141
     143
     139
     125
     134
     141
     170
     165
     185
     192
     202
     169
     156
     139
     134
     141
     135
     152
     176
     144
     140
     145
     159
     156
     170
     139
     128
     151
     144
     103
     131
     117
     119
     140
     139
     154
     131
     134
     141
     100
     125
     136
     153
     123
     118
     130
     120
     120
     138
     103
     133
     143
     119
     133
      98
     114
     132
     120
     127
     132
     127
     127
     134
     127
     122
     131
     142
     127
     120
     110
     139
     123
     117
     119
     125
     131
     136
     118
     106
     116
     130
     128
     350
     904
    1203
     971
     404
     144
     121
     117
     101
     127
      92
     110
      98
     132
     185
     166
     152
     109
     116
     115
     123
      99
     105
      95
     105
     128
     127
     111
     108
      98
     104
     100
      92
      90
      96
     121
      91
     100
     103
      99
     100
      73
      90
      87
      99
      98
      78
      85
     111
     112
      83
      89
      88
      94
      98
      88
     100
      93
      98
     135
     102
      91
      80
      81
      95
      84
      89
      79
      80
      96
      91
      85
     103
      83
      67
      90
      77
      87
      97
      89
      77
      98
      86
      85
      87
      86
      81
      82
      84
      83
      72
      77
     101
      82
      83
      67
      83
      73
      89
      66
      66
      80
      89
      82
     103
     134
     146
     134
      98
      82
      82
      72
      95
      86
      73
      91
      80
      98
     107
      96
      86
      69
      75
      82
      61
      81
      73
      76
      64
      68
      82
      78
      87
      72
      79
      71
      74
      83
      58
      87
      64
      51
      74
      83
      73
      75
      71
      85
      63
      62
      61
      56
      67
      66
      77
      78
      85
      65
      57
      70
      76
      53
      68
      79
      70
      71
      71
      78
      75
      75
      76
      72
      47
      61
      60
      58
      53
      65
      74
      66
      70
      69
      68
      77
      58
      49
      67
      73
      72
      57
      65
      60
      63
      39
      66
      69
      64
      79
      57
      80
      61
      68
      62
      62
      67
      56
      61
      61
      60
      51
      46
      49
      58
      55
      53
      62
      48
      82
      61
      55
      51
      56
      57
      56
     108
     238
     482
     656
     471
     219
     101
      70
      57
      47
      63
      71
      79
      69
      45
      54
      58
      51
      48
      55
      44
      51
      55
      33
      39
      50
      52
      52
      40
      70
      70
      56
      69
      58
      61
      55
      58
      71
      56
      50
      50
      60
      51
      59
      45
      57
      48
      37
      59
      46
      52
      47
      43
      44
      44
      75
     166
     403
     509
     397
     166
      65
      48
      37
      40
      35
      63
      68
      45
      50
      54
      58
      51
      52
      52
      48
      51
      34
      45
      45
      38
      49
      56
      52
      39
      41
      38
      38
      44
      53
      52
      42
      50
      46
      45
      43
      44
      33
      37
      55
      48
      48
      61
      60
      55
      53
      39
      40
      44
      45
      46
      47
      46
      41
      42
      42
      46
      46
      40
      40
      49
      33
      46
      48
      43
      45
      43
      54
      74
      87
      67
      61
      35
      35
      37
      41
      44
      34
      41
      28
      43
      41
      29
      27
      35
      45
      40
      49
      49
      52
      46
      38
      34
      39
      27
      38
      42
      43
      39
      42
      37
      31
      33
      29
      36
      23
      46
      90
     224
     366
     385
     189
      90
      44
      44
      43
      43
      57
      39
      48
      43
      33
      52
      67
      57
      40
      33
      42
      26
      25
      36
      34
      40
      40
      34
      25
      37
      40
      43
      51
      44
      38
      38
      31
      45
      28
      44
      38
      47
      50
      25
      35
      38
      46
      36
      30
      32
      43
      26
      37
      36
      30
      25
      39
      30
      28
      37
      49
      68
      73
      66
      52
      35
      28
      44
      59
      57
      57
      33
      27
      32
      42
      39
      30
      29
      33
      32
      28
      28
      25
      30
      33
      35
      28
      38
      25
      39
      23
      38
      54
      70
      54
      42
      44
      42
      31
      37
      38
      29
      27
      29
      24
      26
      32
      47
      43
      32
      35
      19
      39
      22
      29
      31
      20
      33
      29
      42
      28
      31
      42
      35
      47
      37
      30
      25
      40
      32
      26
      30
      22
      35
      37
      29
      30
      28
      29
      34
      26
      32
      28
      30
      36
      34
      31
      34
      41
      42
      56
      52
      53
      50
      34
      34
      22
      19
      20
      28
      32
      44
      32
      37
      27
      29
      29
      37
      26
      24
      22
      27
      30
      29
      25
      30
      29
      22
      38
      29
      25
      32
      37
      74
     107
     145
     117
      64
      33
      32
      39
      26
      21
      24
      26
      26
      17
      28
      21
      25
      19
      20
      21
      23
      19
      29
      23
      22
      28
      22
      25
      19
      19
      22
      26
      19
      15
      21
      19
      21
      27
      20
      26
      18
      20
      22
      23
      29
      30
      11
      23
      21
      21
      20
      20
      29
      27
      21
      25
      12
      24
      27
      22
      25
      18
      21
      19
      22
      24
      27
      20
      21
      30
      19
      20
      30
      29
      21
      20
      26
      25
      23
      19
      16
      29
      28
      17
      22
      22
      20
      26
      19
      18
      20
      19
      17
      17
      27
      37
      26
      20
      21
      23
      21
      26
      29
      29
      10
      15
      22
      20
      21
      31
      30
      17
      21
      24
      18
      28
      23
      24
      15
      18
      20
      24
      34
      27
      13
      16
      22
      22
      25
      21
      25
      17
      20
      18
      19
      23
      23
      26
      24
      18
      27
      22
      21
      21
      23
      17
      16
      24
      12
      20
      20
      24
      25
      23
      30
      26
      19
      25
      18
      20
      21
      21
      19
      25
      19
      18
      17
      17
      19
      14
      21
      19
      15
      19
      22
      33
      31
      26
      22
      18
      20
      19
      14
      23
      14
      22
      19
      20
      20
      17
      32
      23
      17
      21
      20
      21
      19
      16
      20
      12
      24
      17
      19
      18
      30
      26
      25
      23
      22
      22
      18
      31
      18
      26
      20
      32
      22
      24
      16
      24
      21
      11
      25
      16
      14
      19
      17
      19
      21
      22
      21
      17
      18
      18
      18
      20
      15
      23
      22
      24
      12
      20
      24
      16
      24
      21
      22
      19
      22
      16
      14
      25
      21
      20
      23
      26
      19
      18
      25
      22
      10
      18
      15
      16
      21
      24
      29
      31
      27
      14
      18
      19
      21
      21
      25
      18
      23
      16
      18
      20
      24
      17
      24
      18
      14
      28
      19
      13
      28
      20
      13
      20
      20
      17
      17
      14
      19
      19
      13
      16
      22
      14
      22
      21
      17
      20
      22
      12
      17
      14
      20
      20
      14
      27
      41
      54
      50
      48
      27
      26
      15
      15
      23
      27
      28
      27
      26
       9
      16
      15
      15
      14
      13
      21
      18
      21
      21
      15
      15
      16
      33
      43
      35
      29
      25
      16
      18
      11
      19
      12
      18
      26
      17
      19
      10
      20
      24
      14
      14
      22
      15
      20
      15
      26
      39
      23
      26
      26
      35
      26
      27
      21
      14
      13
      21
      22
      25
      27
      19
      13
      12
      18
      17
      20
      16
      19
      13
      15
      21
      11
      19
      17
      11
      19
      13
      19
      15
      13
      15
      11
      21
      18
      17
      12
      27
      27
      51
      52
      49
      34
      15
      18
      16
      16
      21
      13
      14
      19
      14
      20
      19
      15
      31
     101
     205
     352
     323
     226
     123
      40
      14
      22
       8
      12
      15
       8
      15
      22
      22
      15
      14
      17
      24
      35
      51
      55
      30
      24
      17
      13
      18
      13
      19
       8
      16
      16
      14
      16
       9
      18
       7
      23
      14
      18
      13
      16
      14
      11
      13
      18
      16
      16
      20
      14
      12
      12
      16
      16
       9
      12
      10
      14
      20
      13
      15
      10
      12
      12
      14
      34
      55
      58
      56
      34
      23
      18
      14
      19
      14
      13
      12
      11
      11
      12
       8
      15
       6
       8
       9
      16
      12
      12
       7
      12
      18
      12
      14
       9
       9
      14
      10
      12
      13
       8
       9
       8
       8
       7
       7
       7
      13
      11
       7
       5
       9
      15
       7
       5
       7
      10
       9
       5
      16
       5
       9
      14
      15
      10
       6
       9
      12
      13
      13
      17
       9
      14
       7
       8
      13
       8
      12
      10
      23
      13
      10
       6
       4
       9
       9
      13
       9
      11
       8
      14
      12
      13
      14
       9
      10
       9
      11
       8
       6
       7
      15
      13
      13
       6
       9
      10
       9
      10
       7
       8
      13
       9
       6
       9
      13
      11
       3
       9
       9
       8
      10
       5
      13
       3
       6
      11
       9
      14
      10
      11
      10
      14
       5
      11
      13
       9
       8
       5
       6
      16
       9
      16
      14
      13
      23
      26
      17
      19
      13
       7
       8
       5
       8
       8
       7
       4
      10
       8
       7
       9
       7
       6
       7
       9
       6
      14
      13
      11
       9
      13
       6
       6
       7
      17
       5
      11
       8
       8
       6
       4
       9
       9
       2
       9
       5
       3
       6
       6
       5
       4
       6
       5
       9
      12
       4
       7
      12
      11
      26
      39
      28
      19
       4
       7
       5
       5
       7
       5
       6
       8
       9
       7
       5
      11
       6
       9
      11
       7
       5
      10
       7
       3
       5
       4
       3
       6
      11
       6
       6
      10
       4
       4
       5
       8
       3
       9
       8
       7
       3
       4
       4
      10
       9
       7
       8
       5
       9
       2
       3
       8
      12
      14
      13
      13
       9
      12
      11
      10
       5
      11
       9
      11
       9
      11
       4
       9
      15
      45
     122
     152
     245
     172
     137
      55
      18
       5
       7
      10
      10
       9
      11
      10
       5
       8
      12
      14
      20
      32
      12
       8
      15
      26
      71
     141
     199
     197
     146
      66
      25
      18
      19
      16
       7
       9
      13
      14
      14
       6
       8
       8
       6
       6
       5
       2
       8
       6
       3
       7
       4
       7
       2
       4
       5
       7
       5
       7
       7
       8
       9
       7
       5
       8
       5
       4
      10
       4
       7
       5
      11
      11
       6
       2
       8
       5
       4
       2
       4
       3
       6
       3
       3
       6
       2
       8
       4
       9
       3
       4
       1
       2
       1
       2
       6
       8
       5
       4
       8
       4
       8
       5
       3
       5
       5
       7
       4
       5
       4
       8
       4
       5
       4
       5
       6
       2
       7
       1
       6
       2
       5
       6
       6
       8
       4
      14
       4
       4
       8
       5
       3
       7
       2
       7
       7
       5
       3
       4
       3
       3
       4
       5
       3
       5
       4
       5
       9
       1
       0
       9
       5
       4
       6
       3
       3
       3
       9
       5
       4
       3
       6
       4
       3
       5
       7
      13
      15
      12
      13
      11
      15
      11
      13
       8
       6
      10
      10
       8
      19
      15
      10
       6
       4
       8
       6
       3
       4
       2
       5
       4
       6
       7
       2
       6
       2
       3
       4
       3
       8
       4
       4
       8
       2
       5
       1
       3
       3
       8
      16
      30
      28
      43
      20
       9
       4
      13
      18
      30
      76
     128
     164
     163
      89
      53
      21
      10
       3
       7
       2
       4
       8
       4
       1
       9
       4
      14
      24
      23
      13
      12
       5
       4
      13
       4
       6
       8
       6
       4
       4
       5
       4
       3
       5
      10
      18
      16
      10
       5
      10
       6
       5
       3
       2
      12
       3
       6
       1
       4
       6
       2
       4
       0
       6
       4
       3
       3
       6
       6
       7
       5
       6
       4
       4
       4
       6
      14
       8
       5
       3
       5
       3
       9
      20
      53
      97
     131
     119
      88
      51
      31
      12
       5
       3
       4
       8
       8
       7
       9
      10
      10
      14
       6
       4
       3
       5
      11
       4
       6
       4
       4
       4
       7
       5
       0
       4
       1
       1
       3
       3
       2
       7
       3
       2
       3
       3
       2
       1
       4
       8
       2
       3
       5
       6
       8
       7
       3
       4
       2
       2
       9
       3
       9
       5
       3
       7
       9
       5
       4
       1
       3
       4
       0
       4
       8
       6
       5
       3
       1
       1
       1
       4
       5
       3
       6
       4
       5
      10
       5
       3
       3
       3
       3
       4
       1
       2
       1
       1
       6
       3
       4
       6
       4
       7
       4
       8
       5
       9
      11
       8
       6
       3
       2
       7
       6
      11
      12
      14
      11
      10
       7
       4
       4
       4
       2
       0
       1
       3
       7
       2
       3
       4
       5
       4
       3
       5
       3
       2
       2
       3
       6
       2
       5
       1
       1
       1
       2
       1
       2
       6
       2
       2
       6
       1
       1
       3
       3
       4
       2
       4
       4
       3
       3
       4
       4
       0
       0
       4
       2
       2
       4
       3
       2
       3
       8
       2
       3
       3
       3
       2
       1
       1
       7
       3
       4
       4
       1
       2
       4
       1
       3
       3
       3
       3
       2
       5
       1
       0
       3
       3
       1
       0
       1
       3
       2
       1
       7
       2
       6
       5
       9
       5
       2
       5
       4
       4
       5
       4
       6
       5
       2
      10
       4
       7
       5
       0
       4
       4
       3
       3
       1
       3
       4
       5
       5
       2
       4
       3
       4
       1
       1
       2
       3
       6
       3
       4
       2
       4
       3
       3
       7
       4
       6
       2
       6
       2
       2
       1
       1
       4
       1
       6
       3
       2
       2
       5
       3
       9
       9
      12
      13
       9
       4
       9
       5
       3
       4
       8
       7
      12
       9
      13
       8
       3
       3
       6
       4
       1
       4
       3
       1
       4
       3
       3
       0
       3
       4
       1
       2
       5
       4
       4
       3
       2
       5
       6
       2
       7
       5
       6
       2
       3
       5
       3
       2
       5
       1
       4
       3
       2
       4
       2
       3
       4
       4
       2
       1
       0
       2
       2
       2
       7
       1
       0
       2
       1
       1
       1
       1
       0
       2
       3
       2
       2
       3
       2
       3
       1
       2
       2
       3
       4
       3
       2
       5
       3
       3
       4
       5
       7
       9
       3
       9
       8
       6
       2
       1
       4
       2
       4
       5
       2
       3
       2
       3
       1
       3
       2
       2
       2
       1
       1
       5
       7
       8
       4
       3
       2
       3
       1
       1
       2
       3
       4
       1
       3
       5
       2
       7
       7
       5
       2
       1
       0
       0
       2
       5
       1
       4
       1
       0
       3
       0
       2
       5
       3
       1
       2
       3
       3
       4
       3
       2
       1
       1
       3
       1
       1
       5
       1
       1
       3
       1
       1
       0
       3
       4
       5
       2
       1
       0
       0
       2
       3
       5
       1
       1
       0
       2
       2
       3
       4
       1
       3
       2
       5
       3
       5
       2
       3
       4
       3
       3
       1
       1
       1
       5
       1
       2
       9
      13
      17
      27
      22
      13
      12
       4
       2
       1
       3
       1
       3
       1
       2
       2
       2
       0
       0
       5
       6
       1
       6
       9
       3
       3
       2
       3
       1
       6
       4
       8
      10
      10
      11
       8
       6
       2
       3
       3
       9
       6
       2
       4
       1
       4
       3
       4
       1
       0
       3
       1
       3
       1
       2
       0
       1
       0
       1
       0
       0
       1
       2
       0
       4
       0
       1
       1
       2
       4
       3
       1
       2
       1
       1
       0
       4
       2
       3
       4
       4
       2
       2
       0
       0
       3
       0
       3
       3
       0
       0
       1
       1
       2
       2
       3
       2
       3
       3
       5
       2
       2
       4
       3
       4
       1
       1
       1
       5
       1
       3
       1
       3
       4
       1
       1
       1
       3
       1
       2
       2
       0
       2
       1
       5
       1
       2
       2
       2
       0
       1
       1
       3
       0
       3
       2
       5
       2
       2
       1
       4
       2
       1
       1
       1
       3
       2
       3
       1
       1
       3
       3
       1
       2
       0
       1
       4
       1
       3
       1
       3
       2
       2
       1
       6
       0
       2
       1
       1
       2
       1
       1
       2
       5
       4
       6
       2
       0
       2
       5
      11
      16
      18
      14
       7
       7
       2
       2
       2
       3
       1
       2
       1
       1
       2
       1
       0
       0
       2
       4
       3
       1
       3
       0
       2
       0
       2
       1
       2
       5
       3
       1
       2
       1
       0
       2
       1
       2
       2
       2
       1
       4
       2
       0
       2
       4
       2
       2
       1
       4
       0
       1
       2
       3
       1
       2
       2
       1
       2
       3
       2
       2
       4
       3
       2
       1
       3
       1
       1
       1
       1
       4
       4
       1
       5
       5
       3
       3
       4
       1
       2
       1
       0
       1
       1
       0
       3
       3
       3
       1
       1
       1
       7
       1
       2
       2
       1
       2
       3
       0
       3
       5
       2
       2
       4
       1
       3
       2
       1
       1
       3
       2
       1
       2
       1
       2
       1
       2
       0
       2
       0
       3
       1
       1
       0
       1
       0
       2
       2
       1
       1
       2
       0
       1
       1
       2
       4
       4
       3
       1
       1
       1
       1
       1
       0
       2
       2
       2
       0
       1
       0
       2
       2
       3
       5
       1
       1
       2
       4
       3
       4
       1
       0
       3
       3
       4
       4
       2
       1
       3
       2
       0
       1
       2
       2
       1
       3
       2
       4
       3
       5
       2
       1
       1
       3
       2
       1
       0
       0
       1
       0
       1
       1
       0
       2
       2
       2
       5
       2
       2
       5
       1
       2
       3
       1
       2
       0
       2
       3
       0
       1
       0
       1
       3
       1
       2
       2
       4
       5
       2
       1
       2
       0
       0
       3
       0
       4
       1
       0
       1
       5
       3
       0
       3
       1
       2
       2
       2
       2
       1
       5
       0
       0
       1
       2
       2
       8
       4
       9
       9
       7
       5
       2
       4
       3
       0
       0
       4
       2
       1
       2
       1
       2
       3
       2
       3
       1
       1
       1
       1
       4
       2
       2
       1
       2
       0
       7
       7
       4
       2
       1
       3
       0
       0
       2
       3
       4
       7
       9
       2
       2
       2
       1
       3
       1
       1
       0
       2
       2
       3
       2
       0
       2
       1
       4
       2
       5
       5
       0
       7
       3
       4
       1
       2
       2
       3
       5
       5
       5
       3
       4
       2
       4
       0
       1
       2
       1
       2
       0
       0
       0
       1
       0
       1
       3
       2
       0
       2
       2
       0
       0
       0
       6
       0
       2
       1
       2
       1
       3
       1
       1
       3
       2
       4
       3
       1
       1
       0
       0
       3
       0
       0
       0
       2
       1
       1
       2
       1
       1
       0
       1
       2
       1
       1
       1
       3
       0
       2
       2
       3
       4
       5
       5
       6
       6
       5
       6
       3
       2
       3
       1
       2
       6
       2
       6
       5
       3
       4
       3
       2
       1
       3
       4
       2
       0
       2
       5
       0
       1
       0
       2
       3
       0
       0
       0
       4
       1
       0
       1
       1
       3
       2
       2
       3
       1
       2
       1
       1
       4
       1
       1
       0
       0
       0
       0
       3
       2
       0
       0
       2
       1
       3
       2
       0
       0
       2
       1
       3
       3
       1
       1
       3
       2
       0
       1
       3
       3
       0
       2
       3
       2
       4
       1
       2
       1
       0
       1
       2
       7
       1
       3
       1
       2
       3
       2
       1
       4
       1
       0
       3
       3
       2
       4
       2
       4
       1
       0
       1
       2
       2
       1
       0
       0
       0
       4
       2
       1
       1
       3
       0
       2
       4
       0
       0
       1
       1
       2
       1
       1
       1
       0
       3
       0
       2
       1
       1
       2
       1
       1
       0
       1
       1
       2
       2
       1
       0
       2
       1
       0
       0
       1
       1
       0
       2
       3
       0
       1
       1
       0
       2
       0
       0
       1
       3
       5
       7
       4
       4
       6
       2
       4
       2
       0
       3
       1
       1
       3
       1
       1
       2
       0
       0
       0
       0
       0
       2
       0
       1
       0
       1
       0
       2
       1
       2
       1
       0
       0
       1
       2
       1
       2
       1
       3
       2
       2
       2
       0
       0
       2
       3
       2
       1
       0
       0
       1
       1
       2
       4
       1
       1
       0
       1
       0
       2
       3
       0
       4
       6
       2
       2
       2
       0
       0
       0
       1
       3
       0
       2
       1
       0
       0
       2
       1
       0
       1
       2
       0
       1
       1
       2
       0
       2
       2
       1
       3
       6
       3
       2
       1
       3
       0
       1
       2
       1
       1
       0
       0
       0
       4
       2
       0
       0
       0
       0
       1
       0
       1
       4
       3
       4
       2
       1
       2
       1
       0
       2
       2
       0
       1
       0
       0
       1
       0
       0
       1
       2
       1
       2
       3
       2
       1
       2
       0
       0
       1
       5
       4
       5
       2
       0
       0
       1
       0
       3
       2
       4
       2
       3
       0
       2
       4
       3
       6
       8
       3
       1
       3
       1
       0
       3
       0
       1
       0
       1
       1
       0
       0
       1
       1
       0
       0
       0
       1
       2
       0
       0
       2
       0
       1
       1
       1
       3
       1
       0
       1
       0
       0
       3
       2
       1
       2
       0
       1
       1
       1
       2
       0
       0
       0
       2
       1
       0
       1
       3
       1
       1
       2
       3
       1
       1
       0
       1
       1
       0
       2
       1
       0
       1
       0
       0
       2
       1
       0
       0
       0
       2
       2
       0
       0
       4
       0
       0
       0
       1
       2
       3
       3
       1
       2
       6
       4
       5
       6
       6
       1
       1
       1
       2
       3
       1
       0
       0
       2
       2
       3
       0
       0
       1
       1
       1
       0
       0
       2
       0
       1
       0
       0
       0
       1
       2
       0
       0
       0
       3
       1
       0
       1
       0
       1
       0
       0
       0
       1
       2
       0
       2
       0
       2
       2
       0
       2
       1
       1
       0
       1
       0
       0
       1
       0
       1
       1
       0
       1
       2
       2
       0
       2
       1
       4
       1
       4
       1
       2
       1
       0
       1
       2
       2
       5
       3
       2
       1
       0
       2
       1
       3
       1
       0
       1
       2
       2
       0
       1
       0
       1
       1
       0
       2
       1
       1
       0
       1
       3
       1
       2
       0
       0
       2
       0
       2
       0
       0
       1
       1
       1
       1
       0
       0
       0
       0
       2
       2
       1
       1
       1
       1
       2
       1
       4
       0
       2
       0
       0
       1
       0
       0
       1
       1
       1
       3
       0
       0
       0
       1
       1
       0
       0
       0
       0
       1
       2
       0
       0
       1
       0
       1
       0
       1
       2
       0
       2
       0
       0
       1
       0
       1
       2
       1
       7
       8
       5
       2
       7
       1
       1
       1
       0
       0
       2
       1
       0
       0
       0
       0
       0
       1
       0
       1
       0
       1
       1
       0
       0
       4
       1
       2
       0
       1
       0
       2
       0
       0
       1
       1
       1
       0
       0
       0
       3
       1
       2
       0
       1
       1
       1
       1
       0
       3
       1
       1
       0
       0
       1
       2
       0
       0
       2
       0
       0
       0
       1
       0
       2
       1
       1
       0
       1
       0
       0
       1
       1
       0
       0
       0
       2
       0
       0
       0
       1
       1
       0
       2
       1
       0
       0
       0
       0
       1
       0
       0
       0
       2
       0
       1
       0
       0
       1
       1
       0
       0
       1
       2
       1
       2
       2
       0
       0
       3
       2
       0
       1
       2
       1
       4
       0
       2
       1
       0
       1
       1
       0
       1
       0
       1
       1
       1
       1
       1
       1
       1
       1
       0
       1
       0
       2
       0
       1
       1
       1
       1
       0
       0
       0
       2
       0
       0
       1
       1
       1
       2
       0
       0
       0
       5
       1
       3
      12
      14
      22
      21
      20
      22
      17
       8
       5
       1
       3
       1
       0
       1
       1
       2
       1
       0
       0
       0
       1
       0
       0
       0
       0
       0
       0
       1
       0
       0
       0
       0
       0
       0
       0
       0
       1
       0
       1
       2
       0
       1
       0
       0
       0
       0
       0
       2
       1
       0
       0
       1
       1
       0
       0
       2
       1
       0
       1
       0
       0
       0
       1
       0
       1
       0
       1
       2
       0
       0
       0
       0
       3
       0
       0
       1
       1
       1
       1
       1
       0
       0
       1
       0
       0
       0
       0
       0
       1
       1
       1
       0
       0
       1
       0
       0
       0
       0
       1
       0
       1
       0
       0
       1
       1
       0
       0
       0
       1
       1
       0
       0
       0
       0
       0
       0
       0
       0
       0
       0
       0
       0
       1
       1
       1
       0
       2
       3
       1
       2
       0
       0
       1
       1
       0
       0
       0
       1
       0
       0
       0
       0
       0
       0
       0
       0
       0
       1
       1
       1
       0
       1
       0
       1
       0
       0
       0
       1
       0
       0
       0
       2
       0
       1
       0
       0
       0
       0
       2
       0
       1
       0
       1
       0
       0
       2
       0
       0
       1
       0
       0
       1
       1
       0
       0
       0
       0
       1
       0
       0
       0
       0
       0
       0
       0
       0
       0
       0
       0
       2
       0
       0
       1
       0
       1
       0
       1
       0
       0
       0
       1
       0
       0
       0
       0
       2
       1
       0
       0
       0
       0
       0
       0
       1
       0
       0
       0
       0
       0
       0
       0
       1
       1
       1
       0
       0
       0
       1
       1
       0
       1
       0
       0
       1
       1
       0
       1
       0
       0
       1
       1
       0
       0
       0
       0
       0
       0
       0
       0
       0
       0
       0
       1
       1
       0
       0
       0
       0
       0
       0
       0
       0
       2
       0
       0
       0
       0
       0
       1
       0
       0
       0
       0
       0
       0
       0
       0
       1
       1
       0
       1
       0
       0
       0
       0
       0
       0
       0
       1
       1
       0
       0
       1
       0
       0
       0
       1
       0
       0
       0
       1
       0
       0
       3
       1
       1
       1
       0
       1
       0
       0
       0
       1
       0
       0
       0
       1
       1
       0
       0
       0
       2
       0
       0
       1
       0
       1
       0
       1
       0
       1
       0
       1
       2
       0
       3
       7
      10
      13
      15
      18
      15
      17
      17
       5
       5
       0
       0
       1
       0
       0
       0
       0
       1
       0
       1
       0
       0
       2
       0
       0
       0
       0
       0
       2
       0
       0
       1
       0
       1
       0
       0
       0
       0
       0
       0
       0
       0
       0
       0
       0
       0
       1
       0
       0
       0
       0
       1
       1
       0
       0
       0
       1
       0
       0
       0
       0
       0
       0
       0
       2
       0
       0
       1
       1
       0
       0
       0
       0
       0
       1
       0
       0
       0
       0
       0
       0
       0
       0
       0
       0
       0
       1
       0
       0
       0
       0
       0
       0
       0
       0
       1
       0
       1
       0
       0
       0
       2
       0
       0
       0
       0
       1
       0
       0
       1
       0
       1
       0
       0
       0
       0
       0
       0
       1
       0
       0
       0
       0
       0
       0
       0
       0
       0
       1
       1
       0
       2
       0
       0
       0
       0
       0
       0
       0
       1
       1
       0
       0
       0
       0
       0
       0
       0
       0
       0
       0
       0
       0
       0
       1
       0
       0
       0
       0
       0
       0
       1
       0
       0
       0
       0
       0
       0
       1
       1
       0
       0
       0
       1
       0
       0
       1
       0
       0
       0
       1
       0
       0
       0
       0
       0
       0
       0
       1
       0
       0
       0
       0
       1
       0
       0
       0
       0
       1
       0
       0
       0
       0
       0
       0
       0
       0
       0
       0
       0
       0
       0
       0
       1
       1
       0
       0
       0
       0
       0
       0
       0
       0
       1
       0
       1
       0
       0
       0
       0
       1
       1
       0
       0
       0
       0
       0
       0
       0
       0
       0
       0
       0
       0
       0
       0
       0
       0
       0
       0
       0
       0
       1
       0
       0
       0
       0
       0
       1
       0
       0
       0
       0
       0
       0
       1
       0
       1
       0
       1
       1
       0
       0
       0
       0
       0
       0
       0
       0
       0
       0
       0
       0
       0
       0
       0
       0
       0
       0
       0
       0
       0
       0
       0
       0
       1
       0
       0
       0
       0
       0
       0
       0
       0
       0
       0
       0
       0
       0
       0
       0
       0
       0
       0
       0
       0
       1
       0
       0
       0
       0
       0
       0
       0
       0
       0
       1
       0
       0
       0
       0
       0
       0
       0
       0
       0
       0
       0
       0
       0
       0
       1
       0
       0
       0
       0
       1
       1
       0
       0
       0
       0
       1
       0
       1
       0
       0
       1
       0
       0
       0
       0
       0
       0
       0
       1
       0
       0
       0
       2
       0
       0
       1
       0
       0
       0
       1
       0
       0
       1
       0
       0
       0
       0
       0
       0
       0
       1
       0
       0
       0
       0
       0
       1
       0
       0
       1
       0
       0
       0
       1
       2
       0
       1
       2
       1
       0
       1
       0
       0
       1
       0
       0
       0
       0
       0
       1
       1
       1
       0
       0
       0
       0
       0
       0
       0
       1
       0
       0
       2
       0
       3
       1
       2
       2
       1
       4
       2
       0
       2
       1
       0
       0
       0
       0
       0
       1
       0
       1
       0
       0
       0
       0
       0
       0
       0
       0
       0
       0
       0
       0
       0
       0
       0
       0
       0
       0
       0
       1
       1
       0
       0
       0
       0
       0
       0
       0
       0
       0
       0
       0
       0
       0
       0
       0
       0
       1
       0
       0
       0
       0
       1
       0
       1
       0
       0
       0
       0
       0
       0
       1
       0
       0
       1
       0
       0
       2
       1
       0
       0
       0
       1
       0
       0
       0
       0
       0
       0
       0
       0
       1
       0
       0
       0
       0
       0
       0
       0
       1
       1
       0
       0
       1
       0
       1
       0
       0
       0
       0
       0
       0
       0
       1
       0
       0
       0
       0
       0
       0
       0
       0
       0
       0
       0
       0
       0
       0
       0
       1
       0
       0
       0
       0
       1
       0
       0
       1
       0
       0
       0
       0
       0
       1
       0
       0
       0
       0
       0
       1
       0
       0
       0
       0
       0
       1
       0
       0
       0
       1
       1
       0
       1
       0
       0
       0
       0
       0
       0
       1
       0
       0
       0
       1
       0
       0
       0
       0
       1
       1
       0
       0
       0
       0
       0
       0
       0
       0
       0
       0
       0
       0
       0
       0
       0
       0
       2
       0
       0
       0
       0
       0
       0
       0
       0
       0
       0
       0
       0
       0
       0
       0
       0
       0
       1
       1
       0
       2
       0
       0
       1
       1
       0
       0
       0
       1
       0
       0
       0
       0
       0
       0
       0
       0
       0
       0
       0
       0
       0
       0
       0
       0
       0
       0
       0
       0
       0
       0
       0
       0
       0
       0
       0
       0
       0
       0
       0
       0
       0
       0
       1
       0
       0
       0
       0
       0
       0
       0
       0
       0
       0
       0
       0
       0
       0
       0
       0
       0
       0
       0
       0
       0
       0
       0
       0
       0
       0
       0
       0
       0
       0
       0
       0
       0
       0
       1
       0
       0
       0
       0
       0
       0
       0
       0
       0
       0
       0
       1
       0
       0
       0
       0
       0
       1
       0
       0
       0
       0
       0
       0
       0
       0
       1
       0
       0
       0
       0
       0
       0
       0
       0
       0
       0
       0
       0
       0
       0
       0
       0
       0
       1
       0
       0
       0
       1
       0
       0
       0
       0
       0
       0
       0
       0
       0
       0
       0
       0
       0
       0
       0
       0
       0
       0
       1
       0
       0
       0
       0
       0
       0
       0
       0
       0
       0
       0
       0
       0
       0
       0
       0
       0
       0
       0
       0
       0
       0
       0
       0
       0
       1
       0
       0
       0
       0
       0
       1
       1
       0
       1
       0
       0
       1
       0
       0
       1
       0
       0
       0
       0
       0
       0
       0
       0
       0
       0
       0
       0
       0
       0
       0
       0
       0
       0
       0
       0
       0
       0
       1
       0
       0
       1
       0
       0
       0
       0
       0
       0
       0
       0
       1
       0
       0
       1
       0
       0
       0
       0
       0
       0
       0
       0
       0
       0
       0
       0
       0
       0
       0
       0
       0
       0
       0
       0
       0
       1
       0
       0
       0
       0
       0
       0
       1
       0
       0
       0
       0
       0
       0
       1
       0
       0
       0
       0
       0
       0
       0
       0
       0
       0
       0
       0
       2
       0
       0
       0
       0
       0
       0
       0
       1
       0
       0
       0
       0
       0
       0
       0
       0
       0
       0
       0
       0
       0
       0
       0
       0
       0
       0
       0
       0
       0
       0
       0
       0
       0
       0
       0
       0
       0
       0
       0
       1
       0
       0
       0
       0
       0
       0
       0
       0
       0
       0
       0
       0
       0
       0
       0
       0
       0
       0
       1
       0
       1
       0
       0
       0
       0
       0
       0
       0
       0
       0
       0
       0
       0
       0
       1
       0
       0
       0
       0
       0
       0
       0
       0
       0
       0
       0
       1
       0
       0
       0
       0
       0
       0
       0
       1
       0
       0
       0
       0
       0
       0
       0
       0
       0
       0
       0
       0
       0
       1
       0
       0
       0
       0
       0
       0
       0
       0
       0
       0
       0
       0
       0
       2
       0
       0
       0
       1
       1
       0
       0
       0
       0
       0
       0
       0
       0
       0
       0
       0
       0
       0
       0
       1
       0
       0
       0
       0
       0
       0
       0
       0
       0
       0
       0
       0
       0
       0
       0
       0
       0
       0
       0
       1
       0
       0
       0
       0
       0
       1
       0
       0
       0
       0
       0
       0
       0
       0
       0
       0
       0
       1
       0
       0
       0
       0
       0
       0
       0
       0
       0
       0
       0
       0
       0
       0
       0
       0
       0
       0
       0
       0
       0
       1
       0
       2
       0
       0
       0
       0
       0
       0
       0
       1
       0
       0
       0
       0
       0
       0
       0
       1
       0
       0
       0
       0
       0
       0
       0
       0
       0
       0
       0
       0
       0
       0
       0
       0
       1
       0
       0
       0
       0
       0
       0
       0
       0
       0
       0
       0
       0
       1
       0
       0
       0
       0
       0
       0
       0
       0
       0
       0
       0
       0
       1
       0
       0
       0
       0
       0
       0
       0
       0
       0
       0
       0
       0
       0
       1
       0
       0
       0
       0
       0
       0
       0
       0
       0
       1
       0
       0
       0
       0
       0
       0
       0
       0
       0
       0
       0
       0
       1
       0
       0
       0
       0
       0
       0
       0
       0
       0
       0
       0
       0
       0
       0
       0
       0
       0
       0
       0
       0
       0
       0
       0
       0
       0
       0
       0
       0
       0
       0
       0
       0
       0
       0
       0
       0
       0
       0
       0
       1
       0
       0
       0
       1
       0
       0
       0
       0
       0
       0
       0
       0
       0
       0
       0
       0
       0
       0
       0
       0
       0
       1
       0
       0
       0
       0
       0
       0
       0
       0
       0
       0
       0
       0
       0
       0
       0
       0
       0
       0
       0
       1
       0
       0
       0
       0
       0
       0
       0
       0
       0
       0
       0
       0
       0
       0
       0
       0
       0
       0
       0
       0
       1
       0
       0
       0
       0
       0
       0
       0
       0
       0
       0
       0
       0
       0
       0
       0
       0
       0
       0
       0
       0
       0
       0
       0
       1
       0
       0
       0
       0
       0
       0
       0
       0
       0
       0
       0
       0
       0
       0
       0
       0
       0
       0
       0
       0
       0
       0
       0
       0
       0
       1
       0
       0
       0
       0
       0
       0
       1
       0
       0
       0
       0
       0
       0
       0
       0
       0
       0
       0
       0
       0
       0
       0
       0
       0
       0
       0
       0
       0
       0
       1
       0
       1
       0
       0
       0
       0
       0
       0
       0
       0
       0
       0
       0
       0
       0
       1
       1
       0
       0
       0
       0
       0
       0
       0
       0
       0
       0
       0
       0
       0
       0
       0
       0
       0
       0
       0
       0
       0
       0
       0
       0
       0
       0
       0
       0
       0
       0
       0
       1
       0
       0
       0
       0
       0
       0
       0
       0
       0
       0
       0
       0
       0
       0
       0
       0
       0
       0
       0
       0
       0
       0
       0
       0
       0
       1
       0
       0
       0
       0
       0
       0
       0
       0
       0
       0
       0
       0
       0
       1
       0
       0
       0
       1
       0
       0
       0
       0
       0
       0
       0
       0
       0
       0
       0
       0
       0
       0
       0
       0
       0
       0
       0
       0
       0
       0
       0
       0
       0
       0
       0
       0
       0
       0
       0
       1
       0
       0
       0
       0
       1
       0
       0
       0
       0
       0
       0
       0
       1
       0
       0
       0
       0
       0
       1
       0
       0
       0
       1
       0
       0
       1
       1
       0
       0
       0
       0
       0
       1
       0
       0
       0
       0
       0
       0
       0
       0
       0
       0
       0
       0
       0
       0
       0
       0
       0
       0
       0
       0
       0
       0
       0
       0
       0
       0
       0
       0
       0
       0
       0
       0
       0
       0
       1
       0
       0
       0
       0
       0
       0
       0
       0
       0
       0
       0
       0
       0
       0
       0
       0
       0
       0
       0
       0
       0
       0
       0
       0
       0
       0
       0
       0
       0
       0
       0
       1
       1
       0
       0
       0
       0
       0
       0
       0
       0
       0
       0
       0
       0
       0
       0
       0
       0
       0
       0
       0
       0
       0
       0
       0
       0
       0
       0
       0
       0
       0
       0
       0
       0
       1
       0
       0
       0
       1
       0
       0
       0
       0
       1
       0
       1
       0
       0
       0
       0
       0
       0
       0
       0
       0
       0
       0
       0
       0
       0
       0
       0
       0
       0
       1
       0
       0
       0
       0
       0
       0
       1
       0
       0
       0
       0
       0
       0
       0
       1
       0
       0
       0
       0
       1
       0
       0
       0
       0
       0
       0
       0
       1
       0
       0
       1
       0
       0
       0
       0
       1
       0
       0
       0
       0
       0
       0
       0
       0
       0
       0
       0
       0
       0
       0
       0
       0
       0
       1
       0
       0
       0
       0
       0
       0
       0
       0
       0
       0
       1
       0
       0
       0
       0
       0
       0
       0
       0
       0
       0
       0
       0
       0
       0
       0
       0
       0
       0
       1
       0
       1
       0
       0
       0
       0
       0
       0
       0
       0
       0
       0
       0
       0
       1
       0
       0
       0
       0
       0
       0
       0
       0
       0
       0
       0
       0
       0
       0
       0
       0
       0
       0
       0
       0
       0
       0
       0
       1
       0
       0
       0
       0
       0
       0
       0
       0
       0
       0
       0
       0
       0
       1
       0
       0
       2
       0
       0
       0
       0
       0
       0
       0
       0
       0
       0
       0
       0
       0
       0
       0
       0
       0
       0
       0
       0
       0
       0
       0
       0
       0
       0
       0
       0
       1
       0
       0
       0
       0
       0
       0
       0
       0
       0
       0
       0
       0
       0
       0
       0
       0
       0
       0
       0
       0
       0
       0
       0
       0
       0
       0
       0
       0
       0
       0
       0
       1
       0
       0
       0
       0
       0
       0
       0
       0
       0
       0
       0
       0
       0
       0
       0
       0
       0
       0
       0
       0
       0
       0
       0
       0
       0
       0
       0
       0
       0
       0
       0
       0
       0
       0
       0
       0
       0
       0
       0
       0
       0
       0
       1
       0
       0
       0
       0
       0
       0
       0
       0
       0
       0
       0
       0
       0
       0
       0
       0
       0
       0
       0
       0
       0
       0
       0
       0
       0
       0
       0
       0
       0
       0
       0
       1
       0
       0
       0
       0
       0
       0
       0
       0
       1
       0
       0
       0
       0
       0
       0
       0
       0
       0
       0
       0
       0
       0
       0
       0
       0
       0
       0
       0
       0
       0
       0
       0
       0
       0
       0
       0
       0
       0
       0
       0
       1
       0
       0
       0
       0
       0
       0
       0
       0
       0
       0
       1
       1
       0
       1
       0
       0
       0
       0
       0
       0
       0
       0
       0
       0
       0
       1
       0
       0
       0
       0
       0
       0
       0
       0
       0
       0
       0
       0
       0
       0
       0
       0
       0
       0
       0
       0
       0
       0
       0
       0
       0
       0
       0
       0
       0
       0
       0
       0
       0
       0
       0
       0
       1
       0
       0
       0
       0
       0
       0
       0
       0
       0
       0
       0
       0
       0
       0
       0
       0
       0
       0
       0
       0
       0
       0
       0
       0
       0
       0
       0
       0
       0
       0
       0
       0
       0
       0
       0
       0
       0
       0
       0
       0
       0
       0
       0
       0
       0
       0
       0
       0
       0
       0
       0
       0
       0
       0
       0
       0
       0
       0
       0
       0
       0
       1
       0
       0
       0
       0
       0
       0
       0
       0
       0
       0
       0
       0
       0
       0
       0
       0
       0
       0
       0
       0
       0
       0
       0
       0
       0
       0
       0
       0
       0
       0
       0
       0
       0
       0
       1
       0
       0
       0
       0
       0
       0
       0
       0
       0
       0
       0
       0
       0
       0
       0
       1
       0
       0
       0
       0
       0
       0
       0
       0
       0
       1
       0
       0
       0
       0
       0
       0
       0
       0
       0
       0
       0
       0
       0
       0
       0
       0
       0
       0
       0
       1
       0
       0
       0
       0
       0
       0
       0
       0
       0
       0
       0
       0
       0
       0
       0
       0
       0
       0
       0
       0
       0
       0
       0
       0
       0
       0
       0
       0
       0
       0
       0
       0
       0
       0
       0
       0
       0
       0
       0
       0
       0
       0
       0
       0
       0
       0
       0
       0
       0
       0
       0
       0
       0
       0
       0
       0
       0
       0
       0
       0
       0
       0
       0
       0
       0
       0
       0
       0
       0
       0
       0
       0
       0
       0
       0
       0
       0
       0
       0
       0
       0
       0
       0
       0
       0
       0
       0
       0
       0
       0
       0
       0
       0
       0
       0
       0
       0
       0
       0
       0
       0
       0
       0
       0
       0
       0
       0
       0
       0
       0
       0
       0
       0
       0
       0
       0
       0
       0
       0
       1
       1
       0
       0
       0
       0
       0
       0
       0
       0
       0
       0
       0
       0
       0
       0
       0
       0
       0
       0
       0
       0
       0
       0
       0
       0
       0
       0
       0
       0
       0
       0
       0
       0
       0
       0
       1
       0
       0
       0
       0
       1
       0
       0
       0
       0
       0
       0
       0
       0
       0
       0
       0
       0
       0
       0
       0
       0
       0
       0
       0
       0
       0
       0
       0
       0
       0
       0
       0
       0
       0
       0
       0
       0
       0
       0
       0
       0
       0
       0
       0
       0
       0
       0
       0
       0
       0
       0
       0
       0
       0
       0
       0
       0
       0
       0
       0
       0
       0
       0
       0
       0
       0
       0
       0
       0
       0
       0
       0
       0
       0
       0
       0
       0
       0
       0
       0
       0
       0
       0
       0
       0
       0
       0
       0
       0
       0
       0
       0
       0
       0
       0
       0
       1
       0
       0
       0
       0
       0
       0
       0
       0
       0
       0
       0
       0
       0
       0
       0
       0
       0
       0
       0
       0
       0
       0
       0
       0
       0
       0
       0
       0
       0
       0
       0
       0
       0
       0
       0
       0
       0
       0
       0
       0
       0
       0
       0
       0
       0
       0
       1
       0
       0
       0
       0
       0
       0
       0
       0
       0
       0
       0
       0
       0
       0
       0
       0
       0
       0
       0
       0
       0
       0
       0
       0
       0
       0
       0
       0
       0
       0
       0
       0
       0
       0
       0
       0
       0
       0
       0
       0
       0
       0
       0
       0
       0
       0
       0
       0
       0
       0
       0
       0
       0
       0
       0
       0
       0
       0
       0
       0
       1
       0
       0
       0
       0
       0
       0
       0
       0
       0
       0
       0
       0
       0
       0
       0
       0
       0
       0
       0
       0
       0
       0
       0
       0
       0
       0
       0
       1
       0
       1
       1
       2
       2
       1
       0
       7
       1
       3
       1
       0
       0
       0
       0
       0
       0
       0
       0
       0
       0
       0
       0
       0
       0
       0
       0
       0
       0
       0
       0
       0
       0
       0
       0
       0
       0
       1
       0
       0
       0
       0
       0
       0
       0
       0
       0
       0
       0
       0
       0
       0
       0
       0
       0
       0
       0
       0
       0
       0
       0
       0
       0
       0
       0
       0
       0
       0
       0
       0
       0
       0
       0
       0
       0
       0
       0
       0
       0
       0
       0
       0
       0
       0
       0
       0
       0
       0
       0
       0
       0
       0
       0
       0
       0
       0
       0
       0
       0
       0
       0
       0
       0
       0
       0
       0
       0
       0
       0
       0
       0
       0
       0
       0
       0
       0
       0
       0
       0
       0
       0
       0
       0
       0
       0
       0
       0
       0
       0
       0
       0
       0
       0
       0
       0
       0
       0
       0
       0
       0
       0
       0
       0
       0
       0
       0
       0
       0
       0
       0
       0
       0
       0
       0
       0
       0
       0
       0
       0
       0
       0
       0
       0
       0
       0
       0
       0
       0
       0
       0
       0
       0
       0
       0
       0
       0
       0
       0
       0
       0
       0
       0
       0
       0
       0
       0
       0
       0
       0
       0
       0
       0
       0
       0
       0
       0
       0
       0
       0
       0
       0
       0
       0
       0
       0
       0
       0
       0
       0
       0
       0
       0
       0
       0
       0
       0
       0
       0
       0
       0
       0
       0
       0
       0
       0
       0
       0
       1
       0
       0
       0
       0
       0
       0
       0
       0
       0
       0
       0
       0
       0
       0
       0
       0
       0
       0
       0
       0
       0
       0
       0
       0
       0
       0
       0
       0
       0
       0
       0
       0
       0
       0
       0
       0
       0
       0
       0
       0
       0
       0
       0
       0
       0
       0
       0
       0
       0
       0
       0
       0
       0
       0
       0
       0
       0
       0
       0
       0
       0
       0
       0
       0
       0
       0
       0
       0
       0
       0
       0
       0
       0
       0
       0
       0
       0
       0
       0
       0
       0
       0
       0
       0
       0
       0
       0
       0
       0
       0
       0
       0
       0
       0
       0
       0
       0
       0
       0
       0
       0
       0
       0
       0
       0
       0
       0
       0
       0
       0
       0
       0
       0
       0
       0
       0
       0
       0
       0
       0
       0
       0
       0
       0
       0
       0
       0
       0
       0
       0
       0
       0
       0
       0
       0
       0
       0
       0
       0
       0
       0
       0
       0
       0
       0
       0
       0
       0
       0
       0
       0
       0
       0
       0
       0
       0
       0
       0
       0
       0
       0
       0
       0
       0
       0
       0
       0
       0
       0
       0
       0
       0
       0
       0
       0
       0
       0
       0
       0
       0
       0
       0
       0
       0
       0
       0
       0
       0
       0
       0
       0
       0
       0
       0
       0
       0
       0
       0
       0
       0
       0
       0
       1
       0
       0
       0
       0
       0
       0
       0
       0
       0
       0
       0
       0
       0
       0
       0
       0
       0
       0
       0
       0
       0
       0
       0
       0
       0
       0
       0
       0
       0
       0
       0
       0
       0
       0
       0
       0
       0
       0
       0
       0
       0
       0
       1
       0
       0
       0
       0
       0
       0
       0
       0
       0
       0
       0
       0
       0
       0
       0
       0
       0
       0
       0
       0
       0
       0
       0
       0
       0
       0
       0
       0
       0
       0
       0
       0
       0
       0
       0
       0
       0
       0
       0
       0
       0
       0
       0
       0
       0
       0
       0
       0
       0
       0
       0
       0
       0
       0
       0
       0
       0
       0
       0
       0
       0
       0
       0
       0
       0
       0
       0
       0
       0
       0
       0
       0
       0
       0
       0
       0
       0
       0
       0
       0
       0
       0
       0
       0
       0
       0
       0
       0
       0
       0
       0
       0
       0
       0
       0
       0
       0
       0
       0
       0
       0
       0
       0
       0
       0
       0
       0
       0
       0
       0
       0
       0
       0
       0
       0
       0
       0
       0
       0
       0
       0
       0
       0
       0
       0
       0
       0
       0
       0
       0
       0
       0
       0
       0
       0
       0
       0
       0
       0
       0
       0
       0
       0
       0
       0
       0
       0
       0
       0
       0
       0
       0
       0
       0
       0
       0
       0
       0
       0
       0
       0
       0
       0
       0
       0
       0
       0
       0
       0
       0
       0
       0
       0
       0
       0
       0
       0
       0
       0
       0
       0
       0
       0
       0
       0
       0
       0
       0
       0
       0
       0
       0
       0
       0
       0
       0
       0
       0
       0
       0
       0
       0
       0
       0
       0
       0
       0
       0
       0
       0
       0
       0
       0
       0
       0
       0
       0
       0
       0
       0
       0
       0
       0
       0
       0
       0
       0
       0
       0
       0
       0
       0
       0
       0
       0
       0
       0
       0
       0
       0
       0
       0
       0
       0
       0
       0
       1
       0
       0
       0
       0
       0
       0
       0
       0
       0
       0
       0
       0
       0
       0
       0
       0
       0
       0
       0
       0
       0
       0
       0
       0
       0
       0
       0
       0
       0
       0
       0
       0
       0
       0
       0
       0
       0
       0
       0
       0
       0
       0
       0
       0
       0
       0
       0
       0
       0
       0
       0
       0
       0
       0
       0
       0
       0
       0
       0
       0
       0
       0
       0
       0
       0
       0
       0
       0
       0
       0
       0
       0
       0
       0
       0
       0
       0
       0
       0
       0
       0
       0
       0
       0
       0
       0
       0
       0
       0
       0
       0
       0
       0
       0
       0
       0
       0
       0
       0
       0
       0
       0
       0
       0
       0
       0
       0
       0
       0
       0
       0
       0
       0
       0
       0
       0
       0
       0
       0
       0
       0
       0
       0
       0
       0
       0
       0
       0
       0
       0
       0
       0
       0
       0
       0
       0
       0
       0
       0
       0
       0
       0
       0
       0
       0
       0
       0
       0
       0
       0
       0
       0
       0
       0
       0
       0
       0
       0
       0
       0
       0
       0
       0
       0
       0
       0
       0
       0
       0
       0
       0
       0
       0
       0
       0
       0
       0
       0
       0
       0
       0
       0
       0
       0
       0
       0
       0
       0
       0
       0
       0
       0
       0
       0
       0
       0
       0
       0
       0
       0
       0
       0
       0
       0
       0
       0
       0
       0
       0
       0
       0
       0
       0
       0
       0
       0
       0
       0
       0
       0
       0
       0
       0
       0
       0
       0
       0
       0
       0
       0
       0
       0
       0
       0
       0
       0
       0
       0
       0
       0
       0
       0
       0
       0
       0
       0
       0
       0
       0
       0
       0
       0
       0
       0
       0
       0
       0
       0
       0
       0
       0
       0
       0
       0
       0
       0
       0
       0
       0
       0
       0
       0
       0
       0
       0
       0
       0
       0
       0
       0
       0
       0
       0
       0
       0
       0
       0
       0
       0
       0
       0
       0
       0
       0
       0
       0
       0
       0
       0
       0
       0
       0
       0
       0
       0
       0
       0
       0
       0
       0
       0
       0
       0
       0
       0
       0
       0
       0
       0
       0
       0
       0
       0
       0
       0
       0
       0
       0
       0
       0
       0
       0
       0
       0
       0
       0
       0
       0
       0
       0
       0
       0
       0
       0
       0
       0
       0
       0
       0
       0
       0
       0
       0
       0
       0
       0
       0
       0
       0
       0
       0
       0
       0
       0
       0
       0
       0
       0
       0
       0
       0
       0
       0
       0
       0
       0
       0
       0
       0
       0
       0
       0
       0
       0
       0
       0
       0
       0
       0
       0
       0
       0
       0
       0
       0
       0
       0
       0
       0
       0
       0
       0
       0
       0
       0
       0
       0
       0
       0
       0
       0
       0
       0
       0
       0
       0
       0
       0
       0
       0
       0
       0
       0
       0
       0
       0
       0
       0
       0
       0
       0
       0
       0
       0
       0
       0
       0
       0
       0
       0
       0
       0
       0
       0
       0
       0
       0
       0
       0
       0
       0
       0
       0
       0
       0
       0
       0
       0
       0
       0
       0
       0
       0
       0
       0
       0
       0
       0
       0
       0
       0
       0
       0
       0
       0
       0
       0
       0
       0
       0
       0
       0
       0
       0
       0
       0
       0
       0
       0
       0
       0
       0
       0
       0
       0
       0
       0
       0
       0
       0
       0
       0
       0
       0
       0
       0
       0
       0
       0
       0
       0
       0
       0
       0
       0
       0
       0
       0
       0
       0
       0
       0
       0
       0
       0
       0
       0
       0
       0
       0
       0
       0
       0
       0
       0
       0
       0
       0
       0
       0
       0
       0
       0
       0
       0
       0
       0
       0
       0
       0
       0
       0
       0
       0
       0
       0
       0
       0
       0
       0
       0
       0
       0
       0
       0
       0
       0
       0
       0
       0
       0
       0
       0
       0
       0
       0
       0
       0
       0
       0
       0
       0
       0
       0
       0
       0
       0
       0
       0
       0
       0
       0
       0
       0
       0
       0
       0
       0
       0
       0
       0
       0
       0
       0
       0
       0
       0
       0
       0
       0
       0
       0
       0
       0
       0
       0
       0
       0
       0
       0
       0
       0
       0
       0
       0
       0
       0
       0
       0
       0
       0
       0
       0
       0
       0
       0
       0
       0
       0
       0
       0
       0
       0
       0
       0
       0
       0
       0
       0
       0
       0
       0
       0
       0
       0
       0
       0
       0
       0
       0
       0
       0
       0
       0
       0
       0
       0
       0
       0
       0
       0
       0
       0
       0
       0
       0
       0
       0
       0
       0
       0
       0
       0
       0
       0
       0
       0
       0
       0
       0
       0
       0
       0
       0
       0
       0
       0
       0
       0
       0
       0
       0
       0
       0
       0
       0
       0
       0
       0
       0
       0
       0
       0
       0
       0
       0
       0
       0
       0
       0
       0
       0
       0
       0
       0
       0
       0
       0
       0
       0
       0
       0
       0
       0
       0
       0
       0
       0
       0
       0
       0
       0
       0
       0
       0
       0
       0
       0
       0
       0
       0
       0
       0
       0
       0
       0
       0
       0
       0
       0
       0
       0
       0
       0
       0
       0
       0
       0
       0
       0
       0
       0
       0
       0
       0
       0
       0
       0
       0
       0
       0
       0
       0
$ROI:
0
$PRESETS:
Real Time
180
0
$ENER_FIT:
0.888569 0.390988
$MCA_CAL:
3
8.885689E-001 3.909876E-001 3.191953E-008 keV
$SHAPE_CAL:
3
0.000000E+000 0.000000E+000 0.000000E+000
