$SPEC_ID:
1
$SPEC_REM:
DET# 2
DETDESC# MCB 130 Normal
AP# Maestro Version 7.01
$DATE_MEA:
10/01/2019 17:29:30
$MEAS_TIM:
175 180
$DATA:
0 8191
       0
       0
       0
       0
       0
       0
       0
       0
       0
       0
       0
       0
       0
       0
       0
       0
       0
       0
       0
       0
       0
       0
       0
       0
       0
       0
      19
     758
     225
     119
     147
     218
     228
     234
     186
     190
     184
     177
     232
     272
     282
     276
     200
     192
     229
     218
     165
     168
     188
     187
     186
     144
     143
     165
     128
     130
     156
     149
     173
     174
     159
     142
     160
     176
     146
     177
     159
     172
     180
     251
     397
     389
     285
     244
     216
     274
     313
     298
     246
     203
     228
     223
     200
     185
     185
     196
     236
     330
     526
     772
     758
     479
     266
     150
     171
     167
     194
     209
     178
     204
     222
     330
     368
     309
     251
     216
     185
     156
     160
     161
     173
     150
     183
     172
     167
     176
     167
     153
     157
     159
     179
     172
     171
     194
     245
     305
     269
     183
     152
     152
     163
     173
     167
     168
     168
     182
     143
     145
     157
     149
     154
     157
     170
     229
     438
     474
     329
     196
     195
     163
     155
     185
     178
     160
     149
     165
     153
     171
     175
     161
     189
     172
     153
     164
     179
     182
     160
     182
     190
     191
     155
     158
     192
     172
     169
     188
     185
     187
     208
     201
     190
     207
     206
     210
     227
     230
     189
     191
     176
     211
     249
     242
     216
     207
     214
     235
     206
     202
     193
     199
     224
     196
     199
     253
     411
     599
     586
     369
     232
     207
     191
     190
     201
     218
     237
     246
     236
     201
     215
     193
     245
     257
     230
     226
     242
     197
     187
     213
     235
     219
     266
     305
     285
     275
     245
     213
     236
     223
     228
     319
     449
     438
     340
     253
     223
     223
     206
     257
     324
     417
     633
     547
     369
     301
     245
     230
     204
     203
     237
     221
     222
     227
     243
     282
     325
     268
     231
     218
     262
     304
     305
     285
     230
     209
     205
     207
     210
     194
     202
     232
     248
     262
     291
     297
     296
     257
     209
     214
     205
     195
     237
     245
     250
     264
     209
     237
     251
     268
     211
     204
     191
     196
     207
     212
     200
     193
     186
     221
     227
     210
     184
     185
     209
     177
     191
     200
     202
     166
     186
     197
     198
     199
     181
     194
     182
     170
     195
     182
     204
     192
     179
     185
     205
     192
     182
     195
     168
     174
     175
     179
     204
     232
     212
     197
     180
     202
     198
     220
     165
     207
     186
     188
     169
     179
     191
     218
     527
    1312
    1815
    1449
     591
     237
     182
     146
     164
     168
     152
     154
     154
     211
     258
     255
     220
     181
     144
     169
     156
     162
     124
     150
     169
     186
     179
     176
     166
     179
     176
     188
     153
     148
     144
     150
     145
     152
     161
     150
     131
     137
     147
     128
     149
     135
     123
     167
     169
     159
     127
     151
     134
     129
     125
     138
     110
     165
     165
     182
     151
     148
     143
     137
     136
     136
     142
     132
     140
     128
     128
     160
     154
     149
     139
     127
     146
     164
     143
     136
     127
     149
     133
     116
     155
     126
     149
     167
     130
     146
     127
     127
     134
     128
     123
     131
     135
     143
     128
     141
     126
     141
     127
     155
     146
     236
     276
     213
     152
     140
     125
     124
     135
     140
     143
     125
     142
     162
     142
     142
     130
     131
     129
     129
     132
     134
     128
     117
     124
     134
     127
     120
     139
     140
     108
     132
     130
     136
     129
     132
     130
     125
     113
     136
     121
     106
     122
     141
     120
     125
     128
     121
     113
     132
     109
     136
     138
     131
     116
     100
     122
     105
     115
     117
     119
     113
     110
      96
     117
     114
     113
     114
     127
     103
     101
     116
     116
     112
     126
     104
     124
     111
      99
     117
     108
     123
      98
     107
     105
     116
     103
     110
     103
     100
     103
     103
      97
     125
     108
     120
     103
     109
     123
     101
      96
      94
     112
     109
     117
     107
     102
      99
     111
     104
     122
      87
      76
      94
      94
      99
      91
     106
      87
     110
     141
     323
     732
     971
     718
     336
     153
     115
     113
     100
     119
     138
     120
      99
      95
      97
     106
      98
      89
      87
      87
      82
      97
      99
      88
     104
      98
      72
     112
     121
      99
      94
      93
      90
     105
     101
     107
      98
      85
      87
      89
      66
      98
      68
      95
      76
      84
      97
      82
      77
      76
      78
      88
      90
     100
     217
     725
    1698
    2295
    1740
     692
     208
      89
      86
      88
      91
      65
      79
      92
      94
     116
      96
      74
      76
      70
      72
      78
      78
      63
      84
      83
      70
      80
      80
      67
      74
      72
      70
      76
      95
      71
      97
      98
      76
      57
      71
      59
      71
      72
      78
      92
     148
     168
     130
      87
      75
      56
      62
      80
      77
      75
      73
      65
      87
      75
      65
      78
      88
      85
      64
      97
      81
      80
      88
      89
      73
      73
      79
      93
     113
     103
      86
      94
      62
      69
      74
      82
      69
      83
      80
      75
      81
      67
      72
      68
      98
      80
      91
      84
      72
      86
      72
      82
      71
      70
      93
      80
      79
      80
      73
      79
      66
      66
      66
      75
      69
      77
     194
     470
     643
     665
     423
     170
      85
      86
      90
      75
      73
      62
      70
      71
      59
      87
      96
      86
      68
      50
      74
      66
      72
      82
      57
      52
      74
      75
      61
      71
      68
      86
      91
      82
      71
      81
      76
      62
      53
      68
      80
      98
      61
      68
      64
      61
      64
      62
      63
      60
      49
      61
      61
      75
      58
      68
      61
      62
      69
      64
      95
      84
     101
      78
      72
      78
      60
      78
      91
     111
      99
      82
      77
      58
      60
      63
      62
      72
      57
      61
      60
      59
      77
      63
      64
      55
      64
      54
      75
      62
      59
      52
      82
      86
      78
      84
      80
      66
      67
      64
      60
      68
      64
      56
      63
      83
      54
      78
      55
      57
      78
      56
      64
      60
      60
      62
      66
      68
      89
      70
      56
      65
      80
      78
      62
      59
      51
      53
      62
      49
      50
      56
      55
      55
      70
      83
      47
      60
      61
      77
      56
      32
      55
      64
      62
      62
      58
      80
      92
     105
      88
      88
      79
      98
      73
      71
      52
      55
      56
      59
      74
      69
      91
      76
      57
      57
      61
      57
      55
      42
      49
      64
      70
      56
      49
      47
      45
      53
      57
      58
      61
      60
      71
     118
     153
     189
     153
      97
      51
      57
      70
      58
      40
      44
      54
      57
      57
      43
      48
      56
      51
      53
      60
      45
      44
      44
      48
      53
      66
      52
      36
      36
      39
      49
      45
      49
      42
      59
      44
      45
      43
      62
      42
      41
      48
      52
      43
      52
      49
      54
      47
      51
      51
      34
      50
      39
      51
      51
      45
      40
      45
      50
      48
      41
      49
      40
      48
      53
      46
      50
      49
      43
      50
      30
      45
      36
      43
      43
      40
      40
      40
      56
      51
      43
      43
      32
      44
      43
      46
      41
      55
      43
      47
      36
      37
      40
      36
      42
      42
      43
      56
      37
      26
      38
      46
      49
      48
      48
      52
      46
      49
      46
      50
      45
      37
      51
      57
      36
      56
      37
      41
      50
      40
      35
      44
      59
      37
      30
      48
      45
      38
      46
      37
      60
      39
      45
      31
      51
      38
      53
      61
      60
      52
      56
      41
      43
      44
      47
      53
      43
      35
      42
      46
      58
      44
      37
      49
      54
      55
      42
      39
      43
      50
      43
      37
      37
      34
      39
      34
      47
      38
      40
      55
      42
      40
      32
      45
      35
      49
      29
      52
      46
      49
      37
      51
      42
      46
      43
      40
      44
      43
      37
      44
      53
      47
      30
      44
      38
      36
      40
      36
      37
      47
      44
      42
      43
      48
      47
      42
      40
      45
      48
      50
      48
      40
      44
      44
      32
      45
      52
      42
      33
      41
      41
      37
      55
      43
      49
      48
      57
      43
      42
      43
      35
      35
      35
      37
      45
      32
      34
      36
      47
      31
      41
      47
      32
      44
      41
      39
      34
      41
      35
      43
      41
      35
      43
      49
      44
      40
      54
      29
      38
      42
      34
      45
      43
      44
      43
      45
      50
      46
      51
      44
      34
      46
      48
      41
      34
      37
      43
      48
      28
      36
      30
      41
      43
      49
      43
      42
      30
      32
      38
      35
      46
      35
      31
      34
      43
      30
      24
      27
      40
      44
      37
      46
      34
      34
      36
      38
      32
      30
      36
      42
      32
      38
      45
      38
      45
      73
      71
      57
      55
      44
      54
      44
      38
      57
      49
      55
      48
      46
      50
      41
      31
      28
      27
      42
      31
      35
      31
      30
      40
      47
      50
      69
      66
      50
      44
      40
      38
      44
      29
      35
      32
      33
      35
      39
      34
      35
      42
      31
      42
      22
      41
      31
      38
      46
      53
      56
      50
      45
      61
      71
      71
      46
      35
      32
      42
      49
      59
      47
      42
      42
      31
      41
      37
      34
      39
      36
      31
      34
      35
      25
      30
      33
      23
      21
      37
      32
      38
      21
      35
      26
      46
      36
      28
      37
      45
      50
      75
      90
      86
      59
      41
      30
      24
      35
      33
      39
      64
      57
      52
      34
      26
      38
      84
     243
     486
     847
     811
     573
     255
     108
      55
      37
      28
      28
      33
      22
      34
      30
      29
      42
      34
      36
      41
      47
      45
      75
      59
      37
      30
      38
      28
      28
      18
      22
      29
      27
      34
      22
      28
      36
      20
      28
      26
      21
      27
      38
      26
      40
      66
      47
      35
      41
      23
      33
      21
      23
      28
      31
      16
      28
      27
      28
      23
      16
      28
      31
      26
      29
      50
     101
     196
     304
     278
     170
      95
      55
      34
      30
      14
      33
      27
      31
      26
      15
      24
      28
      29
      17
      17
      24
      28
      20
      16
      25
      19
      20
      19
      25
      34
      18
      32
      25
      27
      22
      26
      21
      18
      19
      20
      20
      24
      24
      24
      23
      25
      22
      33
      28
      20
      34
      24
      23
      21
      19
      25
      18
      15
      21
      30
      24
      26
      14
      21
      23
      15
      19
      18
      25
      26
      22
      26
      27
      28
      32
      22
      18
      21
      15
      22
      19
      18
      25
      20
      22
      22
      19
      21
      21
      26
      17
      25
      17
      20
      22
      22
      16
      17
      26
      22
      19
      23
      16
      20
      17
      19
      21
      17
      16
      20
      16
      13
      24
      15
      27
      15
      16
      21
      14
      21
      22
      23
      27
      14
      25
      22
      20
      22
      25
      18
      19
       3
      21
      19
      23
      36
      48
      42
      51
      42
      48
      30
      24
      23
      32
      19
      15
      11
      15
      21
      19
      20
       7
      18
      22
      16
      21
      15
      14
      12
      15
      23
      20
      22
      22
      19
      22
      20
      24
      28
      28
      24
      17
      13
      11
      20
      13
      11
       6
      19
      15
      16
      21
      15
      12
      19
       7
      10
       8
      18
      19
      30
      35
      55
      73
      61
      20
      14
      11
      19
      17
      17
      13
      23
      15
       6
      17
      21
      15
      23
      21
      29
      13
      22
      16
      21
       8
      14
      16
      12
      11
      18
      13
      22
      11
      10
      12
      18
      13
      13
      14
      14
       9
      17
      14
      10
      14
      17
      12
      11
      12
      17
      15
      16
      21
      27
      24
      22
      26
      32
      34
      46
      42
      43
      20
      24
      25
      12
       6
      15
      27
      39
      99
     262
     507
     704
     544
     362
     147
      41
      19
      13
      20
      17
      11
       8
      14
      12
      13
      18
      32
      33
      42
      45
      17
      15
      35
      77
     182
     294
     278
     209
     101
      43
      37
      18
      17
      25
      20
      21
      20
      25
      20
      11
      18
      10
       2
      10
      11
      12
      11
      18
      11
      14
      12
       7
      12
      10
       9
      20
       9
      19
      14
      16
      18
      18
      17
       6
      22
      10
      13
      12
      20
       9
      22
      16
      14
       9
      13
      12
      14
       9
      12
      11
       7
      11
      10
       7
      15
       8
      12
      14
      10
      13
      11
      11
       7
       9
      11
       7
      12
      16
       9
      13
      12
       7
      11
       9
      10
       5
      14
      11
      12
      12
       9
      10
       9
       8
      10
       5
       7
      17
      12
      17
      15
      19
      13
      24
      15
      16
      25
      18
      13
       8
      12
      16
       8
      12
       9
       4
      10
      16
       4
      14
      11
      18
      15
      11
      12
       5
       4
      20
       9
      12
      16
      16
       8
      10
      10
      10
      12
      16
      19
      11
       9
      15
      20
      28
      39
      51
      19
      32
      20
      17
      22
      24
      14
      15
       6
      13
      17
      30
      26
      20
      22
      11
      13
      19
      13
      12
      12
      14
       6
      10
      12
      12
      17
       6
       9
      11
      13
      12
      13
      11
      13
      13
      12
       5
       8
      16
      13
      25
      46
      48
      61
      38
      28
      13
      13
      31
      69
     182
     352
     517
     428
     333
     165
      65
      19
      10
       7
       4
       6
      11
      16
      12
      12
      25
      48
      70
      71
      76
      45
      26
      13
      11
       8
      11
       8
       7
       7
       4
      11
       3
      14
      12
      28
      18
      32
      17
      14
       9
       6
      21
       5
       7
      17
       5
      12
       7
       8
       6
       5
      13
      11
      12
      11
      10
      11
      13
      13
      11
       9
      12
       8
      11
      14
      14
      10
      11
      13
       7
      16
       9
      17
      40
      91
     125
     176
     201
     143
      85
      31
      20
      15
       9
      11
      11
      15
       8
      15
      26
      24
      21
      23
      15
      13
       9
      16
      13
      14
      13
      14
      15
       4
       9
       9
       8
       9
       9
       7
      12
      10
       9
      11
       9
       9
       4
       9
       6
       9
       7
      15
       8
       7
       3
       9
       5
      12
      10
       8
       8
       6
       9
       9
      10
      10
      12
      14
       9
       6
       4
      14
       9
      19
       8
       7
       7
       9
       4
       4
       7
       9
       8
       6
       7
       5
       8
      11
       9
       8
      11
       8
      12
       6
       8
       8
      13
       4
       9
       6
      10
      11
      17
       8
      10
      11
      10
      20
      28
      22
      18
      10
      14
      14
      12
      12
      21
      16
      21
      15
      18
       8
       7
       8
       4
       9
      12
       4
       5
       7
       6
      10
       8
       9
      10
       7
      12
      11
       4
       5
       8
       4
      11
       8
       7
       7
       9
       8
       9
       8
      12
       8
      12
       9
       8
       6
       6
      14
       6
       6
      10
      12
       8
      10
       5
       6
      10
       5
       7
      12
       8
      17
      17
      14
      16
       9
       9
       6
      13
       4
       3
       6
       5
      11
       7
       9
      10
       1
       5
      10
      10
       5
       6
       8
       6
       6
       4
       8
       5
       7
       6
      11
       1
       8
       9
       1
       6
      11
       5
      13
       6
      13
      15
      15
       6
      11
      10
       8
      11
       9
      11
      18
      24
      17
       7
       9
       4
       8
       3
      10
       7
       5
       5
       9
       9
       5
       9
       8
       5
       4
       6
       8
       6
       3
       6
       8
       7
       6
       6
       9
      10
       9
       7
       4
       2
       6
       6
       7
       7
       3
       6
       9
       4
       7
       9
       7
       4
      11
      20
      22
      26
      42
      31
      14
      17
       6
      11
       5
      15
       9
      14
      19
      20
      12
       6
      10
      10
       9
       4
       8
       7
       2
       8
       4
       2
      14
       6
       6
       3
      12
       5
       7
       9
      14
       8
       6
      11
       8
       6
       2
      10
       5
       6
       5
       6
       7
       7
       5
       6
       4
       7
       4
       5
       6
       8
      13
       5
       7
       6
       7
       5
       8
       3
       9
       4
      10
       6
       5
       6
       7
       7
       6
       3
      10
       6
       7
      10
       6
       4
      12
       7
       4
      12
       4
       7
       6
       7
       3
       6
      15
      10
      13
      12
      17
      12
       7
       9
       1
       5
       2
      10
       4
      11
       6
       2
       6
       7
       9
       7
       7
       7
       6
      12
       5
       9
      11
       8
       9
       6
       6
       7
       8
       7
       3
       3
      12
       9
      15
      18
      17
      26
      16
      12
      11
       3
       4
       6
       7
       5
      10
       7
       7
       2
       9
       8
       4
       4
       8
       7
      12
       9
       8
      14
      20
       2
      11
       3
       6
       3
       1
       3
      11
       9
       4
       6
       5
       8
       4
       5
       6
       7
       4
       8
       4
       8
       7
       8
       3
       4
       7
       8
       5
       9
       9
      11
      11
       6
       5
       7
       2
       8
       1
       4
       5
       9
       5
       4
       4
       5
       3
      19
      16
      25
      46
      31
      25
      12
       8
       7
       7
       5
       5
       3
       6
       7
       4
       4
       4
       7
       3
       9
      10
      11
      13
       6
      11
       3
       5
       2
       4
       7
      13
      12
      13
       9
      11
       7
       5
       2
       6
       6
       9
       9
       6
       8
       4
       6
       6
      11
       2
      13
      12
       9
       4
       4
       3
       5
       6
       8
       6
       7
      12
       9
       4
       8
      13
       4
       6
       2
       7
       5
       5
       5
       3
       2
       4
       4
       5
       4
       5
       9
       3
       6
       6
       9
       8
       9
       2
       5
       8
       7
       4
       3
       8
       0
       9
       5
       1
       5
       9
       2
       4
       4
       3
       5
       5
       4
       6
       4
       4
       4
       1
       5
      11
       5
       4
       5
       6
       5
       2
       8
       6
       2
       7
       6
       3
       8
       6
       6
       9
       3
       4
       5
       5
       7
       5
       3
       3
       5
       5
       5
       6
       5
       4
       4
       3
       2
      12
       7
       2
       7
       6
       2
       5
       1
       5
       2
       6
       7
       2
       2
       2
       2
       6
       3
       3
       9
       3
       5
       2
       4
       4
      11
      13
      11
       4
      10
       5
      13
      41
      44
      75
      90
      69
      39
      25
       6
       6
       3
       4
      13
       6
       3
       3
       6
       9
       5
       8
       4
       4
       7
       2
       4
       6
       9
       3
       9
       5
       7
       6
       2
       2
       2
       0
       5
       5
      10
       6
      12
      11
       9
       6
       7
       4
       2
       4
       6
       3
       3
       6
       5
       5
       5
       2
       3
       5
       6
       5
       3
       2
       3
       3
       2
       4
       5
       2
       4
       6
       5
       1
       7
      10
       9
       6
       8
       6
       4
       3
       5
       4
       8
       3
       2
       4
       4
       3
       5
       6
       2
       7
       3
       4
       6
       6
       3
       6
       5
       4
       4
       3
       6
       2
       1
       4
       4
       5
       5
       1
       5
       1
       2
       6
       3
       4
       3
       3
       8
       4
       8
       6
       8
       8
       5
       6
       5
       6
       7
       2
       3
       7
       3
       2
       3
       3
       9
       3
       4
       5
       3
       2
       4
       3
       2
       5
       2
       5
       2
       6
       3
       3
      10
       4
       4
       3
       4
       3
       2
       3
       6
       7
       6
       6
       4
       2
       5
       7
       3
       1
       7
       6
       4
       5
       0
       3
       5
       3
       6
       4
       2
       4
       5
       2
       3
       5
       4
       5
       4
       2
       3
       3
       8
       2
       4
       3
       3
       3
       2
       1
       5
       5
       5
       8
      10
       8
       2
       7
       5
       5
       5
       3
       4
       3
       2
       3
       2
       2
       2
       3
       3
       4
       5
       8
       2
       5
       3
       4
       1
       3
       3
       2
       5
       6
       3
       2
       7
       8
       7
       6
       1
       1
       7
       5
       2
       4
       3
       6
       7
       8
       9
      14
       9
       4
       3
       4
       5
       6
       9
       4
      12
       8
       9
       9
       7
       7
       7
       7
       4
       3
       1
       5
       3
       5
       6
       6
      13
      21
      25
      30
      18
      19
       4
       5
       4
       2
       8
       5
       5
       9
       4
       6
       8
       2
       3
       5
       2
       4
       3
       3
       3
       5
       2
       3
       1
       7
       2
       4
       4
       5
       2
       5
       9
       4
       5
       3
       2
       7
      12
      14
       5
       9
       7
       7
       2
       3
       3
       5
       2
       4
       4
       5
       1
       2
       4
       0
       3
       3
       6
       2
       2
       1
       1
       2
       5
       1
       6
       6
       1
       3
       4
       3
       5
       5
       5
       3
       1
       5
       4
       5
       5
       2
       6
       3
       1
       3
       4
       3
       2
       8
       5
       2
       4
       4
       4
       3
       1
       4
       0
       8
       4
       1
       4
       6
       7
       8
      10
       8
       8
       3
       2
       3
       5
       5
       2
       6
       4
       4
       6
       7
       4
       3
       3
       4
       5
       3
       5
       3
       1
       3
       3
       2
       3
       3
       3
       2
       0
       5
       2
       1
       2
       4
       1
       3
       3
       2
       5
       2
       7
       2
       2
       2
       4
       2
       2
       4
       3
       3
       5
       3
       1
       3
       4
       6
       4
       3
       2
       2
       2
       3
       6
       4
       4
       7
       5
       2
       2
       1
       2
       3
       2
       2
       2
       1
       3
       0
       4
       3
       2
       2
       3
       6
       6
       6
       7
       0
       3
       3
       4
       3
       3
       2
       1
       4
       5
       1
       5
       1
       3
       2
       3
       5
       2
       2
       2
       3
       1
       3
       2
       2
       2
       3
       3
       2
       3
       4
       2
       3
       3
       4
       3
       2
       0
       3
       5
       2
       2
       4
       4
       5
       1
       2
       3
       1
       1
       3
       2
       3
       3
       1
       2
       1
       2
       4
       2
       1
       6
       1
       3
       2
       5
       3
       2
       5
       5
       5
       7
       7
       5
       5
       8
      10
       3
       3
       6
       2
       2
       7
       6
       5
       2
       5
       2
       3
       1
       3
       2
       2
       1
       4
       4
       4
       2
       3
       3
       3
       5
       2
       3
       1
       6
       1
       4
       5
       6
       4
       3
       2
       2
       3
       1
       2
       1
       2
       4
       6
       3
       4
       3
       1
       2
       3
       1
       4
       3
      10
      18
      25
      24
      23
      21
      12
      13
       4
       4
       5
       1
       4
       2
       0
       2
       0
       2
       3
       1
       2
       1
       4
       4
       1
       3
       7
       6
       4
       2
       3
       2
       5
       4
       6
       6
       3
       3
       3
       2
       2
       5
       6
       6
       4
       4
       2
       7
       1
       3
       2
       1
       2
       4
       2
       3
       4
       5
       5
       4
       4
       3
       1
       0
       1
       3
       3
       2
       0
       2
       1
       2
       0
       1
       2
       4
       5
       4
       2
       5
       4
       3
       4
       4
       3
       2
       4
       3
       3
       2
       5
       6
       2
       6
       1
       4
       3
       7
       2
       7
      10
       6
      13
       2
       6
       3
       1
       2
       1
       1
       3
       1
       1
       0
       2
       1
       2
       4
       1
       6
       3
       2
       2
       3
       2
       2
       1
       1
       1
       5
       4
       0
       3
       3
       5
       3
       3
       3
       1
       3
       4
       1
       3
       4
       3
       0
       1
       2
       4
       2
       3
       6
       1
       2
       2
       2
       0
       1
       1
       4
       2
       4
       6
       3
       2
       4
       3
       2
       3
       2
       1
       0
       1
       4
       1
       2
       2
       4
       2
       2
       0
       1
       0
       1
       2
       0
       3
       7
       5
       5
       8
       1
       2
       2
       4
       2
       1
       1
       4
       0
       1
       2
       4
       2
       1
       2
       2
       1
       1
       2
       2
       4
       0
       2
       2
       1
       1
       3
       1
       2
       6
       2
       3
       3
       5
       0
       1
       1
       5
       2
       1
       0
       0
       4
       2
       5
       1
       2
       3
       0
       4
       0
       3
       1
       0
       2
       3
       2
       2
       1
       2
       3
       5
       1
       1
       1
       3
       0
       4
       2
       3
       0
       4
       2
       4
       6
       8
       3
       3
       2
       2
       1
       0
       1
       1
       1
       3
       1
       2
       5
       2
       2
       1
       0
       0
       1
       5
       3
       9
       4
       7
       4
       5
       2
       0
       1
       1
       2
       2
       2
       0
       3
       2
       1
       3
       3
       0
       2
       4
       1
       2
       1
       1
       4
       1
       1
       1
       1
       2
       1
       5
       0
       2
       2
       3
       3
       1
       1
       4
       2
       1
       1
       0
       1
       0
       4
       3
       3
       4
       1
       0
       1
       1
       0
       1
       3
       3
       0
       1
       2
       2
       0
       3
       2
       5
       3
       7
       4
       6
      10
       6
       5
       1
       2
       3
       0
       2
       1
       2
       2
       0
       0
       0
       1
       3
       3
       5
       3
       2
       0
       5
       3
       3
       2
       3
       1
       4
       3
       3
       2
       2
       2
       2
       2
       2
       2
       5
       5
       1
       2
       3
       0
       2
       1
       1
       1
       1
       0
       0
       2
       1
       3
       1
       1
       3
       2
       2
       2
       1
       1
       3
       1
       1
       4
       1
       4
       1
       0
       2
       2
       0
       2
       0
       3
       2
       3
       2
       1
       1
       0
       2
       2
       2
       2
       0
       1
       1
       1
       2
       5
       2
       1
       2
       0
       1
       1
       1
       4
       0
       3
       3
       0
       0
       0
       0
       0
       0
       2
       4
       3
       3
       1
       2
       1
       5
       0
       1
       3
       1
       0
       2
       2
       1
       0
       1
       4
       0
       2
       0
       3
       3
       0
       3
       3
       3
       0
       4
       1
       1
       1
       1
       1
       2
       0
       2
       1
       7
      11
       5
       5
       7
       4
      10
       6
      17
      14
      16
      22
      25
      12
       9
       7
       7
       0
       2
       4
       1
       2
       2
       1
       1
       2
       2
       0
       3
       1
       0
       2
       0
       1
       0
       1
       4
       1
       2
       1
       2
       1
       2
       2
       3
       1
       0
       0
       1
       1
       1
       3
       1
       2
       0
       0
       1
       2
       0
       0
       2
       2
       2
       1
       2
       4
       0
       0
       0
       0
       1
       2
       0
       1
       0
       1
       1
       0
       1
       0
       2
       2
       2
       0
       0
       1
       2
       0
       3
       1
       0
       0
       0
       1
       1
       0
       1
       3
       0
       1
       1
       2
       2
       1
       2
       1
       2
       1
       1
       0
       4
       2
       0
       0
       1
       1
       1
       2
       1
       3
       4
       0
       0
       0
       0
       2
       2
       1
       1
       2
       2
       3
       3
       3
       1
       2
       2
       1
       0
       1
       1
       3
       3
       4
       2
       1
       1
       0
       1
       0
       1
       1
       2
       2
       1
       1
       0
       1
       0
       0
       3
       2
       0
       1
       0
       1
       0
       0
       1
       0
       1
       3
       0
       0
       0
       2
       2
       3
       2
       1
       1
       0
       0
       0
       0
       1
       1
       2
       0
       2
       0
       2
       2
       0
       0
       1
       1
       0
       2
       1
       0
       1
       2
       0
       1
       3
       2
       4
       1
       0
       0
       1
       0
       0
       3
       1
       0
       1
       0
       3
       1
       0
       3
       2
       1
       2
       2
       0
       0
       3
       1
       2
       1
       0
       0
       0
       0
       1
       1
       2
       1
       2
       2
       0
       0
       0
       2
       0
       1
       3
       2
       4
       1
       1
       1
       2
       0
       0
       1
       0
       1
       0
       0
       1
       1
       2
       0
       2
       1
       2
       1
       1
       1
       2
       0
       0
       0
       1
       0
       0
       3
       2
       3
       1
       0
       0
       1
       0
       1
       0
       1
       1
       0
       1
       1
       2
       1
       1
       0
       0
       0
       0
       3
       1
       2
       1
       0
       0
       1
       0
       1
       0
       2
       1
       2
       0
       2
       0
       1
       0
       0
       1
       0
       0
       0
       1
       0
       1
       1
       0
       0
       0
       2
       0
       0
       0
       0
       2
       0
       0
       0
       3
       0
       1
       2
       0
       1
       1
       0
       2
       2
       1
       0
       7
       3
      11
       8
       7
      17
      19
      12
      10
       2
       2
       4
       1
       0
       0
       0
       1
       2
       0
       0
       0
       0
       2
       0
       0
       0
       1
       2
       0
       1
       0
       0
       0
       2
       1
       0
       0
       0
       1
       2
       2
       0
       0
       2
       1
       1
       0
       0
       2
       1
       1
       2
       0
       0
       0
       1
       0
       0
       1
       2
       0
       2
       0
       1
       0
       0
       0
       0
       1
       1
       0
       0
       0
       1
       0
       1
       4
       1
       2
       1
       2
       0
       1
       2
       1
       0
       0
       0
       2
       0
       1
       0
       2
       0
       1
       1
       0
       0
       2
       0
       0
       0
       1
       0
       3
       2
       0
       0
       1
       0
       0
       3
       2
       0
       0
       0
       0
       1
       0
       0
       0
       2
       2
       0
       0
       0
       0
       0
       2
       1
       0
       1
       2
       2
       1
       0
       0
       1
       0
       2
       1
       2
       0
       0
       2
       0
       0
       0
       2
       0
       1
       1
       0
       0
       0
       0
       0
       1
       1
       2
       1
       1
       0
       0
       2
       1
       0
       1
       1
       0
       0
       0
       0
       0
       0
       1
       0
       1
       1
       0
       1
       0
       0
       1
       0
       0
       1
       1
       0
       0
       1
       0
       0
       0
       0
       0
       1
       1
       1
       1
       0
       0
       1
       0
       0
       1
       2
       0
       2
       1
       2
       2
       5
       6
       6
      11
       2
       1
       0
       1
       2
       2
       0
       0
       0
       0
       0
       1
       3
       0
       2
       1
       0
       2
       1
       0
       0
       0
       0
       1
       3
       0
       1
       2
       2
       1
       3
       2
       2
       2
       0
       0
       2
       0
       0
       0
       2
       0
       1
       0
       1
       0
       2
       0
       0
       0
       0
       0
       1
       0
       1
       0
       0
       0
       0
       2
       0
       0
       1
       1
       0
       0
       0
       1
       1
       4
       2
       5
       5
       1
       0
       0
       2
       1
       0
       0
       1
       0
       0
       0
       0
       2
       0
       1
       0
       0
       0
       0
       0
       0
       0
       1
       0
       0
       1
       0
       0
       0
       0
       0
       1
       0
       0
       1
       3
       1
       0
       1
       0
       0
       1
       0
       1
       1
       0
       1
       1
       1
       0
       0
       1
       0
       1
       0
       0
       1
       2
       4
       2
       1
       1
       2
       1
       2
       2
       0
       0
       0
       2
       1
       0
       0
       0
       0
       0
       0
       0
       0
       0
       0
       2
       0
       0
       0
       0
       2
       1
       1
       0
       0
       2
       0
       0
       0
       0
       0
       0
       0
       0
       0
       1
       0
       1
       1
       1
       1
       1
       1
       5
       1
       2
       4
       2
       0
       2
       1
       0
       1
       1
       0
       0
       1
       0
       0
       0
       1
       0
       0
       1
       0
       1
       0
       0
       1
       2
       1
       0
       0
       0
       0
       1
       1
       1
       4
       3
       5
       3
       0
       3
       1
       1
       0
       0
       0
       1
       0
       0
       1
       0
       0
       0
       0
       0
       0
       0
       0
       0
       0
       0
       0
       0
       0
       0
       0
       1
       1
       0
       1
       0
       0
       0
       0
       1
       0
       1
       0
       0
       1
       0
       2
       0
       0
       0
       0
       0
       0
       0
       0
       1
       0
       0
       0
       1
       1
       0
       0
       0
       1
       1
       0
       1
       2
       3
       5
       4
       5
       4
       0
       0
       0
       1
       0
       1
       0
       0
       0
       0
       0
       1
       0
       0
       0
       0
       0
       1
       1
       0
       0
       0
       0
       0
       0
       0
       1
       1
       0
       0
       0
       0
       2
       0
       0
       1
       1
       0
       0
       0
       0
       1
       0
       0
       0
       0
       0
       0
       0
       0
       0
       0
       0
       0
       1
       0
       0
       0
       0
       0
       0
       0
       0
       0
       0
       0
       2
       0
       0
       1
       0
       0
       0
       0
       1
       0
       1
       1
       2
       0
       0
       0
       0
       0
       1
       1
       1
       2
       0
       1
       0
       0
       0
       1
       0
       1
       0
       1
       2
       0
       0
       1
       0
       1
       0
       0
       0
       0
       0
       0
       1
       0
       1
       0
       0
       1
       1
       1
       0
       1
       0
       1
       0
       1
       0
       0
       0
       1
       1
       0
       0
       3
       2
       0
       1
       2
       0
       0
       1
       0
       0
       0
       0
       0
       1
       1
       0
       1
       0
       0
       0
       0
       0
       0
       1
       0
       0
       1
       1
       0
       0
       0
       0
       1
       0
       1
       1
       2
       0
       0
       0
       0
       1
       0
       0
       0
       1
       0
       1
       0
       0
       1
       0
       0
       0
       0
       0
       0
       0
       0
       0
       1
       1
       1
       0
       1
       0
       0
       0
       0
       1
       0
       1
       0
       1
       0
       0
       0
       0
       0
       2
       0
       0
       0
       0
       0
       0
       0
       0
       0
       0
       0
       0
       0
       2
       0
       1
       0
       0
       0
       0
       1
       0
       0
       0
       1
       0
       1
       0
       0
       0
       0
       1
       1
       0
       2
       2
       0
       0
       0
       0
       0
       0
       0
       0
       0
       0
       0
       0
       0
       0
       0
       1
       2
       0
       0
       0
       1
       0
       0
       0
       0
       0
       0
       1
       0
       0
       0
       0
       0
       1
       0
       0
       1
       0
       0
       0
       0
       0
       0
       0
       0
       0
       1
       0
       0
       0
       0
       0
       0
       0
       1
       0
       1
       0
       0
       0
       1
       0
       1
       1
       1
       0
       0
       0
       0
       1
       0
       3
       0
       0
       3
       3
       1
       2
       0
       2
       1
       3
       2
       1
       1
       0
       0
       1
       0
       0
       0
       0
       0
       0
       0
       0
       2
       0
       1
       0
       0
       0
       0
       0
       0
       0
       0
       0
       0
       0
       0
       0
       1
       0
       0
       0
       1
       0
       0
       0
       0
       0
       0
       0
       0
       0
       0
       0
       0
       0
       0
       1
       0
       0
       1
       0
       0
       0
       0
       0
       0
       0
       1
       1
       0
       0
       0
       1
       0
       0
       0
       0
       1
       2
       0
       2
       0
       0
       0
       0
       0
       1
       0
       0
       1
       0
       0
       0
       0
       0
       0
       0
       0
       2
       1
       0
       0
       0
       0
       0
       1
       1
       0
       0
       0
       1
       0
       0
       0
       0
       0
       0
       1
       0
       0
       0
       0
       0
       0
       0
       0
       0
       0
       0
       0
       2
       0
       1
       0
       0
       0
       0
       0
       0
       0
       0
       0
       0
       0
       0
       0
       0
       0
       0
       0
       0
       0
       0
       0
       0
       3
       0
       0
       0
       0
       1
       1
       0
       0
       0
       0
       0
       0
       0
       0
       0
       0
       1
       0
       0
       0
       0
       0
       0
       0
       1
       0
       0
       0
       1
       1
       1
       0
       1
       0
       0
       0
       0
       1
       0
       0
       0
       0
       1
       1
       0
       0
       0
       2
       1
       0
       0
       1
       0
       1
       0
       1
       1
       1
       5
       1
       0
       0
       0
       1
       1
       0
       0
       0
       0
       0
       0
       0
       0
       0
       1
       0
       0
       0
       0
       0
       0
       1
       0
       0
       0
       0
       0
       1
       0
       0
       1
       0
       0
       0
       0
       0
       0
       0
       0
       0
       0
       0
       0
       0
       0
       0
       0
       0
       0
       0
       0
       0
       0
       0
       0
       1
       0
       0
       0
       0
       0
       0
       0
       0
       0
       0
       0
       0
       1
       0
       0
       2
       0
       0
       0
       0
       0
       0
       1
       0
       0
       0
       0
       0
       0
       1
       0
       0
       0
       0
       0
       0
       0
       0
       0
       0
       0
       0
       0
       0
       0
       0
       0
       0
       0
       0
       0
       0
       0
       1
       0
       0
       0
       2
       1
       0
       0
       0
       0
       0
       0
       0
       0
       1
       1
       0
       0
       0
       0
       0
       0
       0
       0
       0
       0
       0
       0
       0
       0
       0
       1
       1
       0
       1
       0
       2
       0
       0
       0
       1
       0
       0
       0
       0
       0
       1
       0
       0
       0
       0
       0
       0
       0
       0
       1
       1
       0
       0
       0
       0
       1
       0
       0
       0
       0
       0
       0
       0
       0
       1
       0
       0
       0
       0
       1
       0
       0
       0
       0
       0
       0
       0
       1
       0
       0
       0
       1
       0
       1
       0
       2
       1
       0
       0
       0
       0
       1
       0
       0
       0
       1
       0
       0
       1
       0
       0
       0
       0
       1
       0
       1
       0
       0
       0
       0
       1
       0
       0
       0
       0
       0
       0
       0
       0
       0
       0
       0
       0
       0
       0
       0
       0
       0
       0
       0
       0
       0
       1
       0
       0
       0
       0
       1
       1
       0
       1
       0
       2
       1
       1
       0
       1
       1
       0
       0
       0
       0
       1
       0
       1
       0
       1
       0
       0
       0
       1
       0
       0
       0
       0
       0
       0
       0
       0
       0
       1
       0
       0
       0
       0
       0
       0
       0
       1
       0
       0
       0
       0
       0
       0
       0
       0
       1
       0
       0
       0
       0
       0
       0
       0
       0
       0
       0
       0
       0
       0
       0
       1
       0
       0
       0
       0
       0
       0
       0
       0
       1
       1
       0
       0
       0
       1
       0
       0
       0
       0
       0
       0
       0
       0
       0
       0
       0
       0
       0
       1
       0
       0
       0
       0
       0
       0
       1
       0
       0
       0
       0
       0
       0
       0
       0
       0
       0
       0
       1
       0
       0
       0
       0
       1
       0
       1
       0
       0
       0
       0
       0
       0
       0
       0
       0
       1
       1
       0
       0
       0
       0
       0
       0
       0
       0
       0
       0
       0
       0
       0
       1
       0
       1
       0
       1
       0
       0
       0
       0
       0
       0
       0
       0
       0
       0
       0
       0
       0
       0
       0
       0
       0
       0
       1
       0
       0
       0
       0
       0
       0
       1
       0
       0
       1
       0
       1
       0
       0
       0
       0
       0
       0
       1
       0
       0
       1
       0
       0
       0
       0
       0
       0
       0
       0
       0
       0
       0
       0
       0
       0
       0
       0
       0
       0
       0
       0
       0
       0
       1
       0
       0
       0
       0
       0
       0
       0
       0
       0
       0
       0
       1
       0
       1
       0
       0
       0
       0
       0
       2
       0
       0
       1
       0
       0
       0
       0
       0
       0
       0
       0
       0
       0
       0
       0
       0
       0
       0
       0
       1
       0
       0
       0
       1
       0
       0
       0
       0
       0
       1
       0
       0
       0
       1
       1
       1
       0
       0
       0
       0
       0
       0
       0
       0
       0
       0
       0
       2
       0
       0
       0
       1
       0
       0
       1
       0
       0
       0
       0
       0
       0
       0
       0
       0
       0
       0
       0
       0
       0
       0
       0
       0
       1
       0
       0
       0
       0
       0
       0
       0
       0
       0
       1
       0
       0
       0
       1
       0
       0
       0
       0
       0
       0
       0
       0
       0
       0
       0
       0
       0
       0
       0
       0
       0
       0
       1
       1
       0
       0
       0
       0
       0
       1
       0
       0
       0
       0
       0
       1
       0
       0
       0
       0
       0
       0
       0
       0
       1
       0
       0
       0
       0
       0
       0
       0
       0
       0
       0
       0
       0
       0
       0
       0
       0
       0
       0
       0
       0
       0
       1
       0
       0
       0
       1
       0
       0
       0
       0
       0
       1
       0
       0
       0
       0
       1
       0
       0
       0
       0
       0
       1
       0
       0
       0
       0
       0
       0
       0
       1
       0
       0
       0
       0
       0
       0
       0
       0
       0
       0
       0
       1
       1
       1
       0
       0
       0
       0
       0
       0
       0
       0
       0
       0
       0
       2
       0
       0
       1
       0
       0
       1
       0
       0
       0
       0
       0
       0
       0
       0
       0
       0
       0
       0
       0
       0
       0
       0
       0
       0
       0
       0
       0
       0
       0
       0
       0
       0
       0
       0
       0
       0
       0
       0
       0
       0
       0
       0
       1
       0
       1
       0
       0
       0
       0
       0
       0
       0
       0
       0
       0
       0
       0
       0
       0
       0
       0
       0
       0
       0
       0
       0
       0
       0
       0
       0
       0
       0
       0
       0
       0
       0
       0
       0
       0
       0
       0
       0
       0
       0
       0
       0
       1
       0
       0
       0
       0
       0
       0
       0
       0
       1
       0
       0
       0
       0
       0
       0
       0
       0
       0
       0
       0
       0
       1
       0
       0
       0
       0
       1
       0
       0
       0
       0
       0
       0
       0
       0
       0
       0
       0
       0
       0
       0
       0
       0
       0
       0
       0
       0
       0
       0
       0
       0
       1
       0
       0
       0
       0
       0
       0
       0
       1
       0
       0
       1
       0
       0
       0
       0
       0
       0
       0
       0
       0
       0
       0
       0
       0
       0
       0
       0
       1
       0
       0
       0
       1
       0
       0
       0
       0
       0
       0
       0
       0
       0
       0
       0
       0
       0
       0
       0
       0
       0
       0
       0
       0
       0
       1
       0
       0
       0
       0
       1
       0
       1
       0
       0
       0
       1
       0
       0
       0
       0
       0
       0
       0
       0
       0
       0
       0
       0
       0
       0
       0
       0
       0
       0
       0
       0
       0
       0
       1
       0
       0
       0
       0
       0
       0
       0
       0
       0
       0
       0
       0
       0
       0
       0
       0
       0
       0
       0
       0
       0
       0
       0
       0
       0
       0
       0
       0
       0
       0
       0
       0
       0
       0
       0
       0
       0
       0
       0
       0
       0
       0
       0
       0
       0
       0
       0
       0
       0
       1
       0
       0
       1
       0
       0
       0
       0
       1
       0
       0
       0
       0
       0
       0
       1
       0
       0
       0
       0
       0
       0
       0
       0
       0
       1
       1
       0
       0
       0
       0
       0
       0
       0
       1
       0
       0
       0
       0
       0
       0
       0
       1
       0
       0
       0
       1
       0
       0
       1
       0
       0
       0
       1
       0
       1
       0
       0
       0
       0
       0
       0
       0
       0
       0
       0
       0
       0
       0
       0
       0
       1
       1
       0
       1
       0
       0
       1
       0
       0
       0
       0
       0
       0
       0
       0
       0
       0
       0
       0
       0
       0
       0
       0
       0
       0
       0
       1
       0
       0
       0
       0
       0
       0
       0
       0
       0
       0
       0
       0
       1
       1
       0
       0
       0
       0
       0
       0
       0
       0
       0
       0
       0
       0
       0
       0
       0
       0
       0
       0
       0
       0
       0
       0
       0
       0
       0
       0
       0
       0
       0
       0
       0
       0
       0
       0
       0
       1
       0
       0
       0
       0
       0
       0
       0
       0
       0
       0
       0
       0
       0
       0
       0
       0
       0
       0
       0
       0
       0
       0
       0
       0
       0
       0
       0
       0
       0
       0
       1
       0
       0
       0
       1
       0
       0
       0
       0
       0
       0
       0
       0
       0
       0
       0
       0
       0
       0
       0
       1
       0
       0
       0
       0
       0
       0
       0
       0
       0
       0
       0
       0
       0
       0
       0
       0
       0
       0
       0
       0
       0
       0
       0
       0
       0
       0
       1
       0
       0
       0
       0
       0
       0
       0
       0
       0
       0
       0
       0
       0
       0
       0
       0
       0
       0
       0
       0
       0
       0
       0
       0
       0
       1
       0
       0
       1
       0
       0
       0
       0
       0
       0
       0
       0
       0
       0
       0
       0
       0
       0
       0
       0
       0
       0
       0
       1
       0
       0
       0
       0
       0
       0
       0
       0
       0
       0
       0
       0
       0
       1
       1
       0
       0
       0
       0
       0
       0
       0
       0
       0
       0
       0
       0
       0
       0
       0
       0
       0
       0
       0
       0
       0
       0
       0
       0
       0
       0
       0
       0
       0
       0
       0
       0
       0
       0
       0
       0
       0
       0
       0
       0
       0
       0
       0
       0
       0
       0
       0
       0
       0
       0
       0
       0
       0
       0
       0
       0
       0
       0
       0
       0
       0
       0
       0
       0
       0
       0
       0
       0
       1
       0
       0
       1
       0
       0
       0
       0
       0
       0
       0
       0
       0
       0
       0
       0
       0
       0
       0
       0
       0
       0
       0
       0
       0
       0
       0
       0
       0
       0
       0
       0
       0
       0
       0
       0
       0
       1
       0
       0
       0
       0
       0
       0
       0
       0
       0
       0
       0
       0
       0
       0
       0
       0
       0
       0
       0
       0
       0
       0
       0
       0
       0
       0
       0
       0
       0
       0
       0
       1
       0
       0
       0
       0
       0
       0
       0
       0
       0
       0
       0
       0
       0
       0
       0
       0
       0
       0
       0
       0
       0
       0
       0
       0
       0
       0
       0
       0
       0
       0
       0
       0
       0
       0
       0
       0
       0
       0
       0
       0
       0
       0
       0
       0
       0
       0
       0
       0
       0
       0
       0
       0
       0
       0
       0
       0
       0
       0
       0
       0
       0
       0
       1
       0
       0
       0
       0
       0
       0
       0
       0
       0
       0
       0
       0
       0
       0
       0
       0
       0
       0
       0
       0
       0
       0
       0
       0
       0
       0
       0
       0
       0
       0
       0
       0
       0
       0
       0
       0
       0
       0
       0
       0
       0
       0
       0
       0
       0
       0
       0
       0
       0
       0
       0
       0
       0
       0
       0
       0
       0
       0
       0
       0
       0
       0
       0
       0
       0
       0
       0
       0
       0
       0
       0
       0
       0
       0
       0
       0
       0
       0
       0
       0
       0
       0
       0
       0
       0
       0
       0
       0
       0
       0
       0
       0
       0
       0
       0
       0
       0
       0
       0
       0
       0
       0
       0
       0
       0
       1
       1
       0
       3
       3
       2
       2
       2
       2
       0
       0
       0
       0
       0
       0
       0
       0
       0
       0
       0
       0
       0
       1
       0
       0
       0
       0
       0
       0
       0
       0
       0
       0
       0
       0
       0
       0
       0
       0
       0
       0
       0
       0
       0
       0
       0
       0
       0
       0
       0
       0
       0
       0
       0
       0
       0
       0
       0
       0
       0
       0
       0
       0
       0
       0
       0
       0
       0
       0
       0
       0
       0
       0
       0
       0
       0
       0
       0
       0
       0
       0
       0
       0
       0
       0
       0
       0
       0
       0
       0
       0
       0
       0
       0
       0
       0
       0
       0
       0
       0
       0
       0
       0
       0
       0
       0
       0
       0
       0
       0
       0
       0
       0
       0
       0
       0
       0
       0
       0
       0
       0
       0
       0
       0
       0
       0
       0
       0
       0
       0
       0
       0
       0
       0
       0
       0
       0
       0
       0
       0
       0
       0
       0
       0
       0
       0
       0
       0
       0
       0
       0
       0
       0
       0
       0
       0
       0
       0
       0
       0
       0
       1
       0
       0
       0
       0
       0
       0
       0
       0
       0
       0
       0
       0
       0
       0
       0
       0
       0
       0
       0
       0
       0
       0
       0
       0
       0
       0
       0
       0
       0
       0
       0
       0
       0
       0
       0
       0
       0
       0
       0
       0
       0
       0
       0
       0
       0
       0
       0
       0
       0
       1
       0
       0
       0
       0
       0
       0
       0
       0
       0
       0
       0
       0
       0
       0
       0
       0
       0
       0
       0
       0
       0
       0
       0
       0
       0
       0
       0
       0
       0
       0
       0
       0
       0
       0
       0
       0
       0
       0
       0
       0
       0
       0
       0
       0
       0
       0
       0
       0
       0
       0
       0
       0
       0
       0
       0
       0
       0
       0
       0
       0
       0
       0
       0
       0
       0
       0
       0
       0
       0
       0
       0
       0
       0
       0
       0
       0
       0
       0
       0
       0
       0
       0
       0
       0
       0
       0
       0
       0
       0
       0
       0
       0
       0
       0
       0
       0
       0
       0
       0
       0
       0
       0
       0
       0
       0
       0
       0
       0
       0
       0
       0
       0
       0
       0
       0
       0
       0
       0
       0
       0
       0
       0
       0
       0
       0
       0
       0
       0
       0
       0
       0
       0
       0
       0
       0
       0
       0
       0
       0
       0
       0
       0
       1
       0
       0
       0
       0
       0
       0
       0
       0
       0
       0
       0
       0
       0
       0
       0
       0
       0
       0
       0
       0
       0
       0
       0
       0
       0
       0
       0
       0
       0
       0
       0
       0
       0
       0
       0
       0
       0
       0
       0
       0
       0
       0
       0
       0
       0
       0
       0
       0
       0
       0
       0
       0
       0
       0
       0
       0
       0
       0
       0
       0
       0
       0
       0
       0
       0
       0
       0
       0
       0
       0
       0
       0
       0
       0
       0
       0
       0
       0
       0
       0
       0
       0
       0
       0
       0
       0
       0
       0
       0
       0
       0
       0
       0
       0
       0
       0
       0
       0
       0
       0
       0
       0
       0
       0
       0
       0
       0
       0
       0
       0
       0
       0
       0
       0
       0
       0
       0
       0
       0
       0
       0
       0
       0
       0
       0
       0
       0
       0
       0
       0
       0
       0
       0
       0
       0
       0
       0
       0
       0
       0
       0
       0
       0
       0
       0
       0
       0
       0
       0
       1
       0
       0
       0
       0
       0
       0
       0
       0
       0
       0
       0
       0
       0
       0
       0
       0
       0
       0
       0
       0
       0
       0
       0
       0
       0
       0
       0
       0
       0
       0
       0
       0
       0
       0
       1
       0
       0
       0
       0
       0
       0
       0
       0
       0
       0
       0
       0
       0
       0
       0
       0
       0
       0
       0
       0
       0
       0
       0
       0
       0
       0
       0
       0
       0
       0
       0
       0
       0
       0
       0
       0
       0
       0
       0
       0
       0
       0
       0
       0
       0
       0
       0
       0
       0
       0
       0
       0
       0
       0
       0
       0
       0
       0
       0
       0
       0
       0
       0
       0
       0
       0
       0
       0
       0
       0
       0
       0
       0
       0
       0
       0
       0
       0
       0
       0
       0
       0
       0
       0
       0
       0
       0
       0
       0
       0
       0
       0
       0
       0
       0
       0
       0
       0
       0
       0
       0
       0
       0
       0
       0
       0
       0
       0
       0
       0
       0
       0
       0
       0
       0
       0
       0
       0
       0
       0
       0
       0
       0
       0
       0
       0
       0
       0
       0
       0
       0
       0
       0
       0
       0
       0
       0
       0
       0
       0
       0
       0
       0
       0
       0
       0
       0
       0
       0
       0
       0
       0
       0
       0
       0
       0
       0
       0
       0
       0
       0
       0
       0
       0
       0
       0
       0
       0
       0
       0
       0
       0
       0
       0
       0
       0
       0
       0
       0
       0
       0
       0
       0
       0
       0
       0
       0
       0
       0
       0
       0
       0
       0
       0
       0
       1
       0
       0
       0
       0
       0
       0
       0
       0
       0
       0
       0
       0
       0
       0
       0
       0
       0
       0
       0
       0
       0
       0
       0
       0
       0
       0
       0
       0
       0
       0
       0
       0
       0
       0
       0
       0
       0
       0
       0
       0
       0
       0
       0
       0
       0
       0
       0
       0
       0
       0
       0
       0
       0
       0
       0
       0
       0
       0
       0
       0
       0
       0
       0
       0
       0
       0
       0
       0
       0
       0
       0
       0
       0
       0
       0
       0
       0
       0
       0
       0
       0
       0
       0
       0
       0
       0
       0
       0
       0
       0
       0
       0
       0
       0
       0
       0
       0
       0
       0
       0
       0
       0
       0
       0
       0
       0
       0
       0
       0
       0
       0
       0
       0
       0
       0
       0
       0
       0
       0
       0
       0
       0
       0
       0
       0
       0
       0
       0
       0
       0
       0
       0
       0
       0
       0
       0
       0
       0
       0
       0
       0
       0
       0
       0
       0
       0
       0
       0
       0
       0
       0
       0
       0
       0
       0
       0
       0
       0
       0
       0
       0
       0
       0
       0
       0
       0
       0
       0
       0
       0
       0
       0
       0
       0
       0
       0
       0
       0
       0
       0
       0
       0
       0
       0
       0
       0
       0
       0
       0
       0
       0
       0
       0
       0
       0
       0
       0
       0
       0
       0
       0
       0
       0
       0
       0
       0
       0
       0
       0
       0
       0
       0
       0
       0
       0
       0
       0
       0
       0
       0
       0
       0
       0
       0
       0
       0
       0
       0
       0
       0
       0
       0
       0
       0
       0
       0
       0
       0
       0
       0
       0
       0
       0
       0
       0
       0
       0
       0
       0
       0
       0
       0
       0
       0
       0
       0
       0
       0
       0
       0
       0
       0
       0
       0
       0
       0
       0
       0
       0
       0
       0
       0
       0
       0
       0
       0
       0
       0
       0
       0
       0
       0
       0
       0
       0
       0
       0
       0
       0
       0
       0
       0
       0
       0
       0
       0
       0
       0
       0
       0
       0
       0
       0
       0
       0
       0
       0
       0
       0
       0
       0
       0
       0
       0
       0
       0
       0
       0
       0
       0
       0
       0
       0
       0
       0
       0
       0
       0
       0
       0
       0
       0
       0
       0
       0
       0
       0
       0
       0
       0
       0
       0
       0
       0
       0
       0
       0
       0
       0
       0
       0
       0
       0
       0
       0
       0
       0
       0
       0
       0
       0
       0
       0
       1
       0
       0
       0
       0
       0
       0
       0
       0
       0
       0
       0
       0
       0
       0
       0
       0
       0
       0
       0
       0
       0
       0
       0
       0
       0
       0
       0
       0
       0
       0
       0
       0
       0
       0
       0
       0
       0
       0
       0
       0
       0
       0
       0
       0
       0
       0
       0
       0
       0
       0
       0
       0
       0
       1
       0
       0
       0
       0
       0
       0
       0
       0
       0
       0
       0
       0
       0
       0
       0
       0
       0
       0
       0
       0
       0
       0
       0
       0
       0
       0
       0
       0
       0
       0
       0
       0
       0
       0
       0
       0
       0
       0
       0
       0
       0
       0
       0
       0
       0
       0
       0
       0
       0
       0
       0
       0
       0
       0
       0
       0
       0
       0
       0
       0
       0
       0
       0
       0
       0
       0
       0
       0
       0
       0
       0
       0
       0
       0
       0
       0
       0
       0
       0
       0
       0
       0
       0
       0
       0
       0
       0
       0
       0
       0
       0
       0
       0
       0
       0
       0
       0
       0
       0
       0
       0
       0
       0
       0
       0
       0
       0
       0
       0
       0
       0
       0
       0
       0
       0
       0
       0
       0
       0
       0
       0
       0
       0
       0
       0
       0
       0
       0
       0
       0
       0
       0
       0
       0
       0
       0
       0
       0
       0
       0
       0
       0
       0
       0
       0
       0
       0
       0
       0
       0
       0
       1
       0
       0
       0
       0
       0
       0
       0
       0
       0
       0
       0
       0
       0
       0
       0
       0
       0
       0
       0
       0
       0
       0
       0
       0
       0
       0
       0
       0
       0
       0
       0
       0
       0
       0
       0
       0
       0
       0
       0
       0
       0
       0
       0
       0
       0
       0
       0
       0
       0
       0
       0
       0
       0
       0
       0
       0
       0
       0
       0
       0
       0
       0
       0
       0
       0
       0
       0
       0
       0
       0
       0
       0
       0
       0
       0
       0
       0
       0
       0
       0
       0
       0
       0
       0
       0
       0
       0
       0
       0
       0
       0
       0
       0
       0
       0
       0
       0
       0
       0
       0
       0
       0
       0
       0
       0
       0
       0
       0
       0
       0
       0
       0
       0
       0
       0
       0
       0
       0
       0
       0
       0
       0
       0
       0
       0
       0
       0
       0
       0
       0
       0
       0
       0
       0
       0
       0
       0
       0
       0
       0
       0
       0
       0
       0
       0
       0
       0
       0
       0
       0
       0
       0
       0
       0
       0
       0
       0
       0
       0
       0
       0
       0
       0
       0
       0
       0
       0
       0
       0
       0
       0
       0
       0
       0
       0
       0
       0
       0
       0
       0
       0
       0
       0
       0
       0
       0
       0
       0
       0
       0
       0
       0
       0
       0
       0
       0
       0
$ROI:
0
$PRESETS:
Real Time
180
0
$ENER_FIT:
0.888569 0.390988
$MCA_CAL:
3
8.885689E-001 3.909876E-001 3.191953E-008 keV
$SHAPE_CAL:
3
0.000000E+000 0.000000E+000 0.000000E+000
