$SPEC_ID:
1
$SPEC_REM:
DET# 2
DETDESC# MCB 130 Normal
AP# Maestro Version 7.01
$DATE_MEA:
10/02/2019 09:13:07
$MEAS_TIM:
176 180
$DATA:
0 8191
       0
       0
       0
       0
       0
       0
       0
       0
       0
       0
       0
       0
       0
       0
       0
       0
       0
       0
       0
       0
       0
       0
       0
       0
       0
       0
      22
     540
     145
      81
     101
     136
     168
     176
     126
     128
     109
     134
     158
     202
     234
     180
     168
     166
     142
     143
     113
     103
     128
     121
     119
     126
     103
     110
      99
     103
     100
      98
     123
     133
     137
      88
     119
     114
     125
     113
     118
     123
     150
     201
     307
     328
     220
     175
     196
     227
     303
     288
     223
     133
     177
     163
     163
     141
     136
     133
     153
     210
     353
     588
     600
     371
     184
     105
     120
     125
     136
     137
     123
     149
     152
     217
     255
     240
     156
     151
     115
     125
      96
     130
     101
     111
     135
     122
     115
     134
     124
     115
     130
     109
     116
     104
     102
     123
     205
     238
     194
     160
     131
     115
     118
     137
     137
     135
     133
     126
     123
     101
     103
     125
     133
     133
     114
     190
     303
     365
     198
     151
     128
     130
     135
     164
     140
     111
     119
     146
     128
     131
     131
     147
     123
     124
     152
     133
     141
     169
     143
     141
     137
     142
     150
     147
     151
     133
     128
     170
     147
     148
     165
     177
     147
     140
     141
     153
     167
     174
     162
     150
     169
     179
     208
     167
     181
     165
     158
     143
     173
     141
     156
     171
     179
     166
     178
     249
     389
     592
     555
     340
     191
     170
     147
     158
     156
     168
     190
     180
     189
     168
     172
     164
     223
     194
     186
     146
     153
     158
     151
     138
     183
     188
     175
     255
     241
     183
     170
     170
     183
     181
     190
     284
     314
     338
     253
     168
     176
     175
     177
     176
     219
     347
     432
     368
     308
     224
     195
     187
     163
     156
     165
     198
     168
     176
     210
     228
     239
     220
     160
     181
     194
     239
     272
     220
     142
     150
     132
     127
     154
     143
     143
     168
     174
     215
     206
     240
     203
     211
     182
     139
     170
     151
     178
     188
     169
     194
     152
     177
     198
     164
     165
     154
     148
     131
     166
     163
     128
     135
     136
     164
     155
     144
     164
     136
     141
     140
     148
     146
     131
     131
     131
     121
     147
     121
     152
     120
     142
     150
     150
     129
     147
     124
     143
     129
     150
     134
     145
     143
     164
     154
     161
     151
     163
     177
     152
     148
     120
     149
     131
     153
     154
     143
     147
     147
     124
     125
     141
     164
     419
    1110
    1735
    1215
     461
     204
     122
     131
     127
     117
     124
     127
     128
     191
     202
     233
     171
     128
     119
     102
     105
     117
     111
     117
     117
     153
     138
     121
     129
     113
     115
     124
     123
     125
     110
     124
     105
     118
     120
      91
     113
     114
     114
     120
     106
      95
     108
     112
     108
     122
     104
     128
     114
     102
     113
     111
     116
     103
     138
     127
     141
     110
     104
     101
     100
      94
     109
     113
     119
     108
     110
     101
     122
     101
      95
     103
      97
      88
      97
      98
     102
      96
     102
     111
      84
     101
      96
      97
     112
     107
      99
     108
     104
      94
     109
     101
     125
     101
      97
      87
      92
      87
      94
     112
     122
     141
     160
     151
      97
     103
      98
      75
      94
     106
      95
      91
     101
      98
      91
      92
      95
     104
      86
      85
      91
      97
      94
     123
      87
      88
      77
      91
      83
      88
      83
      87
      88
      84
      99
      81
      82
      70
      99
      74
      86
      94
      81
      91
      81
      91
      81
      88
      97
      95
      91
      98
      69
      95
      72
      97
      94
      80
      73
      72
      80
      91
      77
      95
      86
      89
     100
      70
      64
      85
      80
      71
      71
      74
      80
      69
      99
      83
      81
      63
      66
      83
      70
      80
      82
      78
      69
      76
      68
      72
      74
      81
      74
      76
      69
      70
      65
      87
      80
      86
      77
      70
      72
      73
      78
      73
      82
      72
      79
      75
      82
      70
      90
      74
      79
      68
      59
      64
      56
      63
     122
     249
     598
     788
     603
     264
     112
      86
      70
      68
      76
      94
      77
      87
      64
      64
      60
      71
      65
      57
      72
      86
      73
      72
      69
      60
      62
      63
      68
      78
      87
      69
      60
      65
      76
      77
      89
      81
      67
      68
      76
      76
      52
      55
      61
      60
      76
      46
      62
      46
      63
      58
      66
      43
      58
     128
     315
     653
     843
     619
     283
      99
      66
      54
      67
      61
      71
      66
      55
      61
      80
      68
      62
      52
      67
      58
      65
      46
      50
      61
      60
      49
      51
      49
      55
      61
      68
      60
      53
      56
      71
      56
      47
      57
      62
      45
      62
      63
      50
      36
      56
      81
      85
      92
      54
      56
      36
      46
      44
      52
      46
      58
      40
      50
      63
      48
      53
      43
      57
      59
      62
      60
      42
      57
      49
      59
      59
      47
      62
      75
      87
      60
      43
      41
      56
      53
      45
      40
      50
      59
      48
      51
      48
      49
      50
      43
      54
      61
      54
      63
      57
      76
      52
      48
      37
      34
      41
      55
      48
      41
      62
      54
      44
      51
      63
      41
      63
     119
     297
     504
     502
     292
     131
      68
      68
      63
      59
      54
      55
      57
      44
      59
      56
      69
      84
      52
      53
      58
      34
      40
      40
      43
      47
      60
      40
      41
      36
      51
      56
      68
      59
      54
      65
      57
      45
      49
      53
      56
      66
      54
      54
      43
      50
      49
      32
      39
      47
      58
      40
      53
      43
      39
      46
      50
      39
      47
      38
      65
      60
      78
      65
      42
      39
      44
      56
      73
      59
      71
      54
      39
      50
      47
      30
      31
      23
      35
      50
      34
      42
      43
      51
      25
      37
      46
      34
      47
      39
      54
      57
      72
      55
      77
      70
      53
      50
      45
      42
      47
      47
      40
      40
      43
      42
      49
      56
      50
      45
      35
      33
      41
      35
      39
      35
      42
      42
      39
      49
      43
      50
      54
      43
      45
      38
      42
      28
      46
      40
      37
      33
      38
      40
      34
      35
      36
      43
      44
      41
      51
      37
      45
      44
      26
      35
      52
      55
      49
      72
      66
      52
      72
      69
      63
      39
      23
      27
      33
      36
      41
      55
      51
      41
      40
      30
      32
      27
      34
      32
      34
      33
      36
      38
      40
      29
      42
      33
      36
      42
      38
      39
      48
      94
     170
     181
     130
      81
      30
      34
      50
      34
      36
      36
      29
      35
      36
      27
      32
      32
      35
      36
      29
      36
      32
      40
      35
      37
      31
      30
      34
      20
      42
      28
      26
      32
      29
      31
      28
      25
      40
      26
      40
      39
      30
      36
      29
      36
      23
      27
      36
      27
      25
      30
      32
      33
      21
      38
      29
      26
      23
      34
      26
      31
      36
      30
      20
      25
      32
      29
      23
      28
      29
      25
      31
      35
      27
      32
      35
      24
      36
      22
      31
       9
      30
      22
      20
      20
      22
      33
      27
      27
      29
      30
      25
      27
      26
      33
      34
      30
      25
      26
      42
      26
      36
      22
      37
      29
      28
      29
      28
      33
      21
      37
      29
      30
      31
      21
      38
      31
      21
      22
      31
      29
      18
      24
      29
      28
      29
      27
      23
      22
      29
      22
      25
      30
      27
      24
      25
      36
      36
      23
      34
      21
      24
      36
      28
      28
      33
      24
      22
      26
      32
      31
      34
      23
      31
      29
      25
      25
      22
      30
      22
      26
      37
      21
      24
      23
      23
      29
      22
      27
      22
      25
      23
      28
      30
      24
      26
      28
      27
      27
      25
      25
      25
      33
      17
      15
      27
      31
      29
      31
      46
      22
      31
      22
      25
      30
      26
      28
      19
      23
      27
      18
      33
      26
      19
      22
      22
      27
      28
      27
      28
      24
      32
      28
      23
      34
      25
      27
      29
      33
      30
      28
      23
      22
      24
      30
      28
      25
      29
      28
      27
      30
      35
      22
      27
      29
      14
      22
      29
      35
      21
      28
      27
      19
      19
      38
      20
      24
      22
      26
      28
      27
      27
      25
      24
      35
      31
      21
      31
      27
      28
      29
      26
      19
      23
      27
      23
      34
      29
      31
      29
      28
      27
      30
      24
      20
      27
      21
      28
      26
      30
      24
      27
      14
      23
      31
      19
      29
      22
      39
      32
      29
      22
      23
      23
      22
      25
      22
      28
      23
      17
      29
      22
      23
      35
      25
      18
      21
      23
      28
      17
      24
      17
      18
      27
      51
      68
      51
      56
      42
      33
      16
      30
      28
      31
      40
      46
      23
      23
      19
      17
      12
      18
      13
      21
      26
      23
      23
      23
      22
      27
      37
      49
      47
      40
      23
      26
      14
      22
      22
      20
      22
      20
      14
      15
      21
      23
      23
      19
      23
      19
      25
      17
      32
      32
      35
      36
      21
      31
      26
      43
      40
      30
      28
      26
      39
      31
      22
      34
      21
      30
      24
      25
      20
      27
      18
      20
      13
      27
      19
      16
      18
      24
      27
      17
      18
      13
      22
      14
      23
      23
      26
      16
      19
      26
      22
      30
      55
      83
      60
      36
      23
      23
      19
      22
      23
      19
      25
      23
      32
      27
      16
      21
      48
     135
     324
     486
     499
     342
     147
      63
      30
      32
      19
      19
      16
      16
      18
      19
      19
      24
      25
      26
      31
      41
      57
      49
      32
      41
      11
      19
      21
      17
      14
      20
      16
      13
      22
      23
      18
      24
      21
      17
      14
      19
      12
      18
      24
      18
      27
      27
      22
      19
      18
      15
      22
      10
      17
      18
      21
      16
      23
      11
      14
      25
      15
      16
      16
      13
      21
      47
      80
      98
      83
      75
      42
      26
      14
      19
      15
      20
      18
      18
      12
      15
      17
       9
      23
      16
      15
      14
      11
      13
      14
       9
       8
      14
      14
      21
       8
      11
      18
      17
       9
      20
      14
      16
      14
      10
      11
       7
      16
      16
      15
      13
      16
      22
      18
      14
      11
      25
      17
       8
       8
      13
      19
      15
      10
      12
      14
      23
      19
      14
      19
      17
      11
       8
      17
       7
       6
      11
      19
      18
      21
      16
      14
      14
       9
      12
      12
      16
      10
      13
      12
      16
      15
      11
      12
      14
       4
      10
      16
      18
      12
      11
      13
      20
      14
      13
      15
      10
      11
      15
      14
       9
       5
       7
       8
      12
       9
       3
       6
       9
      14
       4
      15
       8
      12
      16
      20
      18
      12
      12
      16
      14
      10
      10
      14
      18
      13
      15
       8
      12
       9
       6
      16
      17
      23
      27
      28
      34
      26
      23
       7
       7
      10
      18
      11
       4
       4
       3
      11
      14
      15
       9
       8
       8
      11
      12
       8
      15
      15
      14
      17
       9
      17
      10
      13
      15
      13
      11
      19
      12
       8
      11
       7
      13
       7
      16
       7
      11
      11
      12
       9
      14
       7
       7
       7
       8
      11
      13
      16
      33
      50
      50
      37
      17
      15
      12
       9
       5
       4
       7
      10
      10
      12
      10
      10
       9
      22
      14
      12
      15
      12
      12
      11
      10
      11
       6
       8
       8
       7
       6
      10
       3
       8
      11
       9
       9
       9
       8
       9
       9
      10
       7
       9
       9
       5
      11
       7
       9
       9
       6
       9
      13
      20
      20
      13
      15
      15
      10
      16
      12
       7
       9
      15
       9
      11
       8
       8
       8
      22
      54
     161
     265
     334
     330
     167
      74
      36
      10
      10
       8
       9
      12
       7
       8
      11
       4
      16
      24
      26
      32
      23
      19
      17
      23
      72
     154
     235
     236
     183
     105
      36
      12
      18
      20
      24
      20
      18
      22
      11
      18
       5
       7
      14
      12
       5
       5
       6
       4
       5
       4
       6
       9
       7
      11
       6
       8
       5
       7
       7
       8
       5
       7
       7
       5
       7
       4
      10
       4
       8
      11
      12
      12
       8
       8
       3
       3
       7
       9
       6
       8
       3
      10
       3
       3
       6
       6
       8
      10
       3
       9
       3
       7
       6
       5
       7
       4
       5
       6
       7
       2
       8
       5
       5
       6
      11
       3
       6
       8
       3
       5
       8
       9
       5
      10
       3
       4
       5
       8
      11
       9
       9
       8
       9
       5
      17
      13
      12
      11
       6
       9
       7
       6
       9
       7
       2
       6
      11
       4
       6
       6
       3
      14
       5
       4
       8
       6
      10
       7
       7
       5
       4
       5
       5
       5
       5
       5
       7
       4
       9
       2
      10
       3
       7
      20
      19
      28
      20
      18
      12
      13
      13
      14
      22
       7
      10
      11
      13
      10
      20
      14
      14
       9
       8
       8
      10
       6
       4
       3
       5
       4
       6
       5
       6
       3
       8
       7
      10
       5
       4
       6
       8
       3
       3
       7
       7
       4
       4
       9
      21
      35
      55
      35
      20
      16
       9
       8
      12
      39
     101
     215
     242
     224
     170
      92
      29
      11
       7
       6
       6
       2
       4
       2
       6
      15
       9
       5
      25
      27
      21
      11
      14
      10
       6
       9
       9
      12
       4
       3
       9
       1
       5
       3
       8
      12
      12
      20
      11
       9
       5
       3
       3
       5
       1
       6
       5
       3
       6
       5
       3
       4
       6
       6
       3
       4
       4
       8
       2
      11
      13
       8
       7
       5
       5
       3
      10
       7
       8
       2
       3
       3
       6
      10
      18
      53
     125
     158
     141
     106
      56
      32
      17
       4
      10
       2
       4
       4
       8
      16
      16
      18
      18
       4
       5
       4
       6
       8
       5
       5
       3
       6
      10
       5
      11
       7
       6
       8
       8
       4
       6
       2
       6
       6
       2
       5
       4
       3
       4
       4
       4
       4
       1
       4
       2
       8
       4
       7
       5
       9
       9
       4
      11
       4
       5
       6
       3
       5
       4
       3
       6
       3
       3
       1
       3
       3
       5
       4
       3
       5
       5
       8
       3
       7
       5
       4
       8
       3
       7
      11
      11
       6
       9
       4
       8
       5
       5
       7
       6
       7
       7
       9
       8
       8
      12
      13
       9
      10
      16
      24
      12
       3
       6
       5
       9
       5
       7
      13
      27
      15
      11
       7
       5
       5
       1
       6
       6
       5
       7
       5
       6
       2
       2
       6
       5
       5
       6
       7
       6
       2
       4
       5
       2
       3
       5
       6
       7
       4
       2
       5
       5
       1
       5
       4
       5
       5
       3
       4
       6
       6
       2
       5
       4
       4
       4
       6
       5
       4
       6
       4
       4
       3
       6
       2
       4
       5
       3
       5
       2
       1
       2
       6
       3
       4
       3
       4
       2
       3
       3
       4
       3
       5
       7
       3
       4
       3
       9
       1
       3
       4
       2
       2
       2
       3
       4
       4
       1
       4
       5
      10
      10
       7
      13
       8
       6
       3
       5
       7
       3
       4
      11
       6
       6
      12
       5
       3
       5
       7
       5
       2
       4
       4
       4
       2
       6
       1
       2
       3
       4
       5
       7
       4
       3
       5
       2
       3
       4
       7
       6
       9
       8
       5
       5
       8
       8
       5
       6
       2
       3
       6
       2
       1
       4
       1
       2
       4
       3
      12
      14
      17
      13
      24
      20
       6
      10
       4
       5
       6
       8
      17
       5
      13
      16
      10
       3
       8
       3
       0
       4
       3
       4
       2
       5
       2
       3
       3
       1
       6
       3
       2
       4
       5
       5
       7
       6
       4
       8
       8
       6
       5
       6
       3
       7
       1
       5
       1
       4
       3
       4
       1
       4
       4
       4
       4
       5
       0
       1
       7
       3
       5
       6
       7
       5
       1
       8
       3
       5
       4
       5
       1
       3
       1
       3
       4
       5
       3
       3
       2
       4
       1
       2
       2
       2
       3
       2
       4
       5
       4
       4
       7
       8
       9
       9
       6
       6
       2
       3
       2
       3
       3
       4
       5
       1
       3
       4
       2
       1
       3
       5
       3
       3
       8
       5
       4
       5
       3
       2
       5
       4
       0
       2
       5
       4
       4
       3
       5
       2
       5
      11
       6
       6
       8
       2
       6
       2
       8
       3
       2
       5
       7
       2
       0
       5
       2
       2
       4
       3
       3
       7
       3
       7
       5
       6
       4
       2
       4
       2
       8
       1
       1
       3
       2
       1
       2
       1
       1
       4
       0
       3
       1
       4
       4
       5
       2
       1
       4
       8
       3
       0
       7
       5
       2
       0
       7
       3
       4
       3
       2
       7
       2
       2
       4
       3
       0
       3
       1
       4
       5
       7
       2
       8
      10
      20
      35
      28
      25
      13
       4
       5
       2
       5
       2
       1
       5
       3
       2
       0
       2
       4
       1
       5
       6
       3
       5
       7
       2
       5
       2
       5
       3
       9
      11
       9
      10
       8
       9
       6
       4
       5
       4
      11
       4
       7
       1
       4
       5
       0
       2
       2
       2
       2
       1
       1
       4
       5
       3
       0
       2
       2
       1
       5
       4
       1
       4
       2
       2
       2
       2
       2
       1
       1
       2
       3
       1
       1
       0
       3
       4
       4
       1
       4
       2
       0
       1
       4
       1
       3
       3
       0
       4
       4
       5
       2
       2
       3
       1
       3
       0
       3
       2
       0
       3
       3
       1
       1
       3
       4
       1
       6
       1
       0
       3
       5
       2
       3
       1
       1
       1
       5
       1
       3
       3
       7
       3
       0
       1
       8
       5
       3
       6
       1
       0
       2
       0
       4
       0
       2
       4
       4
       2
       2
       2
       3
       1
       3
       3
       3
       3
       0
       3
       3
       1
       0
       0
       2
       5
       2
       1
       2
       4
       1
       2
       0
       1
       2
       4
       1
       3
       4
       3
       2
       6
       3
       1
      10
       6
       3
       3
       7
      13
      15
      27
      27
      30
      18
       8
       5
       5
       2
       1
       5
       3
       1
       3
       3
       3
       1
       2
       3
       3
       1
       2
       2
       1
       0
       2
       3
       4
       1
       3
       5
       2
       5
       1
       3
       6
       5
       3
       4
       4
       5
       3
       1
       4
       5
       3
       5
       1
       1
       1
       1
       1
       0
       1
       4
       2
       3
       2
       2
       2
       3
       3
       1
       1
       4
       2
       3
       5
       1
       2
       2
       1
       1
       2
       2
       0
       1
       4
       3
       3
       0
       3
       4
       2
       1
       3
       2
       1
       2
       1
       6
       2
       3
       4
       4
       1
       1
       5
       1
       0
       2
       3
       0
       2
       5
       2
       3
       0
       2
       0
       1
       1
       3
       2
       4
       2
       1
       2
       1
       0
       3
       3
       3
       2
       3
       6
       1
       4
       1
       4
       1
       3
       3
       0
       2
       1
       1
       2
       2
       1
       4
       1
       3
       4
       2
       0
       4
       1
       1
       5
       4
       4
       1
       2
       4
       4
       2
       1
       2
       4
       3
       3
       3
       2
       6
       0
       3
       3
       2
       1
       1
       3
       1
       2
       2
       3
       3
       1
       3
       1
       3
       3
       4
       1
       2
       2
       1
       2
       0
       1
       4
       3
       2
       3
       2
       2
       6
       2
       1
       0
       5
       0
       2
       2
       2
       1
       2
       4
       5
       1
       3
       1
       2
       4
       3
       3
       1
       1
       1
       4
       2
       3
       4
       4
       1
       4
       3
       1
       1
       3
       4
       4
       2
       3
       4
       1
       0
       0
       4
       2
       1
       0
       0
       2
       2
       4
       2
       6
       9
      12
       3
       6
       3
       0
       2
       3
       1
       5
       3
       7
       3
       4
       1
       4
       3
       1
       1
       3
       1
       5
       0
       0
       1
       2
       2
       7
       5
       6
       5
       3
       5
       0
       2
       1
       3
       4
       0
       3
       5
       7
       6
       3
       2
       2
       2
       1
       1
       1
       0
       1
       0
       6
       3
       3
       4
       1
       6
       1
       6
       4
       1
       2
       2
       2
       3
       4
       1
       5
       6
       6
       3
       2
       3
       1
       2
       2
       1
       2
       1
       1
       1
       1
       2
       2
       6
       3
       3
       4
       3
       4
       0
       1
       1
       1
       2
       2
       2
       3
       2
       3
       3
       5
       1
       3
       3
       0
       0
       0
       3
       5
       6
       3
       4
       2
       0
       1
       2
       2
       3
       2
       0
       4
       1
       2
       3
       1
       3
       2
       0
       1
       6
       3
       6
      12
       9
       4
       4
       3
       1
       1
       3
       1
       3
       1
       5
       4
      11
       6
       4
       2
       0
       2
       2
       1
       1
       1
       1
       0
       2
       3
       1
       2
       3
       3
       2
       4
       0
       3
       3
       3
       1
       2
       0
       0
       1
       4
       3
       2
       0
       1
       3
       0
       2
       0
       2
       2
       6
       2
       2
       3
       0
       1
       1
       2
       1
       3
       2
       2
       4
       5
       2
       3
       3
       1
       2
       4
       1
       4
       3
       0
       1
       1
       2
       2
       0
       8
       3
       1
       2
       5
       2
       2
       5
       2
       1
       4
       1
       2
       0
       0
       4
       3
       3
       0
       2
       3
       1
       0
       0
       2
       2
       1
       2
       4
       1
       2
       2
       1
       2
       2
       2
       1
       3
       1
       2
       3
       3
       0
       0
       2
       1
       0
       2
       0
       0
       1
       1
       0
       1
       1
       1
       3
       0
       4
       1
       1
       2
       3
       2
       0
       2
       1
       1
       1
       0
       4
       3
       5
       2
       0
       1
       3
       1
       2
       3
       5
       0
       4
       4
       2
       3
       4
       1
       1
       3
       1
       4
       0
       1
       4
       2
       2
       0
       3
       2
       0
       1
       1
       5
       1
       1
       1
       3
       2
       0
       3
       5
       0
       1
       2
       2
       0
       2
       1
       3
       0
       1
       2
       1
       1
       0
       1
       1
       0
       1
       2
       0
       2
       2
       2
       3
       1
       2
       4
       2
       4
       9
       4
       9
       7
       4
       1
       2
       0
       3
       2
       4
       1
       3
       0
       4
       2
       1
       1
       1
       0
       1
       1
       0
       1
       2
       1
       1
       0
       2
       3
       4
       1
       5
       2
       2
       2
       3
       2
       2
       1
       0
       4
       4
       0
       1
       0
       1
       1
       2
       2
       0
       0
       0
       1
       4
       2
       2
       0
       3
       6
       1
       1
       2
       2
       1
       2
       2
       1
       0
       1
       3
       3
       2
       2
       2
       3
       3
       6
       2
       2
       5
       1
       0
       2
       1
       1
       1
       0
       3
       4
       0
       4
       3
       0
       6
       5
       6
       5
      11
       6
       4
       3
       0
       1
       1
       1
       1
       0
       0
       1
       1
       1
       2
       3
       1
       3
       1
       1
       1
       3
       1
       0
       0
       2
       1
       1
       1
       1
       2
       2
       2
       0
       2
       2
       0
       1
       3
       0
       2
       0
       1
       1
       1
       1
       1
       2
       0
       0
       2
       3
       0
       3
       1
       1
       1
       1
       1
       0
       3
       1
       1
       1
       1
       1
       3
       1
       1
       1
       2
       3
       0
       1
       2
       1
       1
       0
       0
       0
       2
       0
       3
       5
       0
       6
       6
       6
       4
       7
       2
       0
       3
       1
       1
       1
       1
       3
       1
       1
       1
       0
       1
       1
       2
       1
       1
       1
       0
       0
       1
       1
       2
       0
       3
       2
       0
       1
       3
       0
       1
       1
       3
       0
       1
       0
       0
       1
       1
       2
       1
       1
       1
       1
       0
       1
       2
       2
       2
       3
       1
       2
       0
       1
       3
       1
       1
       0
       1
       1
       0
       1
       4
       1
       2
       0
       0
       0
       2
       3
       1
       3
       2
       0
       3
       3
       1
       4
       3
       2
       1
       2
       2
       2
       1
       1
       0
       2
       2
       2
       1
       1
       0
       2
       1
       2
       4
       5
       0
       4
       1
       2
       0
       3
       1
       0
       1
       2
       2
       1
       3
       0
       4
       1
       0
       0
       1
       1
       1
       0
       0
       2
       3
       3
       1
       2
       0
       0
       1
       0
       0
       3
       1
       0
       1
       0
       1
       0
       1
       2
       0
       1
       0
       1
       1
       0
       0
       0
       2
       1
       1
       3
       0
       1
       2
       0
       1
       1
       1
       0
       0
       2
       2
       2
       8
       5
       7
       5
      12
       2
       6
       3
       1
       1
       2
       0
       0
       1
       3
       1
       2
       3
       1
       2
       1
       1
       1
       1
       0
       0
       3
       0
       0
       1
       2
       1
       1
       0
       2
       3
       2
       1
       0
       1
       0
       1
       2
       2
       1
       1
       1
       0
       1
       1
       2
       1
       1
       0
       0
       1
       0
       1
       0
       1
       2
       0
       3
       1
       2
       0
       0
       1
       0
       1
       1
       0
       3
       1
       1
       2
       0
       2
       1
       1
       1
       0
       0
       1
       0
       2
       2
       1
       0
       0
       2
       0
       0
       2
       0
       0
       0
       4
       1
       0
       1
       4
       1
       1
       0
       0
       1
       0
       2
       2
       2
       5
       3
       0
       4
       2
       2
       2
       2
       1
       1
       1
       0
       0
       0
       0
       0
       0
       0
       2
       3
       0
       1
       0
       1
       2
       0
       1
       0
       1
       2
       0
       2
       0
       1
       0
       1
       1
       0
       0
       0
       1
       3
       3
       3
       3
       3
       7
       4
      15
      24
      21
      24
      14
      11
      10
       5
       0
       2
       0
       1
       2
       1
       1
       0
       0
       0
       0
       0
       1
       1
       0
       0
       1
       0
       0
       1
       0
       0
       0
       1
       0
       0
       0
       2
       1
       0
       1
       0
       0
       0
       0
       1
       1
       0
       1
       0
       0
       0
       0
       1
       0
       0
       0
       0
       1
       1
       0
       0
       0
       1
       1
       0
       0
       1
       2
       1
       0
       0
       0
       0
       1
       0
       2
       0
       2
       0
       0
       0
       0
       0
       0
       1
       0
       3
       0
       0
       0
       0
       1
       0
       0
       1
       0
       0
       1
       0
       1
       0
       0
       1
       1
       1
       0
       0
       0
       0
       0
       2
       0
       0
       2
       0
       0
       0
       0
       0
       0
       0
       0
       0
       0
       1
       0
       1
       0
       0
       1
       0
       1
       0
       1
       1
       2
       0
       0
       0
       0
       0
       0
       1
       1
       1
       1
       2
       0
       0
       0
       0
       1
       1
       0
       2
       1
       1
       1
       4
       0
       0
       1
       0
       2
       0
       1
       0
       0
       1
       0
       0
       2
       0
       1
       0
       0
       0
       1
       0
       1
       0
       0
       2
       0
       1
       1
       0
       1
       0
       0
       0
       1
       0
       1
       0
       0
       0
       0
       1
       1
       1
       0
       1
       0
       2
       1
       2
       3
       1
       1
       0
       0
       0
       0
       0
       0
       0
       1
       0
       0
       0
       0
       0
       2
       0
       0
       0
       1
       0
       0
       0
       1
       1
       0
       1
       0
       0
       1
       0
       0
       0
       1
       0
       0
       0
       0
       0
       0
       0
       1
       0
       0
       0
       1
       0
       1
       0
       0
       0
       0
       0
       0
       0
       0
       1
       0
       0
       0
       0
       0
       3
       1
       0
       0
       0
       0
       0
       0
       0
       0
       0
       0
       2
       0
       0
       0
       0
       0
       0
       1
       1
       0
       1
       1
       0
       0
       0
       0
       0
       0
       0
       0
       0
       1
       0
       1
       0
       0
       0
       0
       0
       0
       0
       0
       0
       0
       0
       0
       2
       0
       0
       0
       0
       1
       0
       0
       0
       2
       1
       0
       0
       0
       0
       0
       0
       2
       0
       2
       0
       1
       0
       0
       2
       2
       2
       7
       8
      13
      18
      23
      19
      18
      17
      11
      13
       4
       2
       2
       1
       1
       0
       0
       0
       0
       0
       0
       0
       0
       0
       0
       0
       0
       0
       0
       1
       0
       0
       0
       0
       0
       0
       0
       1
       1
       0
       0
       0
       1
       0
       0
       0
       0
       1
       2
       0
       0
       0
       0
       0
       0
       1
       0
       1
       0
       0
       0
       1
       0
       2
       1
       0
       0
       1
       0
       0
       1
       0
       0
       0
       1
       0
       0
       1
       0
       0
       1
       1
       0
       0
       0
       1
       0
       1
       0
       0
       1
       0
       0
       1
       0
       0
       1
       1
       0
       0
       1
       0
       0
       0
       0
       0
       0
       0
       0
       0
       0
       0
       0
       1
       0
       0
       1
       0
       1
       0
       0
       2
       1
       0
       0
       0
       0
       1
       0
       0
       2
       0
       0
       0
       0
       1
       0
       1
       0
       1
       0
       0
       0
       1
       1
       1
       0
       0
       0
       0
       0
       0
       0
       0
       0
       0
       0
       0
       0
       2
       0
       0
       0
       0
       0
       0
       0
       0
       0
       0
       1
       0
       0
       1
       3
       0
       1
       0
       0
       0
       0
       0
       0
       0
       0
       0
       0
       0
       0
       0
       0
       3
       1
       1
       0
       0
       1
       0
       0
       0
       0
       1
       0
       0
       0
       2
       0
       0
       0
       0
       0
       0
       0
       0
       0
       1
       0
       1
       0
       0
       1
       0
       0
       0
       1
       0
       0
       1
       0
       1
       0
       0
       0
       0
       0
       2
       0
       0
       2
       0
       0
       0
       0
       0
       0
       0
       0
       1
       0
       0
       0
       0
       0
       0
       0
       0
       1
       1
       0
       0
       0
       0
       0
       0
       1
       0
       0
       0
       0
       0
       0
       0
       1
       0
       1
       0
       1
       0
       0
       0
       0
       0
       0
       0
       0
       0
       0
       0
       1
       0
       0
       1
       0
       0
       0
       0
       0
       0
       0
       1
       0
       1
       0
       1
       0
       0
       0
       0
       1
       0
       0
       1
       0
       0
       0
       0
       0
       0
       0
       0
       0
       0
       1
       0
       0
       0
       0
       1
       0
       0
       0
       0
       0
       0
       0
       0
       0
       0
       0
       1
       0
       0
       0
       0
       0
       2
       0
       0
       1
       1
       0
       1
       1
       0
       0
       1
       1
       1
       0
       0
       0
       0
       1
       1
       1
       0
       0
       0
       0
       0
       0
       0
       0
       0
       0
       0
       0
       0
       0
       0
       0
       1
       0
       0
       1
       0
       0
       1
       0
       0
       0
       0
       0
       0
       1
       0
       1
       0
       3
       1
       1
       2
       1
       2
       0
       1
       0
       0
       0
       0
       0
       1
       0
       3
       0
       0
       0
       0
       2
       1
       0
       0
       0
       0
       1
       0
       0
       0
       0
       0
       0
       0
       1
       2
       1
       4
       3
       1
       4
       1
       1
       0
       1
       1
       0
       0
       0
       0
       0
       1
       1
       0
       0
       0
       0
       0
       0
       0
       0
       0
       0
       0
       0
       0
       1
       0
       1
       0
       0
       1
       0
       0
       0
       0
       0
       1
       1
       0
       0
       0
       0
       0
       0
       0
       0
       0
       1
       0
       0
       0
       0
       0
       0
       0
       0
       1
       0
       0
       0
       1
       0
       0
       0
       1
       0
       1
       1
       0
       1
       0
       0
       1
       0
       0
       0
       0
       0
       0
       0
       0
       0
       0
       0
       0
       0
       1
       1
       1
       0
       0
       0
       0
       1
       0
       0
       0
       0
       0
       1
       0
       0
       0
       0
       0
       0
       0
       0
       0
       0
       0
       0
       0
       0
       0
       0
       0
       0
       0
       0
       0
       1
       0
       0
       1
       0
       0
       0
       0
       0
       1
       0
       0
       0
       0
       0
       0
       0
       0
       0
       0
       0
       0
       0
       0
       0
       0
       0
       0
       0
       0
       0
       0
       1
       0
       0
       0
       0
       0
       1
       1
       0
       0
       0
       0
       0
       1
       1
       1
       1
       0
       0
       0
       0
       0
       0
       0
       0
       0
       0
       0
       0
       0
       0
       1
       1
       1
       0
       0
       0
       0
       0
       1
       0
       0
       2
       0
       0
       1
       0
       0
       0
       0
       0
       0
       0
       0
       0
       1
       1
       1
       0
       0
       0
       0
       1
       0
       0
       0
       0
       0
       0
       1
       0
       0
       1
       0
       0
       0
       0
       0
       0
       1
       0
       0
       0
       0
       0
       0
       0
       0
       0
       0
       0
       0
       0
       0
       0
       1
       0
       0
       0
       0
       0
       1
       0
       0
       0
       0
       0
       0
       0
       0
       0
       0
       0
       0
       0
       0
       0
       0
       1
       0
       0
       1
       0
       0
       0
       0
       0
       0
       0
       0
       0
       0
       0
       0
       0
       0
       0
       0
       0
       0
       0
       0
       1
       0
       0
       0
       0
       0
       0
       0
       0
       0
       0
       0
       0
       0
       0
       0
       0
       0
       1
       0
       0
       0
       0
       0
       0
       0
       0
       0
       0
       0
       0
       0
       0
       0
       0
       0
       1
       0
       0
       0
       0
       0
       0
       0
       0
       0
       0
       0
       0
       0
       0
       0
       0
       0
       0
       0
       0
       0
       0
       0
       0
       0
       0
       1
       0
       0
       0
       0
       1
       0
       0
       0
       1
       0
       0
       0
       0
       0
       0
       0
       0
       0
       0
       0
       0
       0
       0
       0
       2
       1
       1
       2
       0
       2
       0
       3
       0
       0
       0
       1
       0
       1
       0
       1
       2
       2
       0
       0
       0
       1
       0
       0
       0
       0
       0
       0
       0
       0
       0
       0
       0
       0
       0
       0
       0
       0
       1
       0
       0
       0
       0
       0
       0
       0
       0
       0
       1
       0
       1
       0
       0
       0
       0
       0
       1
       0
       0
       0
       0
       0
       0
       0
       0
       0
       0
       0
       0
       0
       0
       0
       0
       1
       0
       0
       1
       0
       0
       0
       0
       0
       0
       0
       0
       0
       0
       0
       0
       0
       0
       0
       0
       0
       0
       0
       0
       0
       0
       0
       0
       0
       0
       0
       0
       0
       0
       0
       0
       0
       0
       0
       0
       0
       0
       0
       0
       0
       0
       0
       0
       0
       1
       0
       0
       0
       0
       0
       1
       1
       0
       0
       0
       0
       0
       0
       0
       0
       0
       0
       0
       0
       0
       0
       0
       0
       0
       0
       0
       0
       0
       0
       0
       0
       0
       0
       1
       0
       0
       0
       0
       0
       0
       1
       0
       0
       0
       0
       0
       0
       0
       0
       0
       0
       0
       0
       0
       1
       0
       0
       0
       0
       0
       0
       0
       0
       0
       0
       0
       0
       0
       0
       0
       0
       0
       0
       0
       0
       0
       0
       0
       1
       0
       0
       0
       0
       0
       0
       0
       1
       0
       0
       0
       1
       0
       0
       2
       0
       1
       0
       0
       0
       1
       2
       1
       0
       0
       0
       0
       1
       0
       0
       0
       0
       0
       0
       1
       0
       0
       0
       1
       0
       1
       0
       0
       0
       0
       0
       0
       0
       0
       0
       0
       0
       1
       0
       0
       0
       0
       0
       0
       0
       0
       0
       0
       0
       0
       0
       0
       0
       0
       0
       0
       0
       0
       0
       0
       0
       0
       0
       0
       0
       0
       0
       0
       0
       0
       0
       0
       1
       1
       0
       0
       0
       0
       0
       0
       0
       0
       0
       0
       0
       0
       0
       0
       0
       0
       0
       0
       0
       0
       0
       0
       0
       0
       0
       0
       0
       0
       0
       0
       0
       0
       0
       0
       0
       0
       0
       0
       0
       0
       0
       0
       0
       0
       0
       0
       0
       0
       0
       1
       0
       0
       0
       0
       0
       0
       0
       0
       0
       0
       0
       0
       0
       0
       0
       0
       0
       0
       0
       0
       0
       0
       0
       0
       2
       0
       0
       0
       0
       1
       0
       0
       0
       0
       1
       0
       0
       0
       0
       0
       0
       0
       0
       0
       0
       0
       0
       0
       0
       0
       0
       0
       0
       0
       0
       2
       0
       0
       0
       0
       0
       0
       0
       0
       0
       0
       0
       0
       0
       0
       0
       0
       0
       0
       0
       0
       0
       0
       0
       0
       0
       0
       0
       0
       0
       1
       0
       0
       0
       0
       0
       0
       1
       0
       0
       0
       0
       0
       1
       1
       1
       0
       0
       0
       0
       0
       0
       0
       0
       0
       0
       1
       0
       0
       0
       0
       0
       0
       0
       0
       0
       0
       2
       0
       0
       0
       0
       0
       0
       0
       0
       0
       2
       0
       0
       0
       0
       0
       0
       0
       1
       1
       0
       2
       0
       0
       0
       0
       0
       0
       0
       0
       0
       0
       0
       0
       0
       0
       1
       0
       1
       0
       0
       0
       0
       1
       0
       0
       0
       0
       0
       0
       0
       0
       0
       0
       0
       0
       1
       0
       1
       0
       0
       1
       0
       0
       0
       0
       0
       0
       0
       0
       0
       0
       0
       1
       0
       0
       0
       0
       0
       0
       0
       0
       0
       0
       0
       0
       0
       0
       0
       0
       0
       0
       0
       0
       0
       0
       0
       0
       0
       0
       0
       1
       0
       1
       0
       0
       0
       0
       0
       0
       0
       0
       0
       0
       0
       0
       0
       0
       0
       1
       0
       0
       0
       0
       0
       0
       0
       0
       0
       0
       0
       0
       0
       0
       0
       0
       0
       0
       0
       0
       0
       0
       0
       0
       0
       0
       0
       0
       0
       0
       1
       0
       0
       0
       0
       0
       0
       0
       0
       0
       1
       0
       0
       0
       0
       1
       0
       0
       0
       0
       0
       0
       0
       0
       0
       0
       0
       0
       0
       0
       0
       0
       0
       0
       0
       0
       0
       0
       0
       0
       0
       0
       0
       0
       1
       2
       0
       1
       0
       0
       0
       0
       0
       0
       0
       0
       0
       0
       0
       0
       0
       0
       0
       0
       1
       0
       0
       0
       0
       0
       0
       0
       0
       0
       1
       1
       0
       0
       0
       0
       1
       0
       0
       0
       0
       0
       0
       0
       0
       0
       0
       0
       0
       0
       0
       0
       0
       0
       0
       0
       0
       0
       0
       0
       0
       0
       1
       0
       1
       0
       0
       0
       0
       0
       0
       0
       0
       0
       0
       0
       0
       0
       0
       0
       0
       0
       3
       0
       2
       0
       0
       0
       2
       0
       0
       1
       0
       0
       0
       0
       0
       0
       0
       0
       0
       0
       0
       0
       0
       0
       0
       0
       0
       0
       0
       0
       0
       0
       0
       0
       0
       0
       0
       0
       0
       0
       1
       0
       0
       0
       0
       0
       0
       1
       0
       0
       0
       0
       0
       0
       0
       0
       0
       0
       1
       0
       0
       0
       0
       0
       0
       0
       0
       0
       0
       0
       0
       0
       0
       0
       0
       1
       0
       0
       0
       0
       0
       0
       0
       0
       0
       0
       0
       0
       0
       0
       0
       0
       0
       0
       0
       0
       0
       0
       0
       0
       0
       0
       0
       0
       0
       0
       0
       1
       0
       0
       1
       0
       0
       0
       0
       0
       0
       0
       0
       0
       0
       0
       0
       0
       0
       0
       0
       0
       0
       0
       0
       0
       0
       0
       0
       0
       0
       0
       0
       0
       0
       0
       0
       0
       0
       0
       0
       0
       0
       0
       0
       0
       0
       0
       0
       0
       1
       0
       0
       0
       0
       0
       0
       0
       0
       0
       0
       0
       0
       0
       0
       0
       0
       1
       0
       0
       0
       0
       0
       0
       0
       0
       0
       0
       0
       0
       0
       0
       0
       0
       0
       0
       0
       0
       0
       0
       0
       0
       0
       0
       0
       0
       0
       0
       0
       0
       0
       0
       0
       0
       0
       0
       0
       0
       0
       0
       0
       0
       1
       0
       0
       0
       0
       0
       0
       0
       0
       0
       1
       0
       0
       0
       0
       0
       0
       0
       0
       0
       0
       0
       1
       0
       0
       0
       0
       0
       0
       0
       0
       0
       0
       0
       0
       0
       0
       0
       0
       0
       0
       0
       0
       0
       0
       0
       0
       1
       0
       0
       0
       0
       0
       0
       0
       0
       0
       0
       0
       0
       0
       0
       0
       0
       0
       1
       0
       0
       0
       0
       0
       0
       1
       0
       0
       0
       1
       0
       0
       0
       0
       0
       0
       1
       0
       0
       0
       0
       0
       0
       1
       0
       0
       0
       0
       0
       0
       0
       0
       0
       0
       0
       0
       0
       0
       0
       0
       0
       0
       0
       0
       0
       0
       0
       0
       0
       1
       0
       0
       0
       0
       0
       0
       0
       0
       0
       0
       1
       1
       0
       0
       1
       1
       0
       0
       0
       0
       0
       0
       0
       0
       0
       0
       0
       0
       1
       0
       0
       0
       0
       0
       0
       0
       0
       0
       0
       0
       0
       0
       0
       0
       0
       0
       0
       0
       1
       1
       0
       1
       0
       0
       0
       0
       0
       0
       0
       0
       0
       0
       0
       0
       0
       0
       0
       0
       0
       0
       0
       0
       0
       0
       0
       0
       0
       0
       0
       0
       0
       0
       0
       0
       0
       0
       0
       0
       0
       0
       0
       0
       0
       0
       0
       0
       0
       0
       1
       0
       0
       0
       0
       0
       0
       0
       0
       0
       0
       0
       1
       0
       0
       0
       0
       0
       1
       1
       0
       0
       0
       0
       0
       0
       0
       0
       0
       0
       0
       0
       0
       0
       1
       0
       1
       1
       0
       0
       1
       0
       0
       0
       0
       0
       0
       0
       0
       1
       0
       0
       0
       0
       0
       0
       0
       0
       0
       0
       0
       0
       0
       0
       0
       0
       0
       0
       1
       0
       0
       0
       1
       0
       0
       0
       1
       0
       0
       0
       0
       0
       0
       0
       0
       0
       0
       0
       0
       0
       0
       0
       1
       0
       0
       0
       0
       0
       0
       0
       0
       0
       0
       0
       0
       0
       0
       0
       0
       0
       0
       0
       0
       0
       0
       0
       0
       0
       0
       0
       0
       0
       0
       0
       0
       0
       0
       0
       0
       0
       0
       0
       0
       0
       0
       0
       0
       0
       0
       0
       0
       0
       0
       0
       0
       0
       0
       0
       0
       0
       0
       0
       0
       0
       0
       0
       0
       0
       0
       0
       1
       0
       0
       0
       0
       0
       0
       0
       0
       0
       0
       0
       0
       0
       1
       0
       0
       0
       0
       0
       0
       0
       0
       0
       0
       0
       0
       1
       0
       0
       0
       0
       0
       0
       1
       0
       0
       0
       1
       0
       0
       0
       0
       0
       0
       0
       0
       0
       0
       0
       0
       1
       0
       0
       0
       0
       0
       0
       0
       0
       0
       0
       1
       0
       0
       0
       0
       0
       0
       0
       0
       0
       0
       0
       0
       0
       0
       0
       0
       0
       0
       0
       0
       0
       0
       0
       0
       0
       0
       0
       0
       1
       0
       1
       0
       0
       0
       0
       0
       0
       0
       0
       0
       0
       0
       0
       0
       0
       0
       0
       0
       0
       0
       0
       0
       0
       0
       0
       0
       0
       0
       0
       0
       0
       0
       0
       0
       0
       0
       0
       0
       0
       0
       0
       0
       0
       0
       0
       0
       0
       0
       1
       0
       0
       0
       0
       0
       0
       0
       0
       0
       0
       0
       0
       0
       0
       0
       0
       0
       0
       0
       0
       0
       1
       0
       0
       0
       0
       0
       0
       0
       0
       0
       0
       0
       0
       0
       0
       0
       0
       0
       0
       0
       0
       0
       0
       0
       0
       0
       0
       0
       0
       0
       0
       0
       0
       0
       0
       0
       0
       0
       0
       0
       0
       0
       0
       0
       0
       0
       0
       0
       0
       0
       0
       1
       0
       0
       1
       0
       1
       0
       0
       0
       0
       1
       0
       0
       0
       0
       0
       0
       0
       0
       0
       0
       0
       0
       0
       0
       0
       0
       1
       0
       0
       0
       0
       0
       0
       0
       0
       0
       0
       0
       0
       0
       0
       0
       0
       0
       0
       0
       0
       0
       0
       0
       0
       0
       0
       0
       0
       0
       0
       0
       0
       0
       0
       0
       0
       0
       0
       0
       0
       0
       0
       0
       0
       0
       0
       0
       0
       0
       0
       0
       0
       0
       0
       0
       0
       0
       0
       1
       0
       0
       0
       0
       0
       0
       0
       0
       0
       0
       0
       0
       0
       0
       0
       0
       0
       0
       0
       0
       0
       0
       0
       0
       0
       0
       0
       0
       0
       0
       0
       0
       0
       0
       0
       0
       0
       0
       0
       0
       0
       0
       0
       0
       0
       0
       0
       0
       0
       0
       0
       0
       0
       0
       0
       0
       0
       0
       0
       0
       0
       0
       0
       0
       0
       0
       0
       0
       0
       0
       0
       0
       0
       0
       0
       0
       0
       0
       0
       0
       0
       0
       0
       0
       0
       0
       0
       0
       0
       0
       0
       0
       0
       0
       0
       0
       0
       0
       0
       0
       0
       0
       0
       0
       0
       0
       0
       0
       0
       0
       0
       0
       0
       0
       0
       0
       0
       0
       0
       0
       0
       0
       0
       0
       0
       0
       0
       0
       0
       0
       0
       0
       0
       0
       0
       0
       0
       0
       0
       0
       0
       0
       0
       0
       0
       0
       0
       0
       0
       0
       0
       0
       1
       1
       0
       1
       1
       2
       3
       3
       0
       2
       2
       0
       0
       0
       0
       1
       0
       0
       0
       0
       0
       0
       0
       0
       0
       0
       0
       0
       0
       0
       0
       0
       0
       0
       0
       0
       0
       0
       0
       0
       0
       0
       0
       0
       0
       0
       0
       0
       0
       0
       0
       0
       0
       0
       0
       0
       0
       0
       0
       0
       0
       0
       0
       0
       0
       0
       0
       0
       0
       0
       0
       0
       0
       0
       0
       0
       0
       0
       0
       0
       0
       0
       0
       0
       0
       0
       0
       0
       0
       0
       0
       0
       0
       0
       0
       0
       0
       0
       0
       0
       0
       0
       0
       0
       0
       0
       0
       0
       0
       0
       0
       0
       0
       0
       0
       0
       0
       0
       0
       0
       0
       0
       0
       0
       0
       0
       0
       0
       0
       0
       0
       0
       0
       0
       0
       0
       0
       0
       0
       0
       0
       0
       0
       0
       0
       0
       0
       0
       0
       0
       0
       0
       0
       0
       0
       0
       0
       0
       0
       0
       0
       0
       0
       0
       0
       0
       0
       0
       0
       0
       0
       0
       0
       0
       0
       0
       0
       0
       0
       0
       0
       0
       0
       0
       0
       0
       0
       0
       0
       0
       0
       0
       0
       0
       0
       0
       0
       0
       0
       0
       0
       0
       0
       0
       0
       0
       0
       0
       0
       0
       0
       0
       0
       0
       0
       0
       0
       0
       0
       0
       0
       0
       0
       0
       0
       0
       0
       0
       0
       0
       0
       0
       0
       0
       0
       0
       0
       0
       0
       0
       0
       0
       0
       0
       0
       0
       0
       0
       0
       0
       0
       0
       0
       0
       0
       0
       0
       0
       0
       0
       0
       0
       0
       0
       0
       0
       0
       0
       0
       0
       0
       0
       0
       0
       0
       0
       0
       0
       0
       0
       0
       0
       0
       0
       0
       0
       0
       0
       0
       0
       0
       0
       0
       0
       0
       0
       0
       0
       0
       0
       0
       0
       0
       0
       0
       0
       0
       0
       0
       0
       0
       0
       0
       0
       0
       0
       0
       0
       0
       0
       0
       0
       0
       0
       0
       0
       0
       0
       0
       0
       0
       0
       0
       0
       0
       0
       0
       0
       0
       0
       0
       0
       0
       0
       0
       0
       0
       0
       0
       0
       0
       0
       0
       0
       0
       0
       0
       0
       0
       0
       0
       0
       0
       0
       0
       0
       0
       0
       0
       0
       0
       0
       0
       0
       0
       0
       0
       0
       0
       0
       0
       0
       0
       0
       0
       0
       0
       0
       0
       0
       0
       0
       0
       0
       0
       0
       0
       0
       0
       0
       0
       0
       0
       0
       0
       0
       0
       0
       0
       1
       0
       0
       0
       0
       0
       0
       0
       0
       0
       0
       0
       0
       0
       0
       0
       0
       0
       0
       0
       0
       0
       0
       0
       0
       0
       0
       0
       0
       0
       0
       0
       0
       0
       0
       0
       0
       0
       0
       0
       0
       0
       0
       0
       0
       0
       0
       0
       0
       0
       0
       0
       0
       0
       0
       0
       0
       0
       0
       0
       0
       0
       0
       0
       0
       0
       0
       0
       0
       0
       0
       0
       0
       0
       0
       0
       0
       0
       0
       0
       0
       0
       0
       0
       0
       0
       0
       0
       0
       0
       0
       0
       0
       0
       0
       0
       0
       0
       0
       0
       0
       0
       0
       0
       0
       0
       0
       0
       0
       0
       0
       0
       0
       0
       0
       0
       0
       0
       0
       0
       0
       0
       0
       0
       0
       0
       0
       0
       0
       0
       0
       0
       0
       0
       0
       0
       0
       0
       0
       0
       0
       0
       0
       0
       0
       0
       0
       0
       0
       0
       0
       0
       0
       0
       0
       0
       0
       0
       0
       0
       0
       0
       0
       0
       0
       0
       0
       0
       0
       0
       0
       0
       0
       0
       0
       0
       0
       0
       0
       0
       0
       0
       0
       0
       0
       0
       0
       0
       0
       0
       0
       0
       0
       0
       1
       0
       0
       0
       0
       0
       0
       0
       0
       0
       0
       0
       0
       0
       0
       0
       0
       0
       0
       0
       0
       0
       0
       0
       0
       0
       0
       0
       0
       0
       0
       0
       0
       0
       0
       0
       0
       0
       0
       0
       0
       0
       0
       0
       0
       0
       0
       0
       0
       0
       0
       0
       0
       0
       0
       0
       0
       0
       0
       0
       0
       0
       0
       0
       0
       0
       0
       0
       0
       0
       0
       0
       0
       0
       0
       0
       0
       0
       0
       0
       0
       0
       0
       0
       0
       0
       0
       0
       0
       0
       0
       0
       0
       0
       0
       0
       0
       0
       0
       0
       0
       0
       0
       0
       0
       0
       0
       0
       0
       0
       0
       0
       0
       0
       0
       0
       0
       0
       0
       0
       0
       0
       0
       0
       0
       0
       0
       0
       0
       0
       0
       0
       0
       0
       0
       0
       0
       0
       0
       0
       0
       0
       0
       0
       0
       0
       0
       0
       0
       0
       0
       0
       0
       0
       0
       0
       0
       0
       0
       0
       0
       0
       0
       0
       0
       0
       0
       0
       0
       0
       0
       0
       0
       0
       0
       0
       0
       0
       0
       0
       0
       0
       0
       0
       0
       0
       0
       0
       0
       0
       0
       0
       0
       0
       0
       0
       0
       0
       0
       0
       0
       0
       0
       0
       0
       0
       0
       0
       0
       0
       0
       0
       0
       0
       0
       0
       0
       0
       0
       0
       0
       0
       0
       0
       0
       0
       0
       0
       0
       0
       0
       0
       0
       0
       0
       0
       0
       0
       0
       0
       0
       0
       0
       0
       0
       0
       0
       0
       0
       0
       0
       0
       0
       0
       0
       0
       0
       0
       0
       0
       0
       0
       0
       0
       0
       0
       0
       0
       0
       0
       0
       0
       0
       0
       0
       0
       0
       0
       0
       0
       0
       0
       0
       0
       0
       0
       0
       0
       0
       0
       0
       0
       0
       0
       0
       0
       0
       0
       0
       0
       0
       0
       0
       0
       0
       0
       0
       1
       0
       0
       0
       0
       0
       0
       0
       0
       0
       0
       0
       0
       0
       0
       0
       0
       0
       0
       0
       0
       0
       0
       1
       0
       0
       1
       0
       0
       0
       0
       0
       0
       0
       0
       0
       0
       0
       0
       0
       0
       0
       0
       0
       0
       0
       0
       0
       0
       0
       0
       0
       0
       0
       0
       0
       0
       0
       0
       0
       0
       0
       0
       0
       0
       0
       0
       0
       0
       0
       0
       0
       0
       0
       0
       0
       0
       0
       0
       0
       0
       0
       0
       0
       0
       0
       0
       0
       0
       0
       0
       0
       0
       0
       0
       0
       0
       0
       0
       0
       0
       0
       0
       0
       0
       0
       0
       0
       0
       0
       0
       0
       0
       0
       0
       0
       0
       0
       0
       0
       0
       0
       0
       0
       0
       0
       0
       0
       0
       0
       0
       0
       0
       0
       0
       0
       0
       0
       0
       0
       0
       0
       0
       0
       0
       0
       0
       0
       0
       0
       0
       0
       0
       0
       0
       0
       0
       0
       0
       0
       0
       0
       1
       0
       0
       0
       0
       0
       0
       0
       0
       0
       0
       0
       0
       0
       0
       0
       0
       0
       0
       0
       0
       0
       0
       0
       0
       0
       0
       0
       0
       0
       0
       0
       0
       0
       0
       0
       0
       0
       0
       0
       0
       0
       0
       0
       0
       0
       0
       0
       0
       0
       0
       0
       0
       0
       0
       0
       0
       0
       0
       0
       0
       0
       0
       0
       0
       0
       0
       0
       0
       0
       0
       0
       0
       0
       0
       0
       0
       0
       0
       0
       0
       0
       1
       0
       0
       0
       0
       0
       0
       0
       0
       0
       0
       0
       0
       0
       0
       0
       0
       0
       0
       0
       0
       0
       0
       0
       0
       0
       0
       0
       0
       0
       0
       0
       0
       0
       0
       0
       0
       0
       0
       0
       0
       0
       0
       0
       0
       0
       0
       0
       0
       0
       0
       0
       0
       0
       0
       0
       0
       0
       0
       0
       0
       0
       0
       0
       0
       0
       0
       0
       0
       0
       0
       0
       0
       0
       0
       0
       0
       0
       0
       0
       0
       0
       0
       0
       0
       0
       0
       0
       0
       0
       0
       0
       0
       0
       0
       0
       0
       0
       0
       0
       0
       0
       0
       0
       0
       0
       0
       0
       0
       0
       0
       0
       0
       0
       0
       0
       0
       1
       0
       0
       0
       0
       0
       0
       0
       0
       0
       0
       0
       0
       0
       0
       0
       0
       0
       0
       0
       0
       0
       0
       0
       0
       0
       0
       0
       0
       0
       0
       0
       0
       0
       0
       0
       0
       0
       0
       0
       0
       0
       0
       0
       0
       0
       0
       0
       0
       0
       0
       0
       0
       0
       0
       0
       0
       0
       0
       0
       0
       0
       0
       0
       0
       0
       0
       0
       0
       0
       0
       0
       0
       0
       0
       0
       0
       0
       0
       0
       0
       0
       0
       0
       0
       0
       0
       0
       0
       0
       0
       0
       0
       0
       0
       0
       0
       0
       0
       0
       0
       0
       0
       0
       0
       0
       0
       0
       0
       0
       0
       0
       0
       0
       0
       0
       0
       0
       0
       0
       0
       0
       0
       0
       0
       0
       0
       0
       0
       0
       0
       0
       0
       0
       0
       0
       0
       0
       0
       0
       0
       0
       0
       0
       0
       0
       0
       0
       0
       0
       0
       0
       0
       0
       0
       0
       0
       0
       0
       0
       0
       0
       0
       0
       0
       0
       0
       0
       0
       0
       0
       0
       0
       0
       0
       0
       0
       0
       0
       0
       0
       0
       0
       0
       0
       0
       0
       0
       0
       0
       0
       0
       0
       0
       0
       0
       0
       0
       0
       0
       0
       0
       0
       0
       0
       0
       0
       0
       0
       0
       0
       0
       0
       0
       0
       0
       0
       0
       0
       0
       0
       0
       0
       0
       0
       0
       0
       0
       0
       0
       0
       0
       0
$ROI:
0
$PRESETS:
Real Time
180
0
$ENER_FIT:
0.888569 0.390988
$MCA_CAL:
3
8.885689E-001 3.909876E-001 3.191953E-008 keV
$SHAPE_CAL:
3
0.000000E+000 0.000000E+000 0.000000E+000
