$SPEC_ID:
1
$SPEC_REM:
DET# 2
DETDESC# MCB 130 Normal
AP# Maestro Version 7.01
$DATE_MEA:
10/01/2019 05:46:21
$MEAS_TIM:
173 180
$DATA:
0 8191
       0
       0
       0
       0
       0
       0
       0
       0
       0
       0
       0
       0
       0
       0
       0
       0
       0
       0
       0
       0
       0
       0
       0
       0
       0
       0
      41
    1034
     323
     196
     213
     268
     345
     326
     313
     257
     268
     291
     350
     440
     450
     422
     319
     273
     290
     266
     223
     227
     274
     286
     258
     271
     238
     238
     197
     237
     222
     203
     233
     272
     283
     243
     235
     238
     240
     257
     246
     254
     301
     341
     489
     516
     397
     301
     358
     392
     417
     477
     360
     294
     313
     336
     276
     249
     299
     304
     310
     417
     627
     999
     997
     634
     362
     266
     270
     237
     284
     291
     267
     255
     319
     420
     508
     439
     309
     308
     265
     231
     221
     240
     230
     238
     257
     211
     275
     217
     231
     264
     219
     238
     253
     229
     253
     253
     313
     386
     346
     292
     233
     230
     237
     215
     281
     222
     225
     244
     211
     263
     216
     251
     237
     247
     262
     321
     588
     609
     440
     290
     256
     245
     276
     240
     219
     244
     267
     253
     279
     283
     233
     243
     257
     229
     247
     260
     255
     236
     244
     276
     260
     278
     272
     258
     214
     253
     266
     268
     244
     294
     273
     251
     268
     234
     259
     284
     278
     307
     281
     287
     294
     308
     374
     333
     283
     261
     266
     283
     303
     312
     265
     272
     272
     279
     283
     332
     424
     582
     616
     361
     309
     268
     286
     279
     276
     285
     336
     303
     307
     284
     297
     325
     318
     311
     308
     301
     292
     302
     308
     284
     284
     296
     314
     397
     365
     341
     352
     302
     304
     312
     360
     457
     665
     582
     457
     355
     320
     282
     307
     369
     456
     661
     906
     721
     544
     421
     323
     296
     280
     289
     313
     295
     318
     306
     368
     431
     416
     357
     318
     291
     319
     415
     443
     373
     304
     256
     273
     263
     291
     280
     290
     300
     347
     372
     419
     451
     416
     359
     283
     292
     288
     280
     310
     347
     319
     282
     311
     318
     332
     324
     307
     302
     286
     277
     277
     289
     305
     282
     270
     260
     303
     256
     275
     253
     287
     281
     311
     246
     265
     234
     245
     273
     286
     282
     288
     267
     275
     229
     270
     287
     284
     279
     293
     283
     266
     269
     264
     259
     258
     269
     220
     237
     284
     283
     238
     270
     230
     236
     261
     243
     263
     256
     264
     237
     246
     273
     259
     285
     610
    1368
    2115
    1478
     740
     303
     245
     240
     246
     228
     220
     255
     254
     268
     308
     332
     269
     225
     225
     244
     217
     211
     221
     232
     247
     296
     299
     261
     300
     381
     422
     302
     208
     190
     204
     207
     244
     225
     202
     206
     214
     243
     196
     211
     201
     213
     229
     230
     203
     205
     188
     212
     203
     198
     191
     195
     204
     213
     202
     240
     213
     218
     194
     214
     177
     207
     194
     209
     203
     198
     214
     207
     219
     232
     214
     218
     185
     191
     193
     198
     204
     192
     198
     197
     231
     214
     198
     215
     189
     193
     213
     212
     199
     206
     175
     189
     187
     235
     212
     215
     187
     190
     213
     187
     229
     282
     312
     251
     241
     182
     212
     182
     191
     185
     213
     197
     204
     210
     214
     188
     201
     203
     164
     186
     197
     199
     170
     197
     172
     183
     190
     165
     184
     180
     225
     176
     167
     176
     171
     184
     196
     203
     193
     187
     204
     189
     214
     184
     178
     169
     194
     189
     187
     166
     169
     204
     178
     194
     193
     182
     187
     162
     170
     166
     158
     153
     163
     169
     172
     181
     168
     135
     189
     171
     203
     171
     164
     206
     194
     182
     187
     165
     181
     161
     170
     167
     177
     153
     151
     160
     171
     166
     153
     169
     148
     151
     158
     192
     153
     161
     144
     155
     149
     158
     158
     160
     200
     192
     197
     184
     173
     131
     147
     142
     148
     141
     151
     152
     172
     156
     144
     160
     140
     158
     182
     372
     811
    1079
     872
     402
     235
     152
     166
     155
     175
     192
     192
     149
     150
     173
     163
     158
     135
     150
     143
     142
     149
     152
     142
     129
     139
     142
     152
     169
     163
     157
     159
     140
     148
     166
     131
     134
     135
     146
     127
     146
     126
     128
     123
     128
     135
     139
     138
     124
     129
     129
     124
     131
     176
     354
    1273
    3037
    4243
    3143
    1290
     376
     155
     113
     126
     154
     123
     103
     141
     159
     188
     144
     125
     143
     129
     124
     117
     120
     114
     116
     134
     128
     118
     133
     106
     123
     115
     117
     119
     112
     152
     150
     156
     130
     126
      93
     111
     123
     117
     134
     187
     266
     290
     224
     185
     105
     118
     113
     109
     127
     121
     121
     132
     117
     112
     133
     123
     122
     112
     133
     123
     140
     148
     128
     122
     117
     118
     108
     153
     167
     149
     155
     104
     117
     133
     101
     107
     133
     120
     128
     135
     113
     109
      99
      97
     115
     137
     147
     135
     118
     118
     116
     107
     107
     106
     125
     141
     139
     142
     138
     113
      98
     119
     113
     113
     110
     144
     236
     537
     883
     890
     513
     252
     132
     130
     120
     124
     101
     120
      97
     126
     104
     134
     142
     131
     110
     141
     119
     121
     124
     105
     117
     104
     114
      97
     106
      98
     115
     140
     143
     116
     118
     118
     112
     117
     108
      97
     101
     125
     120
      93
     118
     116
     117
     103
      96
      97
     102
      92
      96
      86
     116
     122
     116
      95
      94
     105
     134
     136
     126
     125
     111
      99
     124
     114
     153
     138
     133
     127
      88
     112
      96
     106
     102
     103
     105
      91
      99
      99
      87
     114
     118
     107
     102
      98
      97
     118
      95
     112
     104
     100
     116
     109
      97
     103
      75
      92
      97
      96
     119
      89
      96
      88
     119
     131
     124
     118
      90
      93
      94
     100
      98
      94
      94
     109
     119
     111
     104
     106
     124
     111
     107
      84
      92
     113
     110
      89
      69
      92
     107
     113
     107
     115
      93
      84
      95
     106
     107
      98
     107
      91
      99
      82
     109
     118
     114
     143
     136
     114
     132
     111
     102
     106
     106
     108
     112
      89
     114
     117
     146
     128
     113
      89
      88
      90
     104
      81
      98
      79
     100
      90
      91
      87
      87
      99
      80
      92
      86
      98
     109
     160
     198
     250
     200
     118
      98
      84
     100
     100
      79
      97
      73
      93
      76
      94
      79
      75
      78
      98
      91
      92
      71
      71
      89
      80
      90
      73
      72
      93
      83
      73
      77
      74
      86
      93
      83
      63
      89
      90
      82
      72
      82
      84
      77
      67
      70
      74
      98
      69
      77
      75
      67
      88
      61
      72
      71
      71
      65
      67
      68
      81
      78
      74
      80
      88
      76
      75
      78
      77
      73
      84
      84
      71
      70
      74
      76
      73
      73
      84
      69
      80
      82
      87
      84
      75
      87
      78
      72
      85
      75
      66
      75
      81
      84
      82
      68
      61
      86
      74
      84
      74
      65
      77
      66
      64
      58
      75
      79
      84
      62
      71
      71
      59
      62
      88
      97
      74
      73
      69
      85
      78
      78
      70
      63
      76
      79
      70
      76
      72
      82
      92
      75
      68
      63
      84
      81
      78
     105
     116
     106
      77
      68
      60
      64
      57
      76
      70
      65
      70
      53
      64
      84
      72
      81
      79
      71
      68
      59
      84
      77
      74
      78
      74
      73
      64
      78
      73
      59
      62
      59
      88
      67
      73
      65
      87
      66
      61
      71
      70
      74
      72
      59
      73
      81
      63
      66
      68
      77
      87
      60
      67
      65
      82
      81
      72
      87
      67
      73
      59
      77
      73
      82
      66
      69
      81
      71
      64
      65
      69
      63
      76
      85
      87
      56
      68
      85
      90
      91
      82
      70
      49
      65
      74
      75
      62
      84
      76
      61
      71
      79
      70
      55
      69
      68
      67
      77
      69
      76
      65
      70
      59
      68
      63
      84
      61
      81
      79
      59
      67
      70
      62
      68
      61
      77
      76
      62
      71
      82
      67
      83
      65
      71
      79
      67
      67
      83
      71
      69
      76
      79
      78
      73
      72
      69
      64
      70
      69
      62
      61
      61
      63
      61
      76
      78
      70
      72
      67
      63
      71
      65
      66
      65
      57
      63
      75
      68
      58
      59
      47
      52
      52
      68
      59
      65
      58
      57
      49
      51
      63
      64
      64
      61
      58
      66
      68
      90
      75
      80
      54
      59
      56
      63
      69
      64
      98
      89
      67
      69
      70
      70
      74
      50
      57
      67
      60
      50
      59
      58
      67
      55
      80
      69
      94
      72
      68
      63
      60
      51
      67
      61
      51
      54
      48
      58
      52
      50
      69
      63
      68
      57
      59
      72
      72
      73
      69
      71
      71
     105
     112
     127
     124
      85
      55
      68
      78
      60
      92
      89
      76
      61
      52
      64
      64
      55
      63
      76
      55
      44
      42
      62
      54
      56
      58
      47
      42
      52
      46
      52
      48
      43
      57
      54
      61
      67
      67
      76
     115
      97
     116
      99
      65
      42
      59
      53
      86
      78
     128
     185
     148
     112
      75
      77
     150
     306
     764
    1156
    1213
     824
     427
     158
      83
      44
      59
      42
      46
      60
      35
      48
      61
      49
      54
      72
      66
      78
     107
      99
      80
      67
      57
      64
      59
      46
      45
      41
      52
      47
      45
      45
      44
      47
      49
      55
      43
      68
      66
      52
      68
      87
     126
      95
      88
      61
      52
      38
      52
      56
      40
      33
      48
      46
      36
      39
      39
      56
      45
      33
      49
      55
      93
     209
     438
     635
     658
     434
     187
      79
      41
      50
      53
      41
      42
      44
      55
      43
      56
      38
      61
      41
      35
      42
      47
      43
      47
      38
      29
      50
      39
      31
      41
      35
      41
      54
      40
      39
      39
      31
      44
      31
      35
      39
      34
      42
      42
      35
      42
      40
      37
      53
      39
      44
      42
      33
      39
      48
      27
      40
      47
      31
      39
      30
      41
      43
      44
      43
      31
      35
      43
      33
      33
      38
      38
      45
      37
      41
      30
      41
      33
      43
      28
      33
      30
      40
      39
      30
      42
      26
      33
      38
      34
      34
      41
      35
      43
      28
      39
      32
      41
      30
      37
      31
      31
      36
      31
      38
      35
      27
      25
      38
      30
      40
      28
      29
      22
      38
      43
      35
      45
      35
      25
      37
      57
      50
      48
      38
      25
      32
      35
      32
      39
      31
      26
      37
      36
      31
      48
      66
      74
      73
      71
      70
      48
      43
      38
      23
      34
      28
      32
      37
      30
      25
      30
      42
      36
      41
      25
      37
      31
      26
      36
      35
      35
      51
      32
      33
      37
      39
      49
      47
      52
      42
      32
      36
      30
      26
      33
      26
      34
      26
      34
      29
      24
      24
      31
      27
      26
      25
      32
      28
      27
      30
      41
      56
      68
      78
      63
      44
      35
      39
      27
      28
      26
      26
      26
      24
      17
      24
      33
      38
      28
      36
      27
      31
      23
      28
      28
      28
      27
      22
      30
      22
      19
      29
      30
      29
      24
      22
      32
      26
      35
      27
      27
      21
      31
      21
      21
      23
      28
      29
      28
      27
      24
      27
      27
      37
      33
      28
      31
      37
      51
      79
     106
     112
     116
      79
      42
      48
      29
      23
      25
      36
      70
     185
     455
     771
    1054
     942
     543
     250
      71
      27
      31
      31
      26
      31
      24
      28
      25
      28
      33
      51
      66
      58
      64
      30
      24
      56
      94
     184
     291
     324
     282
     133
      55
      50
      52
      42
      36
      36
      30
      35
      42
      32
      20
      24
      25
      25
      23
      25
      34
      25
      32
      23
      21
      25
      33
      28
      19
      26
      24
      26
      33
      26
      27
      37
      18
      23
      23
      26
      22
      22
      26
      22
      21
      26
      28
      27
      25
      25
      23
      28
      22
      23
      17
      34
      24
      24
      29
      35
      30
      33
      16
      23
      16
      22
      23
      20
      14
      23
      21
      27
      26
      18
      20
      27
      21
      32
      23
      21
      30
      26
      23
      21
      22
      21
      21
      18
      18
      25
      25
      21
      29
      36
      22
      32
      34
      25
      19
      44
      30
      41
      24
      22
      25
      24
      19
      26
      27
      30
      15
      18
      16
      23
      18
      23
      24
      20
      19
      31
      26
      22
      22
      15
      21
      11
      21
      16
      23
      38
      21
      25
      19
      23
      19
      24
      30
      34
      54
      56
      50
      47
      39
      42
      44
      47
      42
      41
      18
      22
      25
      26
      31
      39
      26
      24
      27
      20
      19
      20
      21
      27
      20
      16
      13
      15
      20
      27
      23
      17
      29
      26
      22
      23
      31
      30
      18
      19
      22
      16
      26
      20
      38
      58
      61
      62
      54
      26
      37
      31
      45
     116
     326
     559
     743
     727
     575
     263
     119
      35
      25
      12
      25
      11
      19
      23
      31
      35
      53
      91
     177
     161
     129
      98
      55
      28
      30
      17
      20
      24
      23
      19
      11
      23
      18
      17
      33
      21
      28
      33
      24
      31
      21
      18
      19
      27
      21
      20
      24
      21
      20
      24
      25
      15
      25
      14
      13
      19
      30
      23
      22
      17
      17
      23
      19
      22
      23
      19
      25
      23
      29
      24
      20
      18
      21
      30
      46
     102
     173
     210
     222
     184
      95
      65
      29
      27
      13
      18
      15
      16
      14
      33
      37
      35
      26
      25
      26
      22
      26
      24
      27
      20
      25
      18
      36
      15
      23
      23
      10
      19
      16
      12
      21
      14
      21
      27
      19
      24
      22
      17
      20
      17
      20
      13
      19
      15
      24
      18
      14
      14
      19
      22
      15
      36
      30
      21
      27
      26
      18
      24
      26
      25
      28
      30
      18
      16
      23
      18
      14
      21
      21
      15
      20
      22
      24
      20
      14
      23
      27
      20
      18
      20
      20
      14
      16
      10
      18
      22
      23
      11
      21
      23
      26
      16
      31
      25
      29
      25
      22
      19
      47
      39
      42
      35
      26
      22
      11
      20
      24
      27
      24
      25
      21
      19
      21
      15
      31
      18
      22
      20
      17
      24
      22
      14
      22
      19
      18
      20
      21
      20
      14
      25
      18
      21
      17
      18
      15
      16
      19
      18
      14
      21
      17
      16
      16
      18
      16
      12
      18
      23
      14
      12
      18
      21
      10
      19
      24
      20
      18
      26
      15
      26
      23
      33
      39
      32
      22
      21
      19
      24
      19
      18
      14
      13
      17
      10
      17
       9
      21
      15
      16
       9
      20
      19
      17
      20
      20
      21
      20
      15
      26
      16
      20
      16
      12
      15
      15
      21
      16
      13
      16
      18
      26
      13
      31
      24
      25
      16
      18
      12
      18
      32
      29
      33
      28
      23
      18
      19
      21
      21
      17
      13
      14
       9
      17
      15
      13
      17
      14
      12
      16
       8
      19
      16
      17
      15
      11
      13
      15
      13
      19
      18
      20
      20
      21
      18
      16
      16
      13
      16
       7
       7
      13
      10
      10
      18
      10
      22
      16
      18
      29
      45
      45
      46
      42
      31
      21
      17
      15
      13
      23
      17
      38
      27
      21
      30
      18
      19
      14
      28
       5
      17
      18
       7
      14
      15
      18
      19
       8
      17
      23
      15
      10
      13
      26
      21
      16
      23
      16
      17
      25
      22
      15
       6
      15
      16
      12
      10
      19
      16
      23
      14
      10
      15
      15
      10
      14
      17
      16
      14
      20
      14
      24
      14
      16
      12
      12
      13
      15
      13
       9
      14
      19
      15
      17
      19
      13
      14
      21
      18
      13
      18
      16
      13
      18
      14
      17
      10
      11
      17
      22
      17
      25
      28
      14
      16
      16
       9
       9
       9
      19
      18
      21
      20
      23
      11
      25
      16
      19
      17
      11
      10
      13
      12
      14
      13
      18
      21
      10
      12
      18
      17
      12
      14
      12
      14
      12
      16
      14
      20
      40
      39
      29
      39
      31
      26
      13
      14
      11
      16
      13
       8
       9
      12
      17
      13
      11
      11
      16
      15
      20
      26
      29
      42
      58
      30
      25
      28
      12
      19
      17
      19
      14
      15
      10
      13
      12
      12
      16
      14
      10
      12
      15
       6
      14
      11
      11
      16
      15
      13
      11
      12
      10
      19
      22
      24
      25
      19
      18
      14
      12
      15
      19
      18
      10
       8
      10
       7
      17
      12
      20
       9
      20
      26
      29
      35
      42
      40
      29
      25
      17
      15
      10
      12
       9
      19
      12
      11
      13
      11
      13
       9
      13
      17
      15
      13
      21
       8
      14
       7
      18
      13
      12
      13
      20
      26
      17
      20
       8
      11
      20
      19
      13
      23
      11
      20
      11
      16
      14
      21
      16
      24
      21
      20
      18
       9
      23
      15
       9
      12
      13
       8
      17
      12
      12
      16
      15
       8
      11
      11
      14
      10
      10
      10
      13
       8
      17
       9
      17
      15
      15
      14
       6
       9
       7
       9
      10
      11
       9
      17
      14
       8
       6
      15
       7
       8
      21
      11
      11
       8
      13
       7
      16
      11
      13
      10
      11
      16
       8
      16
      11
      11
      11
      11
      13
       9
      10
      11
       5
       9
      13
      12
      16
      12
      14
       7
       8
       9
      20
       8
      11
       9
      12
      15
      15
       8
      21
      11
      17
      13
       9
      16
       8
      11
      15
      12
       9
      16
      12
       4
       8
      13
      11
       6
      10
      13
      16
      12
      10
      12
       9
      13
      13
       5
      14
      12
      14
       6
      11
      14
      12
      14
      10
      15
      10
      11
      21
      23
      18
      21
      32
      67
     116
     176
     179
     142
     107
      42
      21
      21
       9
      12
       9
       7
      11
       9
       5
       9
      13
      19
      13
      18
      11
       3
      10
      13
      11
       8
      10
      16
      13
      20
       6
      17
      12
      15
      15
      14
      21
      29
      42
      39
      36
      37
      13
      11
      15
       6
       8
      11
       9
      11
      10
      10
       9
       9
      10
      11
      11
       6
      15
      10
       6
      13
      11
       6
      13
       8
      10
      11
       8
      15
       6
      10
      10
      18
      15
      12
      15
       8
       8
      11
      12
       9
      11
       7
       6
      11
      16
       9
      12
      11
      19
       8
      10
       9
      10
      12
       5
      10
      11
       9
      16
      11
       8
      11
       4
      13
      10
      13
      12
      10
       8
      15
      18
       7
       6
      11
       6
      19
      10
       5
      15
      12
       9
       9
      16
      14
      10
      10
      14
       9
       9
       6
      10
      12
       9
       9
       9
       7
      12
       8
       7
      14
      14
       6
      13
      14
       4
      11
       8
       9
       6
      11
       8
       7
       9
       6
      11
      17
      13
      13
      10
      13
      10
       8
       8
       8
      12
      14
      12
       7
       7
      12
      11
      18
      14
       9
       8
      13
       8
       7
      10
      13
       9
       7
       5
      13
       8
       8
      11
       9
      11
       5
       6
      13
       5
       8
       9
       8
      19
      11
      12
      11
       8
      13
      18
       8
      13
      11
      10
       6
       8
      14
      11
      12
       8
      14
       5
       8
       7
       4
       4
       7
       8
      17
       8
       7
       4
       7
       9
      11
      10
      11
       7
      16
      10
       9
      13
       5
       4
      10
       8
      13
       5
      11
      13
      12
       9
      16
      16
       8
       6
       8
      13
       6
      10
      20
      15
      31
      24
      19
      18
      16
       6
      12
       5
      12
       9
      13
       7
       9
       6
       9
      11
      27
      37
      60
      78
      80
      60
      40
      32
      15
       3
       9
       7
       7
      11
       8
      11
      11
      12
       6
      14
      12
       2
      12
      13
      13
       4
       6
       8
       8
      14
       9
       8
      14
      18
       7
       5
      10
      13
       4
      12
       8
      12
      22
      13
      12
      22
      25
      24
      19
      17
       3
      10
       4
      13
      10
      10
       5
       9
      10
       9
       5
       7
      10
       6
      13
      12
       5
       6
       6
      11
       4
       7
       2
       9
      12
      12
       9
       4
      11
      10
       3
      13
       7
       5
       9
       5
       9
      12
       7
      12
       9
       4
       5
      11
       9
       8
       6
      10
       7
      12
       8
       8
      12
      11
       7
       3
       8
       9
      10
      12
      14
       9
      14
      13
       6
       9
       5
      14
       9
       2
      10
       2
       8
      12
      10
      11
      13
      11
      11
      11
      12
      11
       5
       6
       8
      10
       8
       6
       7
       7
       3
       7
       5
       7
      10
       4
      14
      11
      12
       8
       6
       3
       5
       8
      11
       5
       9
      12
       6
       5
       7
       9
       4
      12
       4
      12
       7
      13
       7
       8
      12
       6
      13
       4
       7
       5
      12
       9
       9
       3
      10
       8
       4
       3
       8
       7
       9
       4
      12
      11
       9
       6
       9
       9
       8
      11
       8
      10
       6
       8
      12
       9
      11
       4
       5
       9
       8
      12
       5
       8
       5
       3
       9
       5
       6
       8
       6
       4
       7
       9
       5
       5
       6
       8
       6
       9
       6
      11
       9
      10
       5
       3
       8
       5
      10
       5
       4
       8
      10
       6
       8
       2
       6
       5
       6
      10
       8
       4
       9
       6
      13
       6
       9
       7
       5
       4
       6
       6
       3
       7
       6
       5
       3
       2
       7
       7
       8
       4
       9
       8
      12
      12
       7
      14
       9
       9
      10
       6
       7
      11
       9
      11
       4
      10
       8
       7
       7
       9
       9
       3
      11
       8
       7
       8
       8
       4
       7
       5
       8
       5
       9
       4
       9
       6
       8
       5
       4
       6
       5
       6
       6
       7
       8
       2
       8
       9
       8
       6
       5
       4
      11
       4
       5
      11
       9
       4
       3
       6
       6
      14
      31
      36
      69
      93
      84
      79
      61
      24
      11
      11
       6
       6
       9
      10
       2
       6
       4
       5
       8
       3
      11
      10
       6
       4
       9
       7
       2
      10
       6
       3
      10
       7
       5
      12
       5
      10
       4
       5
       5
      10
       5
       3
       8
      14
      13
       6
      10
       5
       4
       9
       9
       4
       8
       7
       9
       6
       4
      13
       9
       5
       5
       6
      11
       3
       4
       8
       7
       4
       7
       2
       6
       8
       6
       7
       5
       5
       6
       2
       8
       3
       3
      10
       9
       4
       2
       6
       2
       4
       5
      11
      10
       8
       6
      10
       9
       8
       8
      12
      13
      13
       8
      11
      16
      14
       4
       8
      10
       4
       5
      11
       2
       6
       6
       8
       9
       7
       7
       4
       5
       3
       7
       5
       3
       4
       4
       3
       7
       7
       9
       5
       4
       7
       3
       2
       3
       8
       6
      10
       7
       6
       7
       5
      11
       3
       7
       3
       7
       7
      11
       6
       4
       3
       6
       5
       4
      10
       4
       6
       6
       6
       6
       2
       4
      10
      11
       2
       4
       3
       7
       2
       7
       8
       7
       7
       8
       7
       3
       2
       6
       7
       6
       8
       8
       5
       8
       7
       6
       5
      15
       8
       5
      13
       5
      10
      10
       4
       7
       4
       3
       4
       6
       2
       6
       3
       4
       5
       7
       5
       3
       5
       4
       4
       9
       3
       8
       7
       4
       4
       2
       5
      10
       3
       3
       2
       4
       8
       4
       7
       4
      10
       7
       3
       5
       5
       5
       5
       6
       3
       7
       5
      10
       4
       7
       5
       3
       1
       2
       7
       7
       8
       5
       7
       2
       4
       3
       4
      12
       4
       7
       5
       3
       3
       7
       6
       7
      12
      12
      12
      11
       5
       5
       3
       3
       3
       3
       3
       4
       7
      10
       6
       6
       4
       3
       6
       3
       3
       3
      10
       5
       6
      10
       6
       7
       5
       2
       2
       4
       4
       1
       5
       5
       7
       1
       7
       7
       9
       9
       3
       7
       7
       4
       2
       2
       7
       7
       3
      12
      10
      18
      15
      17
      17
      10
       8
      10
       6
       5
       4
       1
       3
       7
       4
       6
       8
       1
       6
       2
       8
       2
      10
       5
       7
       7
       1
       3
       6
       5
       3
       5
       6
       3
       6
      10
       3
       7
       7
       9
      12
      19
      11
       7
       6
       3
       6
       3
       4
       6
       6
       8
       6
       3
       8
       8
      13
      15
      14
       6
       4
       7
       1
       9
       4
       2
       2
       9
       0
       3
       2
       4
       6
       4
       6
       4
       7
      10
       6
       6
       8
       8
       1
       4
       7
       4
       2
       5
       6
       4
       5
       3
       3
       1
       7
       4
       3
       5
       6
       4
       3
       8
       3
       0
       7
       5
       2
       1
       8
       5
       5
       5
       3
       3
       7
       1
       3
       3
       1
       6
       8
       4
       4
       5
       7
       3
       3
       4
       5
       5
       5
       5
       6
       6
       8
       2
       4
       4
       6
       4
       6
       5
       7
       2
       5
       2
       3
       6
       8
       5
      10
       8
       5
       4
       6
       6
       6
       5
       1
       4
       3
       8
       6
       3
       1
       3
       8
       6
       6
       6
       4
       7
       2
       6
       5
       4
       8
       3
       3
       4
       3
       4
       5
       4
       5
       5
       5
       7
      12
      15
      25
      19
      19
      17
      19
      14
       9
      12
      28
      28
      20
      18
      11
      10
       3
       5
       1
       4
       3
       4
       7
       5
       8
       3
       0
       3
       3
       4
       5
       3
       1
       2
       9
       6
       6
       4
       3
       5
       2
       1
       5
       2
       5
       4
       4
       4
       3
       2
       7
       5
       1
       2
       5
       5
       1
       0
       3
       3
       5
       2
       5
       4
       3
       2
       5
       6
       6
       4
       3
       2
       5
       3
       6
       5
       5
       4
       6
       2
       5
       5
       3
       1
       3
       3
       1
       4
       3
       0
       2
       3
       4
       2
       3
       2
       3
       4
       3
       4
       2
       3
       5
       5
       0
       4
       2
       1
       2
       6
       6
       4
       2
       4
       4
       3
       2
       9
       5
       4
       4
       3
       2
       7
       4
       7
       5
       4
       5
       2
       9
       0
       1
       4
       3
       5
       3
       7
       6
       3
       3
       3
       5
       3
       3
       3
       1
       2
       3
       2
       3
       2
       4
       4
       7
       3
       6
       4
       7
       4
       2
       2
       4
       6
       2
       3
       2
       2
       0
       4
       5
       5
       4
       3
       2
       3
       3
       4
       3
       2
       4
       2
       2
       5
       5
       2
       7
       5
       7
       4
       2
       2
       4
       7
       3
       2
       8
       2
       5
       3
       3
       0
       3
       6
       3
       2
       2
       5
       5
       4
       1
       3
       2
       3
       2
       2
       2
       7
       3
       4
       4
       7
       1
       2
       4
       3
       3
       2
       4
       5
       2
       5
       3
       1
       6
       4
       4
       2
       5
       8
       3
       5
       3
       2
       3
       5
       0
       3
       3
       2
       1
       3
       1
       2
       4
       4
       2
       3
       2
       1
       0
       4
       2
       3
       1
       2
       3
       1
       6
       2
       5
       3
       1
       6
       1
       1
       1
       3
       5
       3
       2
       3
       4
       6
       5
       1
       4
       1
       0
       8
       4
       5
       6
       0
       0
       4
       3
       1
       1
       6
       4
       3
       1
       4
       2
       2
       3
       0
       0
       2
       3
       7
       2
       6
       4
       2
       3
       2
       4
       3
       1
       2
       2
       0
       2
       3
       1
       1
       2
       2
       0
       3
       3
       1
       1
       3
       4
       3
       4
       0
       1
       5
       1
       2
       2
       2
       2
       4
       2
       4
       4
       2
       5
       5
       5
       3
      14
      11
      14
      18
      12
       9
       5
       6
       3
       2
       3
       5
       1
       1
       4
       2
       4
       3
       3
       0
       1
       3
       1
       4
       5
       1
       4
       2
       0
       4
       5
       6
       3
       1
       2
       0
       4
       4
       1
       1
       1
       3
       2
       3
       2
       0
       1
       2
       4
       4
       1
       4
       0
       1
       3
       2
       4
       0
       2
       2
       1
       4
       0
       1
       2
       6
       4
       1
       1
       2
       3
       3
       4
       2
       0
       8
       2
       1
       2
       3
       4
       2
       3
       3
       3
       1
       1
       2
       5
       3
       1
       2
       4
       2
       3
       2
       2
       2
       3
       6
       1
       6
       3
       2
       2
       4
       2
       4
       1
       2
       6
       4
       3
       2
       1
       3
       5
       4
       4
       3
       0
       2
       2
       3
       2
       1
       0
       3
       3
       1
       3
       4
       3
       0
       2
       2
       5
       3
       3
       0
       1
       2
       5
       4
       1
       1
       3
       4
       1
       0
       1
       1
       0
       1
       0
       1
       1
       1
       4
       2
       3
       0
       2
       0
       1
       2
       1
       2
       2
       4
       3
       3
       3
       2
       0
       1
       2
       2
       2
       1
       4
       0
       4
       4
       2
       2
       3
       1
       2
       2
       0
       1
       2
       3
       1
       0
       1
       0
       3
       0
       1
       1
       0
       4
       1
       3
       1
       3
      11
       8
      13
      19
      12
      23
      15
      10
       8
       9
       5
       4
       2
       2
       0
       1
       1
       1
       1
       1
       1
       2
       0
       1
       2
       0
       1
       4
       2
       2
       4
       1
       2
       1
       2
       4
       2
       2
       2
       0
       1
       2
       2
       0
       4
       0
       4
       1
       1
       4
       1
       2
       1
       4
       2
       2
       2
       1
       2
       0
       1
       1
       0
       0
       3
       0
       1
       0
       1
       3
       1
       2
       3
       5
       4
       8
      10
       6
       8
       7
       3
       2
       1
       2
       5
       0
       0
       3
       3
       0
       3
       4
       5
       1
       2
       2
       1
       4
       1
       0
       0
       4
       1
       4
       2
       1
       4
       3
       3
       2
       0
       1
       0
       5
       4
       1
       3
       3
       3
       3
       1
       2
       2
       3
       2
       0
       1
       0
       3
       2
       2
       4
       4
       2
       2
       0
       4
       2
       3
       1
       2
       0
       0
       2
       1
       1
       3
       2
       2
       3
       0
       0
       3
       2
       2
       0
       1
       2
       1
       2
       1
       0
       2
       3
       2
       0
       1
       0
       1
       5
       1
       2
       1
       0
       1
       2
       0
       1
       0
       1
       6
       1
       1
       2
       1
       1
       1
       4
       2
       5
       6
       5
       3
       1
       2
       3
       2
       2
       4
       1
       0
       0
       1
       2
       1
       1
       0
       3
       1
       2
       1
       0
       1
       1
       4
       0
       2
       3
       3
       1
       2
       2
       0
       2
       4
       2
       6
       7
       1
       2
       0
       3
       0
       1
       0
       0
       0
       1
       0
       0
       1
       0
       4
       1
       4
       2
       1
       3
       4
       2
       2
       0
       0
       2
       0
       2
       3
       0
       1
       1
       3
       1
       5
       3
       1
       4
       1
       0
       0
       4
       3
       0
       1
       0
       2
       0
       0
       2
       2
       2
       3
       1
       1
       1
       0
       5
       2
       3
       2
       1
       3
       5
       9
      15
      12
      12
      10
       8
       9
       2
       2
       1
       0
       1
       0
       1
       3
       5
       0
       1
       0
       0
       0
       1
       2
       3
       2
       2
       1
       1
       6
       2
       1
       1
       1
       1
       0
       1
       1
       3
       1
       2
       3
       1
       2
       2
       3
       1
       0
       0
       1
       0
       1
       0
       0
       1
       2
       0
       1
       1
       1
       3
       2
       0
       3
       3
       1
       2
       0
       0
       1
       1
       2
       3
       0
       2
       2
       2
       0
       2
       2
       0
       1
       0
       3
       2
       1
       1
       0
       4
       1
       2
       3
       3
       1
       0
       1
       2
       2
       0
       1
       1
       2
       0
       3
       4
       0
       1
       0
       1
       1
       1
       2
       2
       0
       2
       1
       4
       1
       1
       7
       3
       3
       0
       1
       1
       2
       0
       1
       2
       0
       2
       5
       3
       1
       0
       1
       2
       3
       3
       2
       1
       1
       0
       3
       1
       2
       3
       3
       2
       0
       1
       2
       0
       1
       1
       2
       1
       2
       1
       3
       3
       3
       0
       0
       1
       0
       1
       2
       2
       0
       1
       1
       2
       0
       2
       1
       0
       1
       0
       1
       0
       0
       4
       0
       1
       0
       1
       2
       3
       2
       1
       0
       1
       1
       0
       0
       2
       2
       0
       2
       0
       1
       0
       1
       2
       1
       4
       0
       4
       1
       0
       1
       0
       1
       2
       1
       1
       2
       0
       3
       2
       2
       1
       0
       1
       1
       0
       1
       3
       3
       0
       2
       1
       1
       2
       1
       3
       0
       2
       1
       3
       2
       2
       0
       0
       1
       0
       0
       1
       2
       1
       2
       2
       0
       1
       0
       0
       2
       1
       0
       3
       0
       1
       0
       0
       2
       1
       0
       1
       1
       0
       0
       0
       4
       1
       1
       2
       2
       0
       2
       2
       1
       0
       1
       0
       1
       1
       0
       2
       0
       0
       0
       2
       1
       6
       0
       1
       0
       2
       1
       2
       2
       1
       0
       1
       3
       1
       0
       3
       0
       2
       2
       3
       1
       0
       0
       1
       0
       1
       1
       0
       1
       2
       6
       4
       3
       2
       8
       2
       2
       3
       1
       3
       1
       0
       2
       0
       2
       2
       2
       0
       3
       1
       2
       0
       1
       1
       2
       0
       1
       0
       1
       1
       1
       2
       2
       1
       0
       0
       0
       1
       2
       1
       0
       3
       0
       0
       0
       2
       1
       2
       2
       1
       0
       1
       0
       2
       0
       1
       0
       0
       1
       1
       3
       3
       1
       0
       0
       0
       1
       3
       4
       0
       0
       0
       5
       0
       2
       4
       0
       0
       0
       1
       0
       1
       3
       0
       1
       3
       0
       0
       0
       3
       0
       0
       1
       2
       0
       4
       0
       0
       0
       1
       6
       1
       0
       1
       2
       1
       1
       0
       0
       1
       2
       1
       2
       3
       1
       0
       0
       0
       1
       2
       1
       0
       2
       1
       1
       1
       0
       0
       0
       2
       0
       0
       0
       1
       1
       0
       2
       1
       0
       0
       1
       2
       4
       0
       1
       0
       0
       0
       0
       1
       0
       1
       1
       3
       0
       0
       1
       0
       1
       0
       0
       2
       1
       0
       1
       1
       0
       0
       1
       2
       1
       1
       1
       1
       2
       0
       1
       0
       2
       1
       0
       0
       0
       0
       2
       0
       0
       1
       0
       2
       1
       1
       1
       0
       2
       0
       0
       2
       1
       0
       0
       1
       1
       0
       0
       0
       0
       1
       1
       0
       1
       1
       1
       1
       0
       0
       1
       1
       3
       1
       1
       1
       3
       2
       1
       0
       0
       1
       0
       0
       0
       0
       0
       0
       1
       1
       0
       0
       1
       0
       2
       1
       0
       3
       1
       0
       2
       0
       3
       0
       1
       0
       0
       1
       0
       3
       0
       1
       0
       1
       1
       0
       1
       1
       2
       1
       2
       1
       0
       0
       0
       1
       1
       0
       1
       1
       1
       2
       0
       0
       1
       0
       3
       0
       0
       0
       2
       1
       0
       0
       2
       1
       0
       0
       1
       1
       0
       0
       1
       1
       0
       0
       1
       1
       1
       1
       0
       0
       0
       1
       0
       1
       0
       1
       0
       1
       2
       1
       0
       1
       2
       0
       0
       0
       0
       1
       1
       0
       0
       0
       1
       3
       2
       2
       0
       2
       0
       0
       1
       0
       1
       1
       1
       2
       3
       0
       0
       1
       0
       0
       1
       1
       1
       0
       0
       0
       0
       0
       3
       1
       0
       1
       0
       0
       0
       1
       2
       0
       1
       1
       1
       1
       1
       0
       1
       0
       0
       1
       1
       1
       0
       1
       0
       0
       1
       0
       1
       0
       0
       1
       1
       1
       0
       0
       2
       1
       1
       0
       2
       1
       0
       1
       1
       0
       0
       2
       0
       1
       1
       1
       2
       0
       2
       0
       1
       1
       0
       0
       1
       0
       0
       0
       1
       0
       0
       1
       0
       0
       1
       0
       0
       2
       0
       0
       0
       3
       0
       0
       2
       1
       3
       0
       2
       0
       0
       0
       1
       0
       1
       3
       2
       0
       0
       0
       1
       0
       1
       1
       0
       0
       1
       2
       0
       0
       1
       2
       1
       0
       0
       0
       1
       0
       2
       1
       2
       1
       0
       1
       2
       1
       3
       0
       2
       0
       1
       2
       0
       1
       1
       2
       0
       1
       0
       1
       1
       0
       0
       1
       1
       0
       1
       0
       1
       1
       0
       1
       1
       0
       1
       0
       0
       2
       0
       0
       1
       0
       0
       0
       0
       0
       2
       1
       0
       0
       1
       2
       3
       1
       0
       2
       2
       1
       0
       0
       0
       1
       1
       1
       0
       1
       1
       0
       0
       0
       0
       0
       0
       1
       4
       3
       0
       0
       1
       1
       0
       1
       0
       1
       2
       0
       0
       0
       1
       1
       2
       0
       2
       0
       0
       0
       1
       0
       3
       1
       0
       1
       0
       2
       1
       0
       1
       1
       0
       3
       0
       0
       0
       0
       0
       1
       0
       2
       1
       2
       1
       1
       0
       0
       1
       0
       0
       1
       0
       0
       0
       0
       1
       0
       0
       2
       2
       2
       2
       0
       0
       0
       0
       0
       0
       1
       0
       1
       0
       0
       1
       0
       0
       0
       0
       1
       1
       0
       1
       0
       1
       0
       0
       0
       0
       1
       2
       0
       0
       0
       0
       1
       1
       1
       3
       0
       0
       1
       1
       1
       0
       0
       2
       1
       2
       0
       0
       1
       0
       2
       0
       1
       0
       1
       1
       0
       0
       1
       1
       1
       0
       0
       0
       0
       1
       0
       0
       1
       0
       0
       1
       0
       1
       0
       0
       1
       0
       0
       1
       1
       0
       0
       0
       0
       1
       2
       2
       0
       0
       1
       1
       0
       0
       0
       2
       0
       1
       0
       0
       2
       2
       0
       0
       0
       3
       1
       1
       1
       0
       0
       0
       1
       1
       1
       0
       0
       2
       1
       0
       1
       2
       2
       1
       0
       0
       3
       0
       1
       0
       0
       1
       1
       0
       0
       2
       1
       0
       1
       0
       0
       1
       2
       1
       0
       0
       1
       0
       1
       1
       1
       1
       2
       0
       2
       0
       1
       0
       1
       1
       0
       1
       3
       1
       0
       1
       1
       0
       1
       0
       0
       0
       0
       0
       0
       0
       0
       0
       1
       1
       4
       0
       1
       1
       1
       0
       0
       0
       0
       0
       0
       0
       0
       1
       0
       1
       1
       1
       0
       0
       1
       0
       0
       1
       0
       0
       0
       0
       1
       0
       1
       1
       0
       0
       0
       0
       0
       0
       0
       0
       0
       2
       0
       1
       1
       1
       0
       0
       0
       0
       0
       2
       2
       1
       2
       0
       0
       0
       0
       2
       0
       0
       0
       2
       0
       0
       0
       0
       0
       1
       0
       0
       2
       1
       1
       1
       2
       2
       0
       2
       0
       0
       0
       0
       0
       0
       0
       0
       0
       0
       0
       0
       1
       0
       0
       0
       1
       1
       1
       1
       1
       0
       0
       0
       0
       1
       0
       0
       0
       0
       0
       0
       1
       1
       1
       0
       1
       3
       0
       0
       1
       0
       0
       1
       0
       1
       1
       0
       0
       0
       1
       1
       0
       0
       0
       2
       3
       0
       0
       0
       2
       0
       1
       1
       0
       0
       1
       0
       0
       0
       1
       2
       0
       2
       0
       0
       0
       2
       0
       0
       0
       0
       0
       0
       0
       0
       1
       0
       0
       0
       0
       0
       0
       0
       0
       0
       0
       0
       1
       0
       0
       0
       1
       1
       0
       1
       0
       0
       0
       0
       1
       0
       2
       0
       0
       2
       0
       0
       0
       0
       1
       0
       0
       0
       0
       0
       1
       1
       0
       0
       1
       0
       0
       0
       0
       1
       0
       0
       2
       0
       0
       1
       0
       0
       0
       1
       0
       0
       0
       0
       2
       1
       1
       0
       1
       2
       0
       0
       1
       0
       2
       0
       0
       1
       0
       1
       1
       0
       2
       0
       0
       1
       0
       0
       1
       0
       1
       1
       2
       0
       0
       0
       0
       0
       0
       2
       0
       1
       1
       0
       2
       1
       0
       0
       0
       1
       1
       0
       0
       0
       0
       0
       1
       0
       0
       1
       0
       0
       0
       0
       0
       0
       0
       1
       0
       0
       3
       0
       0
       1
       1
       0
       0
       1
       1
       1
       0
       0
       0
       0
       0
       0
       1
       0
       1
       0
       0
       0
       1
       0
       0
       0
       0
       1
       0
       0
       0
       0
       0
       0
       1
       1
       0
       1
       0
       0
       0
       0
       1
       1
       0
       0
       0
       0
       0
       0
       1
       0
       0
       0
       0
       0
       1
       0
       0
       0
       0
       0
       0
       1
       0
       1
       0
       0
       0
       0
       0
       0
       0
       0
       0
       0
       0
       0
       0
       1
       0
       0
       0
       1
       0
       0
       1
       2
       0
       1
       0
       0
       0
       2
       0
       0
       0
       0
       0
       0
       0
       0
       0
       0
       0
       0
       0
       0
       0
       0
       0
       2
       2
       0
       0
       0
       1
       0
       1
       1
       0
       0
       2
       0
       2
       1
       1
       4
       4
       0
       3
       1
       1
       2
       1
       0
       0
       0
       1
       0
       0
       0
       1
       0
       1
       0
       0
       0
       0
       0
       0
       1
       1
       1
       0
       0
       0
       1
       0
       0
       0
       0
       0
       0
       0
       0
       0
       0
       1
       1
       1
       1
       0
       1
       1
       1
       2
       0
       1
       1
       0
       0
       0
       0
       0
       0
       0
       0
       1
       1
       0
       0
       0
       1
       0
       0
       1
       1
       0
       0
       0
       0
       1
       0
       0
       0
       1
       0
       1
       0
       0
       0
       1
       0
       0
       0
       0
       0
       0
       1
       1
       0
       0
       0
       0
       0
       0
       0
       0
       0
       0
       0
       2
       0
       0
       0
       0
       0
       0
       1
       0
       0
       0
       0
       1
       0
       0
       0
       0
       0
       0
       0
       0
       0
       0
       0
       1
       1
       0
       0
       0
       1
       0
       0
       0
       0
       0
       0
       1
       1
       1
       1
       0
       1
       1
       1
       0
       1
       0
       0
       1
       0
       0
       0
       0
       0
       0
       0
       0
       0
       0
       0
       0
       0
       0
       0
       0
       0
       0
       0
       0
       0
       0
       0
       1
       0
       1
       0
       0
       0
       1
       1
       0
       0
       0
       0
       0
       1
       0
       0
       0
       0
       0
       1
       2
       0
       0
       0
       0
       1
       1
       0
       0
       0
       0
       0
       1
       0
       0
       0
       1
       0
       0
       1
       0
       0
       0
       0
       2
       0
       0
       0
       0
       0
       0
       1
       1
       0
       0
       0
       0
       0
       0
       0
       0
       0
       0
       1
       1
       0
       0
       0
       0
       0
       0
       0
       0
       0
       0
       0
       0
       0
       0
       0
       1
       0
       0
       0
       0
       0
       0
       0
       1
       0
       0
       0
       0
       1
       0
       1
       0
       0
       0
       0
       0
       1
       0
       0
       0
       0
       0
       0
       0
       0
       0
       1
       0
       0
       1
       0
       0
       0
       0
       0
       1
       1
       0
       0
       0
       0
       0
       0
       1
       1
       0
       0
       0
       0
       0
       0
       0
       1
       0
       0
       0
       0
       0
       0
       0
       0
       0
       0
       1
       1
       0
       0
       0
       0
       0
       2
       0
       0
       1
       0
       1
       0
       1
       0
       1
       0
       1
       1
       1
       0
       1
       0
       0
       0
       0
       0
       0
       0
       0
       0
       0
       0
       0
       0
       0
       0
       1
       0
       0
       0
       0
       0
       0
       0
       1
       0
       0
       1
       0
       0
       0
       1
       0
       0
       0
       0
       0
       0
       0
       0
       0
       0
       0
       0
       0
       0
       0
       0
       0
       0
       0
       0
       0
       0
       0
       0
       0
       0
       0
       0
       0
       1
       0
       0
       0
       0
       0
       0
       1
       0
       0
       0
       0
       1
       0
       0
       0
       0
       0
       0
       0
       0
       0
       0
       0
       0
       0
       0
       0
       0
       0
       0
       0
       0
       0
       0
       0
       0
       0
       1
       0
       0
       0
       0
       1
       0
       0
       1
       0
       0
       0
       0
       0
       0
       0
       0
       0
       0
       0
       0
       0
       0
       0
       0
       0
       0
       0
       0
       0
       0
       0
       0
       0
       0
       0
       0
       0
       0
       0
       0
       0
       0
       0
       0
       0
       0
       0
       0
       0
       0
       0
       1
       0
       0
       0
       0
       0
       0
       0
       0
       0
       0
       1
       0
       0
       0
       0
       0
       0
       0
       0
       0
       0
       0
       0
       0
       0
       0
       0
       0
       0
       0
       0
       1
       0
       0
       0
       0
       0
       0
       0
       0
       0
       0
       0
       1
       0
       0
       0
       0
       0
       0
       1
       0
       1
       0
       1
       0
       1
       0
       0
       0
       1
       0
       0
       1
       2
       0
       1
       1
       0
       2
       1
       1
       2
       2
       1
       2
       3
       1
       3
       2
       1
       0
       0
       0
       0
       0
       0
       0
       0
       0
       0
       0
       0
       0
       0
       0
       1
       0
       0
       0
       0
       0
       0
       0
       0
       0
       0
       0
       2
       1
       0
       1
       0
       1
       0
       1
       0
       0
       0
       0
       0
       0
       0
       0
       0
       0
       0
       2
       1
       0
       0
       0
       0
       0
       0
       0
       0
       0
       0
       0
       0
       0
       0
       0
       0
       0
       1
       0
       0
       0
       0
       0
       0
       0
       0
       0
       0
       0
       0
       0
       0
       0
       0
       0
       0
       0
       0
       0
       0
       0
       0
       0
       0
       0
       0
       0
       0
       0
       0
       0
       0
       0
       0
       0
       0
       0
       0
       0
       0
       0
       0
       0
       0
       1
       0
       0
       0
       1
       0
       0
       0
       0
       0
       0
       0
       0
       0
       0
       1
       0
       0
       0
       0
       0
       0
       1
       2
       0
       0
       0
       0
       0
       0
       0
       0
       0
       0
       0
       0
       0
       0
       1
       0
       1
       0
       0
       0
       0
       0
       0
       0
       0
       0
       0
       0
       0
       0
       0
       0
       0
       1
       0
       0
       0
       0
       0
       1
       0
       0
       0
       0
       0
       0
       0
       0
       1
       0
       0
       0
       0
       0
       0
       0
       0
       0
       1
       0
       0
       0
       0
       0
       0
       0
       0
       1
       0
       0
       0
       0
       0
       0
       0
       0
       0
       0
       0
       0
       0
       0
       0
       0
       0
       0
       0
       0
       0
       0
       0
       0
       0
       0
       0
       0
       0
       0
       0
       0
       1
       1
       1
       0
       0
       0
       0
       1
       0
       0
       0
       0
       0
       0
       0
       0
       0
       0
       0
       0
       0
       0
       0
       0
       0
       0
       0
       0
       0
       0
       0
       0
       0
       0
       0
       0
       0
       1
       0
       0
       0
       0
       0
       0
       0
       0
       0
       0
       1
       0
       0
       1
       0
       0
       0
       0
       0
       0
       0
       0
       0
       0
       0
       0
       0
       0
       0
       1
       1
       0
       0
       0
       0
       0
       0
       0
       0
       0
       0
       0
       1
       0
       0
       0
       1
       0
       0
       0
       0
       0
       0
       0
       0
       0
       0
       0
       0
       0
       0
       0
       0
       0
       0
       0
       0
       0
       0
       0
       1
       0
       0
       0
       0
       0
       0
       0
       0
       0
       0
       0
       0
       0
       0
       0
       0
       0
       0
       0
       0
       0
       0
       0
       0
       0
       0
       0
       0
       0
       1
       0
       0
       0
       0
       0
       0
       0
       0
       0
       0
       0
       0
       0
       0
       0
       0
       0
       0
       0
       0
       0
       0
       0
       0
       0
       0
       0
       0
       1
       0
       0
       0
       0
       0
       0
       0
       0
       0
       0
       0
       0
       0
       0
       0
       0
       0
       0
       0
       0
       0
       0
       0
       0
       0
       0
       0
       0
       0
       0
       0
       0
       0
       0
       0
       0
       0
       0
       0
       0
       0
       1
       0
       0
       0
       0
       0
       0
       0
       0
       0
       0
       0
       0
       0
       1
       0
       0
       0
       0
       0
       0
       0
       0
       0
       0
       0
       0
       0
       0
       0
       0
       0
       0
       0
       0
       0
       0
       0
       1
       0
       0
       0
       0
       0
       1
       0
       0
       0
       0
       0
       0
       0
       0
       0
       0
       0
       0
       0
       0
       0
       0
       0
       0
       0
       0
       0
       0
       0
       0
       0
       0
       0
       0
       0
       0
       0
       0
       0
       0
       0
       0
       0
       0
       0
       0
       0
       0
       0
       0
       0
       0
       0
       0
       0
       0
       0
       0
       0
       0
       0
       0
       0
       0
       0
       0
       0
       0
       0
       0
       0
       0
       0
       0
       0
       0
       0
       0
       0
       0
       0
       0
       0
       0
       0
       0
       0
       0
       0
       0
       0
       0
       0
       0
       1
       0
       1
       0
       0
       0
       0
       0
       0
       0
       1
       0
       1
       0
       0
       0
       0
       0
       0
       0
       0
       0
       0
       0
       0
       0
       0
       0
       0
       0
       0
       0
       0
       0
       0
       0
       0
       0
       0
       0
       0
       0
       0
       0
       0
       0
       0
       0
       0
       0
       0
       0
       0
       0
       0
       0
       0
       1
       0
       0
       0
       0
       0
       0
       0
       0
       1
       0
       0
       1
       0
       0
       0
       0
       0
       0
       0
       0
       0
       1
       0
       0
       0
       0
       0
       0
       0
       0
       0
       0
       0
       0
       0
       0
       0
       0
       0
       0
       0
       0
       0
       0
       0
       0
       0
       0
       0
       0
       0
       0
       0
       0
       1
       0
       0
       0
       1
       0
       0
       0
       0
       0
       0
       0
       0
       0
       0
       0
       0
       0
       0
       1
       0
       0
       0
       0
       0
       0
       0
       0
       0
       0
       0
       0
       0
       0
       0
       0
       0
       0
       0
       0
       0
       0
       0
       0
       0
       1
       0
       1
       0
       1
       0
       0
       0
       0
       0
       0
       0
       2
       0
       0
       0
       0
       0
       0
       1
       0
       0
       0
       0
       0
       0
       0
       0
       0
       0
       0
       1
       0
       0
       1
       0
       0
       0
       0
       0
       0
       0
       0
       0
       0
       0
       0
       0
       0
       0
       1
       0
       0
       0
       0
       0
       0
       0
       0
       0
       0
       0
       0
       0
       0
       0
       0
       0
       0
       1
       0
       0
       0
       0
       0
       0
       0
       0
       0
       0
       0
       0
       0
       0
       0
       0
       0
       0
       0
       0
       0
       0
       0
       0
       0
       0
       0
       0
       0
       0
       0
       0
       0
       1
       0
       1
       0
       0
       0
       0
       0
       0
       0
       0
       0
       0
       0
       0
       0
       1
       0
       0
       0
       0
       0
       0
       0
       0
       0
       0
       1
       0
       0
       0
       0
       0
       0
       0
       0
       0
       0
       0
       0
       0
       0
       0
       0
       0
       1
       1
       1
       0
       0
       0
       1
       0
       0
       0
       0
       1
       0
       0
       0
       0
       0
       0
       0
       0
       0
       0
       0
       0
       0
       0
       0
       0
       0
       0
       1
       1
       0
       0
       0
       0
       0
       0
       0
       0
       0
       0
       0
       0
       0
       0
       0
       0
       0
       0
       0
       0
       0
       0
       0
       0
       0
       0
       0
       0
       0
       1
       0
       0
       0
       0
       0
       0
       0
       0
       0
       0
       0
       0
       0
       0
       0
       0
       0
       0
       0
       0
       0
       0
       0
       0
       0
       0
       0
       0
       0
       0
       0
       0
       0
       0
       0
       0
       0
       0
       0
       0
       0
       0
       0
       0
       0
       0
       0
       0
       0
       0
       0
       0
       0
       1
       0
       0
       0
       0
       0
       0
       0
       0
       0
       0
       0
       0
       0
       0
       0
       1
       0
       0
       0
       0
       0
       0
       0
       1
       0
       1
       0
       0
       1
       0
       0
       0
       0
       0
       0
       0
       0
       0
       0
       0
       0
       0
       0
       0
       0
       0
       0
       0
       0
       0
       0
       0
       0
       0
       0
       0
       0
       0
       0
       0
       0
       0
       0
       0
       0
       0
       0
       0
       0
       0
       0
       0
       0
       0
       0
       0
       1
       0
       0
       0
       0
       0
       0
       0
       0
       0
       0
       0
       0
       0
       0
       0
       0
       0
       0
       0
       0
       0
       0
       0
       0
       0
       0
       0
       0
       0
       0
       0
       0
       0
       0
       0
       0
       0
       0
       0
       0
       0
       0
       0
       0
       0
       0
       1
       0
       0
       0
       1
       0
       0
       0
       0
       0
       0
       0
       0
       0
       0
       0
       0
       0
       0
       0
       0
       0
       0
       0
       0
       0
       1
       0
       0
       0
       0
       0
       0
       0
       0
       0
       0
       0
       0
       0
       0
       0
       0
       0
       0
       0
       0
       0
       0
       0
       0
       0
       1
       0
       0
       0
       0
       0
       0
       0
       0
       0
       1
       0
       0
       0
       0
       0
       0
       0
       0
       0
       0
       0
       0
       0
       0
       0
       0
       0
       0
       0
       0
       0
       0
       0
       0
       0
       0
       0
       0
       0
       0
       0
       0
       0
       0
       0
       0
       0
       0
       0
       0
       0
       0
       0
       0
       0
       0
       1
       0
       0
       0
       0
       0
       0
       0
       0
       0
       0
       0
       0
       0
       0
       0
       0
       0
       0
       0
       0
       0
       0
       1
       0
       0
       0
       0
       0
       0
       0
       0
       0
       0
       0
       0
       0
       0
       0
       0
       0
       0
       0
       0
       0
       0
       0
       0
       0
       0
       0
       0
       0
       0
       0
       0
       0
       0
       0
       0
       0
       0
       0
       0
       0
       0
       0
       0
       0
       0
       0
       0
       0
       1
       0
       0
       0
       0
       0
       0
       0
       0
       0
       0
       0
       0
       0
       0
       0
       0
       0
       0
       0
       0
       0
       0
       0
       0
       0
       0
       0
       0
       0
       0
       0
       0
       0
       0
       0
       0
       1
       0
       0
       0
       0
       0
       0
       0
       0
       0
       0
       0
       0
       0
       0
       0
       0
       0
       0
       0
       0
       0
       0
       0
       0
       0
       0
       0
       0
       0
       0
       0
       0
       0
       0
       0
       0
       0
       0
       0
       0
       0
       0
       0
       0
       0
       0
       0
       0
       0
       0
       0
       0
       0
       0
       0
       0
       0
       0
       0
       0
       0
       0
       0
       0
       0
       0
       0
       0
       0
       0
       0
       0
       0
       0
       0
       0
       0
       0
       0
       0
       0
       0
       0
       0
       0
       0
       0
       0
       0
       0
       0
       0
       0
       0
       0
       0
       0
       0
       0
       0
       0
       0
       0
       0
       0
       0
       0
       0
       0
       0
       0
       0
       0
       0
       0
       0
       0
       0
       0
       0
       0
       0
       0
       0
       0
       0
       0
       0
       0
       0
       0
       0
       0
       0
       0
       0
       0
       0
       0
       0
       0
       0
       0
       0
       0
       0
       0
       0
$ROI:
0
$PRESETS:
Real Time
180
0
$ENER_FIT:
0.888569 0.390988
$MCA_CAL:
3
8.885689E-001 3.909876E-001 3.191953E-008 keV
$SHAPE_CAL:
3
0.000000E+000 0.000000E+000 0.000000E+000
