$SPEC_ID:
1
$SPEC_REM:
DET# 2
DETDESC# MCB 130 Normal
AP# Maestro Version 7.01
$DATE_MEA:
10/02/2019 09:37:09
$MEAS_TIM:
177 180
$DATA:
0 8191
       0
       0
       0
       0
       0
       0
       0
       0
       0
       0
       0
       0
       0
       0
       0
       0
       0
       0
       0
       0
       0
       0
       0
       0
       0
       0
      22
     499
     114
      87
     120
     127
     166
     169
     146
     114
     125
     135
     164
     180
     190
     183
     166
     130
     154
     141
     105
     111
     121
     133
     137
     118
     100
     103
     106
      84
      89
      84
     121
     128
     116
     113
     107
     111
     101
     116
     120
     123
     142
     200
     281
     325
     222
     178
     178
     193
     254
     315
     212
     172
     182
     156
     161
     148
     136
     139
     201
     239
     367
     545
     559
     347
     177
     123
     128
     145
     143
     148
     130
     132
     159
     210
     245
     204
     154
     147
     122
     103
      93
     113
     129
     114
     107
     111
     129
     108
     153
     117
     109
     107
     122
     123
     133
     127
     155
     227
     197
     146
     110
     127
     117
     142
     125
     112
     121
     117
     130
     100
     114
     124
      99
     130
     129
     166
     281
     325
     249
     131
     120
     135
     121
     124
     116
     121
     127
     136
     121
     106
     118
     111
     119
     150
     133
     125
     134
     129
     114
     127
     124
     134
     131
     123
     151
     147
     142
     139
     158
     123
     152
     157
     145
     161
     120
     151
     159
     159
     165
     148
     196
     212
     185
     205
     159
     154
     187
     162
     186
     156
     142
     155
     158
     186
     176
     194
     354
     580
     561
     327
     181
     157
     147
     152
     166
     188
     189
     182
     190
     166
     160
     159
     172
     187
     182
     165
     158
     158
     144
     168
     169
     184
     206
     245
     277
     207
     175
     161
     160
     192
     193
     270
     301
     324
     247
     176
     134
     174
     170
     191
     214
     320
     430
     393
     276
     241
     213
     176
     156
     136
     190
     134
     153
     191
     222
     208
     241
     229
     162
     177
     193
     231
     269
     230
     179
     177
     154
     158
     164
     148
     155
     161
     154
     201
     223
     226
     228
     194
     185
     168
     144
     164
     165
     193
     158
     172
     155
     163
     202
     163
     186
     171
     148
     169
     128
     149
     143
     138
     155
     154
     156
     174
     146
     149
     145
     152
     162
     151
     126
     136
     133
     158
     143
     134
     134
     160
     137
     143
     155
     124
     148
     143
     138
     131
     147
     147
     144
     140
     163
     146
     146
     126
     168
     134
     160
     142
     135
     156
     153
     142
     133
     149
     140
     124
     134
     124
     126
     160
     474
    1104
    1578
    1187
     499
     173
     139
     124
     129
     116
     108
     150
     139
     131
     198
     192
     180
     133
     117
     129
     116
     107
     122
     129
     123
     138
     131
     108
     107
     111
     113
      99
      97
     104
      77
     112
     104
     104
     106
     113
     102
     105
     114
      91
      90
     107
     115
     100
     120
     100
     136
     108
      99
     107
      99
      92
     106
     101
     122
     138
     114
     117
     118
     103
      87
     116
     118
      92
     103
     107
     104
     113
     102
     108
      78
     109
      97
     101
     111
      92
     101
     105
      92
      98
      93
      88
      89
     112
     113
     124
      88
     110
      88
     100
     106
     100
      89
     115
      91
     109
      92
      90
      88
     109
      92
     161
     181
     155
     134
     109
     105
      97
     101
      96
      92
      97
     103
     111
     105
     105
     100
     100
      71
      96
      86
      83
     102
      69
      83
      87
      84
      87
      89
      75
     104
      89
      70
     108
      90
     100
      84
      74
      70
      89
      84
     102
      78
     101
      87
      96
      91
      69
      92
      71
      72
      84
     100
      87
      78
      83
      82
      82
      93
      77
      64
      77
      75
      78
      87
      79
      92
      82
      65
      90
      77
      93
      94
      78
      84
      97
      69
      70
      79
      71
      74
      65
      85
      74
      68
      84
      76
      71
     100
      87
      79
      80
     100
      90
      93
      72
      87
      69
      58
      81
      90
      79
      86
      68
      72
      69
      75
      77
      73
      56
      73
      79
      74
      88
      61
      79
      60
      46
      77
      75
     103
     245
     619
     823
     611
     279
     105
      70
      65
      69
      83
      90
     103
      68
      68
      55
      62
      58
      71
      71
      54
      57
      71
      66
      52
      52
      50
      67
      73
      72
      95
      76
      63
      63
      74
      62
      77
      64
      70
      56
      48
      57
      68
      62
      66
      49
      70
      70
      58
      59
      55
      58
      60
      61
      61
     108
     314
     648
     859
     599
     262
      89
      55
      52
      44
      51
      54
      61
      70
      77
      81
      66
      51
      65
      50
      50
      53
      56
      52
      52
      58
      52
      60
      50
      58
      53
      56
      59
      66
      48
      66
      76
      72
      66
      50
      52
      43
      59
      50
      54
      69
      72
      82
      73
      62
      52
      59
      68
      50
      49
      60
      53
      49
      49
      49
      55
      47
      64
      54
      55
      54
      46
      62
      56
      53
      56
      37
      60
      80
      81
      70
      66
      49
      43
      55
      50
      53
      46
      39
      46
      41
      57
      49
      43
      62
      55
      57
      71
      60
      70
      39
      48
      52
      55
      45
      42
      50
      46
      41
      72
      49
      45
      44
      41
      61
      43
      58
     114
     282
     480
     471
     278
     105
      65
      49
      61
      69
      60
      49
      39
      35
      58
      69
      73
      60
      44
      44
      38
      44
      37
      43
      45
      51
      37
      48
      40
      38
      53
      59
      53
      57
      59
      61
      63
      40
      37
      41
      39
      58
      56
      51
      34
      43
      45
      42
      44
      39
      51
      39
      32
      41
      53
      38
      36
      43
      48
      53
      64
      67
      73
      65
      49
      50
      45
      40
      75
      89
      62
      39
      51
      43
      49
      48
      48
      43
      32
      34
      46
      59
      46
      45
      45
      32
      48
      38
      43
      38
      36
      54
      63
      89
      68
      52
      39
      55
      40
      49
      32
      29
      33
      41
      33
      42
      41
      51
      53
      44
      41
      33
      37
      37
      38
      39
      39
      45
      50
      36
      43
      46
      46
      39
      42
      45
      35
      45
      38
      38
      30
      35
      34
      34
      45
      37
      33
      30
      34
      37
      36
      32
      40
      40
      43
      27
      36
      44
      59
      74
      75
      50
      51
      48
      53
      40
      35
      38
      38
      33
      53
      47
      63
      40
      40
      40
      36
      46
      34
      38
      34
      40
      40
      37
      30
      34
      38
      48
      36
      33
      34
      36
      49
      78
     136
     183
     138
      78
      31
      41
      45
      36
      40
      28
      38
      30
      43
      25
      30
      34
      32
      24
      37
      31
      31
      26
      31
      26
      26
      25
      29
      25
      38
      25
      28
      32
      33
      18
      30
      27
      27
      38
      30
      37
      28
      22
      25
      24
      31
      26
      32
      39
      38
      26
      30
      32
      34
      34
      34
      41
      26
      25
      28
      27
      20
      18
      34
      26
      28
      34
      33
      27
      28
      31
      29
      28
      35
      26
      31
      35
      35
      39
      27
      21
      28
      31
      34
      18
      36
      22
      25
      19
      21
      24
      26
      36
      32
      19
      26
      22
      27
      21
      25
      24
      26
      25
      18
      27
      26
      20
      31
      26
      25
      28
      27
      32
      30
      30
      21
      22
      30
      38
      24
      32
      29
      33
      15
      22
      19
      27
      27
      29
      23
      20
      38
      29
      22
      31
      31
      22
      31
      26
      20
      28
      22
      28
      18
      24
      26
      23
      23
      29
      32
      25
      31
      35
      23
      33
      29
      32
      22
      19
      17
      27
      25
      20
      29
      34
      22
      22
      27
      29
      22
      22
      38
      33
      30
      24
      31
      38
      21
      29
      19
      36
      22
      18
      19
      24
      23
      30
      27
      25
      23
      30
      28
      25
      19
      29
      36
      27
      28
      25
      22
      32
      32
      26
      26
      31
      28
      27
      19
      20
      36
      31
      34
      33
      22
      26
      26
      30
      28
      25
      38
      28
      26
      19
      25
      17
      22
      33
      23
      33
      23
      30
      30
      16
      21
      24
      21
      24
      35
      28
      23
      24
      32
      22
      28
      33
      26
      24
      19
      32
      20
      24
      26
      32
      23
      27
      33
      24
      25
      22
      19
      17
      25
      30
      23
      28
      25
      34
      37
      37
      33
      28
      31
      25
      31
      22
      17
      28
      27
      25
      27
      27
      23
      30
      16
      25
      37
      27
      24
      33
      19
      26
      25
      22
      14
      27
      27
      27
      23
      28
      16
      24
      29
      28
      32
      27
      28
      20
      31
      21
      21
      13
      14
      21
      27
      45
      63
      71
      68
      43
      26
      18
      14
      30
      31
      34
      34
      33
      18
      22
      30
      25
      18
      27
      17
      22
      25
      20
      20
      18
      30
      35
      55
      54
      42
      28
      16
      21
      15
      18
      15
      25
      22
      19
      22
      21
      24
      20
      29
      17
      24
      20
      23
      27
      30
      47
      30
      33
      33
      38
      47
      39
      25
      17
      23
      26
      26
      32
      21
      26
      17
      23
      27
      22
      23
      22
      26
      18
      22
      21
      23
      21
       8
      27
      30
      11
      22
      21
      28
      17
      17
      16
      18
      20
      21
      22
      31
      59
      76
      64
      40
      27
      18
      25
      16
      15
      23
      14
      16
      25
      17
      21
      26
      56
     143
     310
     497
     467
     346
     163
      62
      35
      23
      15
      20
      18
      20
      17
      13
      15
      24
      15
      23
      23
      46
      58
      43
      36
      33
      20
      22
      18
      11
      23
      22
      16
      21
      20
      10
      16
      13
      19
      20
      11
      19
      20
      15
      13
      18
      22
      23
      15
      22
      12
      11
      14
      13
      15
       8
      19
      14
      22
      20
      13
      15
       9
      21
      22
      17
      17
      43
      67
      89
      98
      71
      37
      19
       9
      13
      14
      19
      15
      18
      18
      19
      11
      20
       6
      20
      18
      20
       9
      16
      19
      15
      17
      11
      21
       8
      17
      13
      21
      12
      12
      15
      10
      14
      20
      24
      13
      16
      13
      13
      15
      11
      12
      10
      19
      20
      11
      18
      20
      17
      17
      11
      17
      10
       8
      15
       9
      20
      12
      10
      11
       8
       9
      15
      17
      15
      18
      17
       8
      16
      13
      17
       9
      12
       5
      12
      13
       5
       9
      15
      13
      13
      10
      13
       8
      18
      12
      10
      14
      10
      13
      13
      12
       7
       7
      12
      13
      10
      12
      11
       8
       5
       8
       9
       9
       9
      13
      10
       6
      13
      11
       7
       9
      13
      11
      12
      15
      17
      15
      20
      11
      10
      16
      12
      13
      13
      18
       9
       8
      13
      10
      13
      20
      19
      38
      17
      36
      41
      20
      29
      16
      12
      13
      10
       9
       9
      11
       7
      11
      15
      12
      10
      12
      10
      12
      12
      10
      13
      13
       9
      11
      10
      12
      10
      11
      17
      14
      14
      10
      11
      11
      16
       9
       8
      13
       8
      12
       7
      12
      11
      14
      12
       8
       6
       4
       8
       6
      11
      18
      30
      43
      52
      28
      21
       8
       8
       5
       9
      10
      11
       6
       5
       7
       4
      10
       9
      10
      17
      19
      12
      12
       6
       7
       5
       9
       8
       8
       9
       4
      11
       8
       8
       8
       9
       8
      10
       6
       6
       4
       6
       4
       7
      10
       5
      11
       8
       8
       5
       7
      15
      12
      14
      12
       8
       9
      12
      15
      11
      15
      22
      17
      13
       4
       4
      10
       7
      10
       7
      20
      54
     141
     279
     328
     300
     158
      92
      30
      12
       4
       9
       1
      11
      15
       5
       7
      12
      12
      26
      26
      43
      21
      14
      27
      17
      77
     168
     228
     239
     151
      82
      33
      18
      18
      16
       5
      12
      16
      18
       9
       8
       8
       5
       4
       5
       2
      11
       3
      10
       9
       8
       7
       9
      10
       6
       7
       9
       8
       7
       8
       9
       2
      10
       8
       8
       8
       8
       7
       3
       5
      12
       4
       6
       8
       7
       8
      10
       4
       7
       6
       5
       4
      12
       5
       5
       3
       6
       8
       5
       4
       6
       8
       7
       5
       9
      10
       6
       3
       3
       4
       7
       4
       5
       2
       7
       9
       5
       5
      11
       4
       5
       9
       7
       6
       3
       3
       3
       7
       5
       8
      10
      12
       6
       6
      12
       5
       9
      19
      12
      13
      11
       7
       7
       5
       3
       6
       4
       6
       6
       7
       7
       4
       5
       4
       7
       7
      10
       3
       3
       5
      10
       9
       5
       8
      11
       4
       3
       9
       5
       7
       7
       4
       4
       9
       7
      15
      23
      21
      20
      12
      11
      15
      20
      17
      12
      15
      10
      14
      12
      21
      22
      22
      12
       9
       8
       7
       2
       4
       4
       3
       7
      11
       2
       4
       3
       7
       7
       6
       8
       8
       7
       4
       2
       7
       2
       5
       7
      10
       8
      24
      30
      48
      42
      31
      19
       5
       8
      14
      30
      89
     185
     228
     238
     169
      82
      20
      11
       3
       3
       3
       4
       7
       5
       6
       9
       7
      19
      27
      27
      16
      22
      14
       8
       9
       7
       9
       6
       4
       4
       2
       3
       7
       6
      12
      10
      21
      22
      11
      10
       8
       6
       2
       3
       5
       4
       5
       4
       4
       2
       9
       4
       8
       7
       2
       2
       6
       2
       4
       2
      11
       3
       8
       8
       8
       7
      11
       8
       5
       6
       5
       5
       7
       7
      24
      59
     130
     172
     158
     134
      55
      31
      15
       9
       6
       9
       5
       4
      12
      14
      15
      18
      13
       8
       4
      10
       2
       7
       7
       2
       6
       6
       5
      10
      12
       4
       2
       6
       7
       2
       5
       8
       3
       3
       4
       1
       2
       8
       4
       4
       4
       8
       5
       8
       7
       3
       4
       2
       9
       6
       5
       6
       7
       7
       5
       3
       6
       4
       8
       3
       4
       2
       5
       7
       7
       4
       2
       4
       3
       3
       3
       1
       6
       3
       6
       7
       7
       4
       5
       9
       4
       4
       6
       6
       7
       3
       2
       4
       1
       9
       6
      12
       8
      13
       7
      10
       7
      12
       6
      22
      11
      11
       3
       7
       6
      14
      15
      15
      24
      16
      11
       8
       4
       5
       4
       3
       5
       1
       2
       5
       5
       5
       5
       4
       3
       4
      10
       8
       5
       3
       2
       3
       2
       6
       4
       4
       5
       3
       4
       4
       3
       0
       2
       6
       3
       4
       5
       5
       4
       4
       2
       3
       4
       3
       3
       3
       3
       2
       6
       5
       5
       3
       2
       2
       4
       5
       0
       5
       3
       3
       4
       2
       3
       2
       6
       7
       1
       7
       4
       2
       3
       5
       4
       2
       5
       5
       3
       1
       2
       2
       4
       3
       3
       1
       3
       3
       3
       5
       5
       8
       7
      10
       5
       6
       7
       6
       2
       2
       6
       4
       7
       9
       5
       5
       3
       4
       4
       8
       3
       1
       5
       4
       1
       4
       3
       5
       5
       4
       4
       4
       1
       6
       2
       2
       8
       3
       4
       1
       3
       6
       8
       4
      12
       2
       4
       6
       1
       6
       3
       1
       2
       5
       1
       3
       2
       3
       2
       6
       9
      11
      12
      20
       7
      11
       8
       2
       4
       3
       9
      10
      19
      16
      17
      14
      16
       5
       4
       3
       4
       3
       3
       3
       2
       3
       2
       3
       5
       6
       2
       3
       3
       3
       9
       6
       3
       4
       3
       6
       8
       5
       5
       7
       3
       5
       6
       8
       5
       4
       4
       5
       4
       3
       3
       1
       3
       1
       3
       1
       1
       5
       4
       3
       3
       2
       3
       2
       2
       2
       2
       5
       3
       0
       6
       6
       1
       3
       2
       0
       2
       4
       7
       1
       2
       5
       3
       3
       6
       9
       5
       8
      10
       6
       9
       7
       4
       2
       1
       3
       4
       2
       3
       0
       3
       4
       4
       4
       0
       4
       1
       2
       0
       7
       2
       2
       3
       1
       3
       5
       1
       3
       2
       2
       4
       1
       1
       7
       6
       9
       5
       8
       9
       7
       4
       7
       3
       3
       5
       3
       5
       4
       3
       1
       1
       2
       6
       2
       3
       6
       1
       4
       4
       3
       4
       5
       2
       5
       2
       3
       5
       4
       2
       1
       1
       3
       0
       2
       3
       2
       2
       2
       0
       2
       2
       3
       4
       2
       4
       0
       3
       4
       2
       4
       2
       6
       4
       7
       6
       3
       5
       4
       2
       3
       2
       5
       2
       2
       4
       3
       4
       2
       7
      16
      19
      29
      26
      24
      13
       4
       3
       2
       0
       2
       4
       4
       4
       3
       1
       6
       4
       2
       5
       4
       6
       4
       5
       3
       4
       3
       6
       2
      10
      10
      11
       8
      10
      10
       1
       2
       5
       3
       4
       9
       2
       4
       1
       3
       4
       1
       4
       3
       4
       0
       8
       2
       2
       3
       2
       4
       4
       2
       1
       2
       4
       1
       4
       3
       3
       2
       1
       3
       1
       4
       5
       1
       1
       3
       2
       4
       1
       3
       6
       4
       3
       3
       1
       1
       4
       1
       2
       3
       1
       2
       3
       2
       0
       4
       4
       3
       3
       3
       2
       2
       1
       5
       1
       3
       5
       1
       3
       2
       3
       1
       2
       5
       2
       2
       2
       6
       4
       1
       3
       1
       2
       1
       6
       3
       2
       6
       1
       2
       5
       0
       1
       3
       5
       2
       5
       3
       3
       1
       4
       3
       3
       1
       4
       0
       6
       6
       2
       0
       1
       5
       2
       1
       2
       6
       1
       5
       3
       2
       5
       0
       2
       1
       3
       1
       2
       6
       3
       3
       2
       4
       0
       4
       6
       8
       4
       5
       6
      10
      14
      23
      26
      24
      17
       8
       7
       3
       2
       2
       1
       0
       2
       1
       2
       4
       3
       0
       4
       2
       0
       3
       1
       2
       2
       2
       3
       2
       4
       4
       2
       1
       6
       2
       3
       2
       0
       2
       0
       5
       7
       1
       6
       2
       2
       1
       0
       1
       1
       3
       3
       2
       2
       5
       4
       3
       2
       3
       4
       2
       0
       5
       0
       3
       4
       1
       2
       1
       3
       5
       4
       0
       2
       3
       1
       5
       2
       3
       3
       1
       2
       2
       2
       1
       3
       3
       2
       3
       1
       1
       5
       2
       0
       7
       1
       3
       2
       3
       0
       3
       1
       2
       2
       1
       2
       2
       5
       6
       2
       2
       3
       4
       3
       1
       1
       1
       3
       2
       1
       3
       6
       2
       0
       2
       3
       2
       2
       5
       3
       2
       2
       2
       4
       2
       5
       1
       1
       2
       5
       4
       2
       4
       4
       0
       4
       2
       1
       5
       9
       0
       2
       1
       5
       2
       4
       3
       2
       5
       4
       1
       3
       2
       0
       3
       3
       3
       2
       1
       2
       4
       3
       6
       2
       2
       1
       3
       2
       3
       6
       2
       2
       3
       0
       2
       2
       2
       0
       1
       2
       4
       3
       4
       1
       3
       4
       3
       3
       2
       3
       5
       0
       4
       3
       2
       1
       1
       1
       1
       4
       0
       5
       1
       5
       2
       0
       3
       1
       4
       4
       2
       3
       1
       8
       1
       2
       4
       3
       3
       1
       2
       2
       3
       1
       4
       3
       4
       1
       0
       3
       1
       2
       1
       0
       3
       5
       4
       7
       4
      11
      11
       2
       2
       2
       4
       3
       2
       0
       3
       5
       5
       3
       4
       2
       1
       2
       0
       2
       3
       2
       0
       2
       3
       4
       2
       6
       4
      12
       7
       6
       3
       5
       1
       1
       0
       3
       2
       7
       9
       2
       7
       3
       4
       2
       2
       5
       1
       2
       1
       2
       0
       1
       2
       5
       1
       2
       1
       4
       7
       4
       2
       6
       2
       3
       0
       1
       6
       5
       4
       6
      10
       7
       5
       3
       1
       2
       4
       3
       0
       0
       0
       1
       1
       5
       2
       2
       2
       3
       3
       2
       1
       0
       1
       2
       2
       3
       5
       2
       4
       2
       1
       4
       1
       1
       1
       4
       0
       1
       0
       2
       0
       1
       1
       1
       4
       2
       4
       1
       2
       0
       2
       3
       1
       2
       3
       4
       0
       4
       0
       1
       1
       2
       5
       6
       6
       4
       2
       2
       3
       1
       4
       1
       5
       6
       2
       4
       5
       8
       4
       6
       4
       2
       2
       0
       1
       2
       1
       4
       1
       2
       1
       2
       0
       2
       1
       2
       2
       0
       1
       2
       3
       3
       3
       1
       0
       1
       0
       1
       3
       3
       3
       2
       1
       2
       0
       3
       1
       3
       1
       2
       1
       1
       0
       3
       1
       3
       0
       2
       1
       1
       1
       4
       1
       3
       3
       4
       7
       2
       2
       3
       2
       1
       1
       3
       2
       1
       3
       1
       3
       0
       2
       4
       2
       4
       0
       2
       2
       1
       3
       3
       1
       1
       0
       1
       3
       1
       1
       0
       4
       0
       5
       1
       2
       4
       1
       0
       0
       1
       2
       1
       5
       6
       4
       3
       2
       1
       1
       1
       1
       3
       1
       1
       1
       2
       0
       2
       2
       1
       3
       0
       4
       1
       3
       1
       0
       4
       0
       1
       1
       1
       1
       4
       2
       4
       2
       1
       0
       0
       4
       3
       0
       3
       3
       2
       3
       2
       5
       4
       5
       4
       2
       2
       3
       0
       1
       2
       0
       1
       2
       1
       2
       3
       0
       2
       2
       0
       1
       1
       2
       2
       1
       0
       3
       0
       1
       0
       2
       5
       2
       2
       3
       4
       2
       3
       0
       3
       3
       0
       0
       3
       2
       4
       0
       0
       5
       1
       2
       0
       2
       3
       4
       2
       2
       1
       4
       2
       3
       2
      11
       2
       2
       2
       4
       2
       0
       1
       0
       2
       2
       1
       2
       3
       2
       0
       3
       1
       3
       0
       1
       0
       1
       1
       1
       3
       1
       5
       1
       3
       1
       2
       0
       0
       1
       2
       3
       1
       4
       2
       4
       2
       2
       2
       0
       1
       1
       2
       1
       2
       2
       0
       2
       0
       0
       3
       1
       3
       1
       1
       1
       1
       2
       1
       2
       1
       2
       1
       1
       1
       2
       2
       2
       1
       1
       5
       1
       5
       1
       3
       5
       3
       2
       0
       1
       2
       0
       3
       3
       5
       2
       1
       2
       1
       7
      12
       5
       8
       5
       4
       0
       1
       3
       0
       0
       1
       0
       2
       1
       2
       1
       3
       2
       1
       1
       0
       3
       0
       1
       1
       1
       1
       0
       0
       0
       3
       3
       0
       1
       1
       0
       4
       4
       3
       2
       1
       4
       0
       0
       3
       0
       1
       2
       1
       1
       0
       2
       1
       3
       2
       1
       0
       0
       3
       0
       2
       0
       0
       3
       1
       1
       0
       1
       0
       4
       1
       1
       1
       2
       2
       0
       1
       0
       1
       1
       0
       1
       0
       1
       1
       4
       1
       1
       4
       7
       2
       3
       1
       0
       0
       1
       1
       0
       1
       1
       1
       0
       0
       2
       2
       0
       1
       1
       3
       1
       3
       2
       2
       0
       1
       1
       0
       2
       1
       3
       2
       1
       3
       1
       3
       2
       1
       2
       1
       2
       0
       3
       0
       1
       2
       0
       2
       2
       0
       1
       0
       1
       1
       1
       0
       0
       2
       2
       2
       0
       1
       0
       1
       2
       0
       2
       0
       0
       2
       1
       2
       0
       2
       0
       1
       2
       2
       5
       1
       4
       4
       2
       1
       0
       1
       0
       2
       0
       1
       0
       5
       1
       4
       1
       2
       1
       0
       1
       3
       4
       2
       3
       4
       4
       3
       3
       0
       0
       1
       1
       1
       2
       1
       1
       2
       0
       3
       0
       2
       1
       0
       2
       0
       0
       2
       0
       0
       0
       1
       0
       1
       0
       2
       2
       0
       2
       1
       0
       0
       0
       0
       0
       0
       1
       2
       0
       4
       2
       0
       4
       1
       1
       0
       0
       0
       1
       1
       0
       0
       0
       0
       2
       2
       2
       2
       5
       2
       9
       6
       7
       5
       2
       3
       0
       1
       1
       1
       1
       0
       1
       1
       2
       2
       2
       1
       1
       0
       1
       0
       1
       1
       2
       4
       3
       1
       1
       1
       0
       0
       0
       0
       1
       1
       1
       2
       0
       0
       1
       1
       1
       1
       0
       1
       1
       0
       1
       1
       0
       0
       0
       1
       0
       0
       2
       2
       1
       1
       0
       0
       0
       0
       0
       2
       3
       2
       0
       3
       2
       0
       2
       1
       0
       1
       3
       2
       0
       1
       1
       0
       0
       0
       0
       1
       0
       0
       2
       0
       0
       0
       0
       1
       0
       1
       0
       0
       0
       0
       1
       1
       3
       0
       1
       0
       0
       1
       1
       0
       0
       3
       1
       1
       3
       2
       4
       1
       0
       2
       0
       0
       1
       0
       0
       1
       1
       0
       0
       1
       2
       0
       1
       1
       1
       1
       2
       0
       1
       1
       0
       1
       0
       1
       0
       1
       1
       0
       1
       3
       2
       1
       2
       5
       2
       0
       5
       4
      13
      15
      21
      18
      20
       9
       3
       0
       4
       0
       0
       2
       0
       0
       2
       0
       1
       0
       1
       0
       0
       0
       0
       0
       1
       0
       0
       0
       0
       1
       1
       0
       0
       3
       0
       2
       1
       2
       0
       0
       0
       0
       0
       1
       1
       3
       0
       0
       0
       3
       0
       0
       0
       0
       1
       0
       1
       2
       0
       0
       1
       0
       0
       1
       1
       0
       0
       1
       0
       1
       0
       1
       1
       1
       2
       0
       0
       1
       0
       0
       0
       1
       0
       2
       0
       0
       1
       1
       1
       0
       1
       0
       0
       0
       0
       1
       0
       1
       0
       1
       2
       0
       0
       0
       0
       0
       1
       1
       0
       1
       0
       0
       1
       1
       0
       1
       0
       0
       1
       1
       0
       0
       2
       1
       0
       0
       0
       0
       0
       0
       1
       1
       2
       1
       0
       0
       2
       0
       2
       0
       2
       0
       0
       1
       0
       0
       0
       2
       2
       0
       0
       0
       0
       0
       0
       0
       0
       1
       1
       1
       0
       1
       0
       0
       0
       1
       2
       0
       1
       0
       0
       0
       0
       0
       0
       1
       0
       1
       1
       1
       1
       0
       1
       0
       1
       1
       1
       0
       0
       0
       1
       1
       1
       0
       1
       2
       0
       0
       0
       1
       0
       0
       0
       0
       0
       1
       0
       0
       0
       1
       0
       1
       1
       0
       1
       0
       0
       0
       1
       0
       0
       0
       1
       1
       0
       1
       1
       0
       0
       2
       1
       1
       0
       0
       1
       0
       0
       1
       0
       0
       0
       0
       1
       1
       0
       0
       0
       3
       0
       0
       0
       0
       0
       1
       1
       1
       0
       1
       1
       1
       0
       0
       1
       0
       1
       0
       0
       0
       0
       0
       0
       0
       1
       0
       1
       0
       0
       0
       0
       0
       1
       0
       1
       2
       1
       1
       0
       0
       0
       1
       0
       0
       0
       0
       0
       0
       1
       1
       0
       1
       0
       0
       0
       0
       0
       0
       2
       1
       1
       0
       0
       0
       0
       0
       1
       1
       1
       1
       0
       0
       0
       0
       0
       1
       0
       1
       0
       2
       0
       0
       0
       1
       0
       0
       0
       0
       0
       0
       1
       0
       0
       0
       1
       1
       3
       2
       9
      12
      16
      24
      23
      17
      11
       6
       3
       3
       0
       0
       0
       0
       0
       0
       0
       1
       0
       2
       1
       0
       0
       0
       0
       0
       1
       0
       0
       0
       0
       0
       0
       0
       1
       1
       0
       1
       0
       2
       0
       1
       0
       0
       0
       0
       0
       0
       1
       1
       1
       0
       0
       0
       1
       1
       0
       0
       1
       1
       0
       2
       0
       0
       2
       1
       1
       1
       0
       1
       1
       0
       0
       0
       0
       0
       0
       0
       0
       1
       0
       0
       0
       0
       0
       1
       0
       0
       1
       1
       0
       0
       0
       1
       1
       0
       0
       0
       0
       0
       0
       0
       0
       0
       0
       0
       0
       0
       2
       0
       0
       0
       0
       0
       0
       0
       0
       0
       0
       0
       0
       2
       0
       0
       2
       0
       1
       0
       0
       0
       0
       0
       0
       0
       0
       0
       1
       1
       0
       0
       0
       0
       0
       2
       2
       0
       2
       0
       1
       0
       1
       0
       1
       0
       0
       0
       0
       0
       0
       0
       0
       0
       0
       0
       0
       0
       0
       0
       0
       0
       0
       1
       1
       0
       0
       0
       1
       1
       0
       0
       0
       0
       0
       1
       0
       0
       0
       0
       0
       0
       0
       0
       0
       1
       1
       0
       2
       1
       2
       1
       0
       1
       0
       1
       0
       0
       0
       0
       0
       1
       0
       0
       3
       0
       1
       0
       2
       0
       0
       0
       0
       0
       0
       0
       0
       0
       0
       0
       0
       0
       0
       0
       0
       0
       0
       0
       0
       0
       0
       0
       0
       0
       0
       2
       0
       0
       0
       0
       0
       0
       0
       0
       0
       0
       0
       0
       0
       0
       1
       0
       1
       0
       1
       0
       0
       0
       0
       0
       0
       0
       0
       0
       2
       0
       0
       0
       0
       0
       0
       0
       0
       0
       0
       1
       2
       0
       1
       0
       0
       2
       0
       0
       0
       0
       1
       0
       0
       0
       0
       0
       0
       1
       0
       1
       1
       1
       1
       0
       0
       0
       0
       0
       0
       0
       0
       0
       0
       0
       0
       0
       0
       0
       0
       0
       0
       0
       1
       0
       0
       1
       0
       0
       0
       0
       0
       0
       0
       0
       0
       0
       0
       0
       0
       0
       0
       1
       2
       1
       0
       0
       0
       0
       1
       0
       0
       1
       1
       0
       0
       0
       0
       0
       0
       0
       0
       0
       0
       0
       0
       0
       0
       1
       1
       0
       0
       0
       0
       0
       0
       0
       0
       1
       0
       0
       0
       0
       0
       0
       0
       0
       0
       0
       0
       0
       1
       2
       0
       0
       2
       0
       0
       1
       0
       0
       1
       0
       0
       0
       0
       1
       0
       0
       0
       0
       0
       0
       2
       0
       0
       0
       0
       0
       0
       0
       3
       0
       0
       0
       2
       0
       0
       1
       1
       0
       4
       2
       4
       1
       2
       0
       0
       0
       0
       0
       0
       0
       0
       0
       1
       0
       0
       0
       0
       0
       0
       1
       0
       0
       0
       0
       0
       0
       0
       0
       0
       1
       0
       0
       0
       0
       0
       0
       0
       1
       1
       1
       0
       0
       0
       0
       0
       0
       0
       1
       0
       0
       0
       0
       0
       0
       1
       0
       0
       2
       1
       0
       0
       0
       0
       0
       0
       1
       0
       1
       1
       1
       1
       1
       1
       0
       3
       0
       1
       0
       0
       1
       0
       0
       1
       0
       0
       0
       1
       0
       0
       0
       0
       0
       1
       0
       0
       0
       0
       0
       0
       0
       0
       0
       0
       1
       0
       0
       1
       1
       0
       0
       0
       0
       0
       0
       0
       0
       0
       0
       0
       0
       0
       0
       0
       0
       0
       1
       0
       0
       1
       0
       0
       0
       0
       0
       0
       0
       0
       0
       1
       0
       0
       0
       0
       0
       0
       0
       0
       0
       1
       0
       1
       0
       0
       0
       0
       0
       0
       0
       0
       0
       0
       0
       0
       0
       0
       0
       1
       0
       0
       0
       0
       0
       1
       0
       0
       0
       0
       0
       0
       0
       0
       0
       0
       0
       1
       0
       0
       1
       1
       0
       1
       0
       1
       1
       1
       0
       0
       0
       0
       0
       0
       0
       0
       0
       0
       0
       0
       1
       1
       0
       0
       1
       0
       2
       0
       0
       0
       0
       1
       0
       1
       0
       0
       0
       0
       0
       0
       0
       0
       0
       0
       0
       0
       0
       1
       0
       0
       0
       0
       0
       0
       0
       0
       0
       0
       0
       0
       0
       0
       0
       1
       0
       0
       0
       0
       0
       1
       0
       0
       0
       0
       0
       0
       0
       0
       0
       0
       0
       0
       0
       0
       0
       0
       0
       1
       0
       0
       0
       1
       0
       0
       0
       0
       0
       0
       0
       0
       0
       2
       0
       0
       0
       0
       0
       0
       0
       0
       0
       0
       1
       0
       0
       0
       0
       0
       0
       0
       1
       1
       0
       0
       0
       0
       0
       0
       0
       0
       0
       0
       0
       0
       0
       0
       0
       0
       0
       0
       0
       0
       0
       2
       0
       0
       0
       0
       0
       0
       0
       0
       0
       0
       0
       0
       0
       0
       0
       0
       2
       0
       0
       0
       0
       0
       0
       0
       0
       0
       0
       1
       0
       0
       0
       0
       0
       0
       1
       0
       0
       0
       0
       0
       0
       0
       1
       0
       0
       0
       1
       1
       0
       1
       0
       0
       0
       0
       0
       0
       0
       0
       0
       0
       0
       1
       1
       0
       0
       1
       0
       1
       2
       0
       2
       1
       0
       0
       1
       0
       0
       0
       0
       0
       0
       0
       0
       0
       0
       0
       0
       0
       0
       1
       0
       0
       0
       0
       0
       0
       0
       0
       0
       0
       0
       0
       0
       0
       0
       0
       0
       0
       0
       0
       0
       0
       0
       0
       0
       0
       0
       0
       0
       1
       0
       0
       0
       0
       0
       1
       0
       1
       0
       0
       0
       0
       0
       0
       0
       0
       0
       0
       0
       0
       0
       0
       0
       0
       1
       1
       0
       0
       0
       0
       0
       0
       0
       0
       0
       0
       0
       0
       0
       0
       1
       0
       0
       0
       0
       0
       0
       0
       0
       0
       0
       1
       2
       0
       0
       0
       1
       0
       0
       0
       0
       0
       0
       0
       0
       0
       0
       0
       0
       0
       0
       0
       0
       0
       0
       0
       0
       0
       0
       0
       0
       0
       0
       0
       0
       0
       0
       0
       0
       0
       0
       0
       0
       0
       0
       0
       0
       1
       0
       0
       0
       0
       0
       0
       0
       0
       0
       0
       0
       0
       0
       0
       0
       0
       0
       0
       1
       0
       0
       0
       0
       0
       0
       0
       0
       0
       0
       0
       0
       0
       0
       0
       0
       0
       0
       0
       0
       0
       0
       0
       0
       1
       0
       0
       1
       0
       0
       0
       0
       0
       1
       0
       0
       1
       0
       0
       0
       3
       1
       0
       0
       1
       0
       0
       0
       0
       0
       0
       0
       0
       0
       0
       0
       0
       0
       0
       0
       0
       1
       0
       0
       0
       0
       0
       0
       0
       0
       1
       0
       0
       0
       0
       0
       0
       0
       0
       1
       0
       0
       0
       0
       1
       0
       0
       0
       0
       0
       0
       0
       0
       0
       0
       0
       0
       0
       0
       0
       0
       0
       0
       0
       0
       0
       0
       0
       0
       0
       0
       0
       0
       0
       0
       0
       0
       0
       0
       0
       0
       0
       0
       0
       1
       0
       0
       0
       1
       0
       0
       0
       0
       1
       0
       0
       0
       0
       1
       0
       0
       0
       0
       1
       0
       0
       0
       0
       0
       0
       2
       0
       0
       0
       0
       0
       0
       0
       0
       0
       0
       1
       0
       0
       0
       0
       0
       0
       0
       0
       0
       0
       0
       0
       0
       0
       0
       0
       0
       0
       0
       0
       0
       0
       0
       0
       0
       1
       0
       0
       0
       0
       1
       0
       0
       0
       0
       0
       0
       0
       0
       0
       0
       0
       0
       1
       0
       0
       0
       0
       0
       0
       1
       0
       0
       0
       0
       0
       0
       0
       0
       0
       0
       0
       0
       0
       1
       0
       0
       0
       0
       0
       0
       1
       0
       1
       1
       0
       0
       0
       0
       0
       0
       0
       0
       0
       0
       0
       0
       0
       0
       0
       0
       0
       0
       0
       0
       0
       0
       0
       0
       0
       1
       0
       1
       0
       0
       0
       0
       0
       0
       0
       0
       1
       0
       0
       0
       0
       0
       0
       0
       0
       1
       0
       0
       0
       0
       0
       0
       0
       0
       0
       0
       0
       0
       1
       1
       0
       1
       0
       0
       0
       1
       2
       0
       0
       0
       0
       0
       0
       0
       0
       0
       0
       0
       0
       0
       0
       0
       0
       0
       0
       0
       0
       0
       0
       0
       0
       0
       0
       0
       0
       0
       0
       1
       0
       1
       2
       0
       0
       0
       0
       0
       0
       0
       0
       0
       0
       0
       0
       0
       0
       0
       0
       0
       0
       0
       0
       0
       0
       0
       0
       0
       0
       0
       0
       0
       0
       0
       0
       0
       0
       0
       0
       0
       0
       0
       0
       0
       0
       0
       0
       0
       0
       0
       0
       0
       0
       0
       0
       0
       0
       0
       0
       0
       0
       0
       0
       0
       0
       0
       0
       0
       0
       0
       0
       0
       0
       0
       0
       0
       0
       0
       1
       0
       1
       0
       0
       0
       0
       0
       0
       1
       0
       0
       0
       0
       0
       0
       0
       0
       0
       0
       0
       0
       0
       0
       0
       0
       1
       0
       0
       0
       0
       0
       0
       0
       0
       0
       0
       0
       0
       0
       0
       0
       0
       0
       0
       0
       0
       0
       0
       0
       0
       0
       0
       0
       0
       0
       0
       0
       0
       0
       0
       0
       0
       0
       0
       0
       0
       0
       0
       0
       0
       0
       0
       0
       0
       0
       1
       0
       0
       0
       0
       0
       0
       0
       0
       1
       0
       0
       0
       0
       1
       0
       0
       0
       0
       0
       0
       0
       0
       0
       0
       0
       0
       1
       0
       0
       0
       0
       0
       0
       0
       0
       0
       0
       0
       0
       0
       0
       0
       0
       0
       0
       0
       0
       0
       0
       0
       0
       0
       0
       0
       0
       0
       0
       0
       0
       0
       0
       0
       0
       0
       0
       1
       0
       0
       1
       0
       0
       0
       0
       0
       0
       0
       0
       0
       0
       0
       0
       0
       1
       0
       0
       0
       0
       0
       0
       0
       0
       0
       0
       0
       0
       0
       0
       0
       0
       0
       0
       0
       0
       0
       0
       0
       0
       0
       0
       0
       0
       0
       0
       0
       1
       1
       0
       0
       0
       0
       0
       0
       0
       0
       0
       0
       0
       0
       0
       0
       0
       0
       0
       0
       0
       0
       0
       0
       0
       1
       1
       0
       0
       0
       0
       0
       1
       0
       1
       0
       0
       0
       0
       0
       0
       0
       0
       1
       0
       0
       0
       0
       0
       0
       0
       0
       1
       0
       0
       0
       0
       0
       1
       0
       0
       1
       0
       0
       0
       0
       0
       0
       0
       2
       0
       0
       0
       0
       0
       0
       0
       0
       0
       0
       0
       0
       0
       0
       0
       0
       0
       0
       0
       0
       0
       0
       0
       0
       0
       0
       0
       0
       0
       1
       0
       0
       0
       0
       0
       0
       0
       0
       0
       0
       0
       0
       0
       0
       0
       1
       0
       0
       0
       0
       0
       0
       0
       0
       1
       0
       0
       0
       0
       0
       0
       0
       0
       0
       0
       0
       0
       2
       0
       0
       0
       0
       0
       0
       1
       0
       1
       0
       1
       0
       0
       0
       0
       0
       0
       0
       0
       0
       0
       0
       0
       0
       0
       0
       0
       0
       0
       0
       0
       0
       0
       0
       0
       0
       1
       0
       0
       0
       0
       0
       0
       0
       0
       0
       0
       0
       0
       0
       0
       0
       0
       0
       0
       0
       0
       0
       0
       0
       0
       0
       0
       0
       0
       0
       0
       0
       0
       0
       0
       0
       1
       0
       0
       0
       0
       0
       0
       0
       0
       0
       0
       0
       0
       0
       0
       0
       0
       0
       0
       0
       0
       0
       0
       0
       0
       0
       0
       0
       0
       0
       0
       0
       0
       0
       0
       0
       0
       0
       0
       0
       0
       0
       0
       0
       0
       0
       0
       0
       0
       0
       0
       0
       0
       0
       0
       0
       0
       0
       0
       0
       0
       0
       1
       0
       0
       0
       0
       0
       0
       0
       0
       0
       0
       0
       0
       0
       0
       0
       0
       0
       0
       0
       0
       0
       0
       0
       0
       0
       0
       0
       1
       0
       0
       0
       0
       0
       0
       0
       0
       0
       0
       0
       0
       0
       0
       1
       0
       0
       0
       0
       1
       0
       0
       0
       0
       0
       0
       0
       0
       0
       0
       0
       0
       0
       0
       0
       0
       0
       0
       0
       1
       1
       0
       0
       0
       0
       0
       0
       0
       0
       0
       0
       0
       0
       0
       0
       0
       0
       0
       0
       0
       0
       0
       0
       0
       0
       0
       0
       0
       0
       0
       0
       0
       0
       1
       0
       0
       0
       0
       0
       0
       0
       0
       0
       0
       0
       0
       0
       1
       0
       0
       0
       0
       0
       0
       0
       0
       0
       0
       0
       0
       0
       0
       0
       0
       0
       0
       0
       1
       0
       0
       0
       0
       0
       0
       0
       0
       0
       0
       0
       0
       0
       0
       0
       0
       0
       0
       0
       0
       0
       0
       0
       1
       0
       0
       0
       0
       0
       0
       0
       0
       0
       0
       0
       1
       0
       0
       0
       0
       0
       0
       0
       0
       0
       0
       0
       0
       0
       0
       0
       0
       0
       0
       0
       0
       0
       0
       0
       0
       0
       0
       0
       0
       0
       0
       0
       0
       0
       0
       0
       0
       0
       0
       0
       0
       1
       0
       0
       0
       0
       0
       0
       0
       0
       0
       0
       0
       0
       0
       0
       0
       1
       0
       0
       0
       0
       1
       0
       0
       0
       0
       0
       0
       0
       0
       0
       0
       0
       1
       0
       0
       0
       0
       0
       0
       0
       0
       0
       0
       0
       0
       0
       0
       0
       1
       0
       0
       0
       0
       0
       0
       0
       0
       0
       0
       0
       0
       0
       0
       0
       0
       0
       0
       0
       0
       0
       0
       0
       0
       0
       0
       0
       0
       0
       0
       0
       0
       0
       1
       0
       0
       0
       0
       0
       1
       0
       0
       0
       0
       0
       0
       0
       1
       0
       0
       0
       0
       0
       0
       0
       0
       0
       0
       0
       0
       0
       0
       0
       0
       0
       0
       0
       0
       0
       0
       0
       0
       0
       0
       0
       0
       0
       0
       0
       0
       0
       0
       1
       0
       0
       0
       0
       0
       0
       0
       0
       0
       0
       0
       0
       0
       0
       0
       0
       0
       0
       0
       0
       0
       0
       0
       0
       1
       0
       0
       0
       0
       0
       0
       0
       0
       0
       0
       0
       0
       0
       0
       0
       0
       0
       0
       0
       0
       0
       0
       0
       0
       0
       1
       0
       1
       0
       1
       0
       0
       0
       0
       0
       0
       0
       0
       0
       0
       0
       0
       0
       0
       0
       0
       0
       0
       0
       0
       0
       0
       0
       0
       0
       0
       0
       0
       0
       0
       0
       0
       0
       1
       0
       0
       0
       0
       0
       0
       0
       0
       0
       0
       0
       0
       0
       0
       0
       0
       0
       0
       0
       0
       0
       0
       0
       0
       0
       0
       0
       0
       0
       0
       0
       0
       0
       0
       0
       0
       0
       0
       0
       0
       0
       0
       0
       0
       0
       0
       0
       0
       0
       0
       0
       0
       0
       0
       0
       1
       1
       2
       0
       1
       1
       0
       0
       0
       0
       0
       0
       0
       0
       0
       0
       0
       0
       0
       0
       0
       0
       0
       0
       0
       0
       0
       0
       0
       0
       0
       0
       0
       0
       0
       0
       0
       0
       0
       0
       0
       0
       0
       0
       0
       0
       0
       0
       0
       0
       0
       0
       0
       0
       0
       0
       0
       0
       0
       0
       0
       0
       0
       0
       0
       0
       1
       0
       0
       0
       0
       0
       0
       0
       0
       0
       0
       0
       0
       0
       0
       0
       0
       0
       0
       0
       0
       0
       0
       1
       0
       0
       0
       0
       0
       0
       0
       0
       0
       0
       0
       0
       0
       0
       0
       0
       0
       0
       0
       0
       0
       0
       0
       0
       0
       0
       0
       0
       0
       0
       0
       0
       0
       0
       0
       0
       0
       0
       0
       0
       0
       0
       0
       0
       0
       0
       0
       0
       0
       0
       0
       0
       0
       0
       0
       0
       0
       0
       0
       0
       0
       0
       0
       0
       0
       0
       0
       0
       0
       0
       0
       0
       0
       0
       0
       1
       0
       0
       0
       0
       0
       0
       0
       0
       0
       0
       0
       0
       1
       0
       0
       0
       0
       0
       0
       0
       0
       0
       0
       0
       0
       0
       0
       0
       0
       0
       0
       0
       0
       0
       0
       0
       0
       0
       0
       0
       0
       0
       0
       0
       0
       0
       0
       0
       0
       0
       0
       0
       0
       0
       0
       0
       0
       0
       0
       0
       0
       0
       0
       0
       0
       0
       0
       0
       0
       1
       0
       0
       2
       0
       3
       4
       3
       1
       2
       0
       1
       0
       0
       0
       0
       0
       0
       0
       0
       0
       0
       0
       0
       0
       0
       0
       0
       0
       0
       0
       0
       0
       0
       0
       0
       0
       0
       0
       0
       0
       0
       0
       0
       0
       0
       0
       0
       0
       0
       0
       0
       0
       0
       0
       0
       0
       0
       0
       0
       0
       0
       0
       0
       0
       0
       0
       0
       0
       0
       0
       0
       0
       0
       0
       0
       0
       0
       0
       0
       0
       0
       0
       0
       0
       0
       0
       0
       0
       0
       0
       0
       0
       0
       0
       0
       0
       0
       0
       0
       0
       0
       0
       0
       0
       0
       0
       0
       0
       0
       0
       0
       0
       0
       0
       0
       0
       0
       0
       0
       0
       0
       0
       0
       0
       0
       0
       0
       1
       0
       0
       0
       0
       0
       0
       0
       0
       0
       0
       0
       0
       0
       0
       0
       0
       0
       0
       0
       0
       0
       0
       0
       0
       0
       0
       0
       0
       0
       0
       0
       0
       0
       0
       0
       0
       0
       0
       0
       0
       0
       0
       0
       0
       0
       0
       0
       0
       0
       0
       0
       0
       0
       0
       0
       0
       0
       0
       0
       0
       0
       0
       0
       0
       0
       0
       0
       0
       0
       0
       0
       0
       0
       0
       0
       0
       0
       0
       0
       0
       0
       0
       0
       0
       0
       0
       0
       0
       0
       0
       0
       0
       0
       0
       0
       0
       0
       0
       0
       0
       0
       0
       0
       0
       0
       0
       0
       0
       0
       0
       0
       0
       0
       0
       0
       0
       0
       0
       0
       0
       0
       0
       0
       0
       0
       0
       0
       0
       0
       0
       0
       0
       0
       0
       0
       0
       0
       0
       0
       0
       0
       0
       0
       0
       0
       0
       0
       0
       0
       0
       0
       0
       0
       0
       0
       0
       0
       0
       0
       0
       0
       0
       0
       0
       0
       0
       0
       0
       0
       0
       0
       0
       0
       0
       0
       0
       0
       0
       0
       0
       0
       0
       0
       0
       0
       0
       0
       0
       0
       0
       0
       0
       0
       0
       0
       0
       0
       0
       0
       0
       0
       0
       0
       0
       0
       0
       0
       0
       0
       0
       0
       0
       0
       0
       0
       0
       0
       0
       0
       0
       0
       0
       0
       0
       0
       0
       0
       1
       0
       0
       0
       0
       0
       0
       0
       0
       0
       0
       0
       0
       0
       0
       0
       0
       0
       0
       0
       0
       0
       0
       0
       0
       0
       0
       0
       0
       0
       1
       0
       0
       0
       0
       0
       0
       0
       0
       0
       0
       0
       0
       0
       0
       0
       0
       0
       0
       0
       0
       0
       0
       0
       0
       0
       0
       0
       0
       0
       0
       0
       0
       0
       0
       0
       0
       0
       0
       0
       0
       0
       0
       0
       0
       0
       0
       0
       0
       0
       0
       0
       0
       0
       1
       0
       0
       0
       0
       0
       0
       0
       0
       0
       0
       0
       0
       0
       0
       0
       0
       0
       0
       0
       0
       0
       0
       0
       0
       0
       0
       0
       0
       0
       0
       0
       0
       0
       0
       0
       0
       0
       0
       0
       0
       0
       0
       0
       0
       0
       0
       0
       0
       0
       0
       0
       0
       0
       0
       0
       0
       0
       0
       0
       0
       0
       0
       0
       0
       0
       0
       0
       0
       0
       0
       0
       0
       0
       0
       0
       0
       0
       0
       0
       0
       0
       0
       0
       0
       0
       0
       0
       0
       0
       0
       0
       0
       0
       0
       0
       0
       0
       0
       0
       0
       0
       0
       0
       0
       0
       0
       0
       0
       0
       0
       0
       0
       0
       0
       0
       0
       0
       0
       0
       0
       0
       0
       0
       0
       0
       0
       0
       0
       0
       0
       0
       0
       0
       0
       0
       0
       0
       0
       0
       0
       0
       0
       0
       0
       0
       0
       0
       0
       0
       0
       0
       0
       0
       0
       0
       0
       0
       0
       0
       0
       0
       0
       0
       0
       0
       0
       0
       0
       0
       0
       0
       0
       0
       0
       0
       0
       0
       0
       0
       0
       0
       0
       0
       0
       0
       0
       0
       0
       0
       0
       0
       0
       0
       0
       0
       0
       0
       0
       0
       0
       0
       0
       0
       0
       0
       0
       0
       0
       0
       0
       0
       0
       0
       0
       0
       0
       0
       0
       0
       0
       0
       0
       0
       0
       0
       0
       0
       0
       0
       0
       0
       0
       0
       0
       0
       0
       0
       0
       0
       0
       0
       0
       0
       0
       0
       0
       0
       0
       0
       0
       0
       0
       0
       0
       0
       0
       0
       0
       0
       0
       0
       0
       0
       0
       0
       0
       0
       0
       0
       0
       0
       0
       0
       0
       0
       0
       0
       0
       0
       0
       0
       0
       0
       0
       0
       0
       0
       0
       0
       0
       0
       0
       1
       0
       0
       0
       0
       0
       0
       0
       0
       0
       0
       0
       0
       0
       0
       0
       0
       0
       0
       0
       0
       0
       0
       0
       0
       0
       0
       0
       0
       0
       0
       0
       0
       0
       0
       0
       0
       0
       0
       0
       0
       0
       0
       0
       0
       0
       0
       0
       0
       0
       0
       0
       0
       0
       0
       0
       0
       0
       0
       0
       0
       0
       0
       0
       0
       0
       0
       0
       0
       0
       0
       0
       0
       0
       0
       0
       0
       0
       0
       0
       0
       0
       0
       0
       0
       0
       0
       0
       0
       0
       0
       0
       0
       0
       0
       0
       0
       0
       0
       0
       0
       0
       0
       0
       0
       0
       0
       0
       0
       0
       0
       0
       0
       0
       0
       0
       0
       0
       0
       0
       0
       0
       0
       0
       0
       0
       0
       0
       0
       0
       0
       0
       0
       0
       0
       0
       0
       0
       0
       0
       0
       0
       0
       0
       0
       0
       0
       0
       0
       0
       0
       0
       0
       0
       0
       0
       0
       0
       0
       0
       0
       0
       0
       0
       0
       0
       0
       0
       0
       0
       0
       0
       0
       0
       0
       0
       0
       0
       0
       0
       0
       0
       0
       0
       0
       0
       0
       0
       0
       0
       0
       0
       0
       0
       0
       0
       0
       0
       0
       0
       0
       0
       0
       0
       0
       0
       0
       0
       0
       0
       0
       0
       0
       0
       0
       0
       0
       0
       0
       0
       0
       0
       0
       0
       0
       0
       0
       0
       0
       0
       0
       0
       0
       0
       0
       0
       0
       0
       0
       0
       0
       0
       0
       0
       0
       0
       0
       0
       0
       0
       0
       0
       0
       0
       0
       0
       0
       0
       0
       0
       0
       0
       0
       0
       0
       0
       0
       0
       0
       0
       0
       0
       0
       0
       0
       0
       0
       0
       0
       0
       0
       0
       0
       0
       0
       0
       0
       0
       0
       0
       0
       0
       0
       0
       0
       0
       0
       0
       0
       0
       0
       0
       0
       0
       0
       0
       0
       0
       0
       0
       0
       0
       0
       0
       0
       0
       0
       0
       0
       0
       0
       0
       0
       0
       0
       0
       0
       0
       0
       0
       0
       0
       0
       0
       0
       0
       0
       0
       0
       0
       0
       0
       0
       0
       0
       0
       0
       0
       0
       0
       0
       0
       0
       0
       0
       0
       0
       0
       0
       0
       0
       0
       0
       0
       0
       0
       0
       0
       0
       0
       0
       0
       0
       0
       0
       0
       0
       0
       0
       0
       0
       0
       0
       0
       0
       1
       0
       0
       0
       0
       0
       0
       0
       0
       0
       0
       0
       0
       0
       0
       0
       0
       0
       0
       0
       0
       0
       0
       0
       0
       0
       0
       0
       0
       0
       0
       0
       0
       0
       0
       0
       0
       0
       0
       0
       0
       0
       0
       0
       0
       0
       0
       0
       0
       0
       0
       0
       0
       0
       0
       0
       0
       0
       0
       0
       0
       0
       0
       0
       0
       0
       0
       0
       0
       0
       0
       0
       0
       0
       0
       0
       0
       0
       0
       0
       0
       0
       0
       0
       0
       0
       0
       0
       0
       0
       0
       0
       0
       0
       0
       0
       0
       0
       0
       0
       0
       0
       0
       0
       0
       0
       0
       0
       0
       0
       0
       0
       0
       0
       0
       0
       0
       0
       0
       0
       0
       0
       0
       0
       0
       0
       0
       0
       0
       0
       0
       0
       0
       0
       0
       0
       0
       0
       0
       0
       0
       0
       0
       0
       0
       0
       0
       0
       0
       0
       0
       0
       0
       0
       0
       0
       0
       0
       0
       0
       0
       0
       0
       0
       0
       0
       0
       0
       0
       0
       0
       0
       0
       0
       0
       0
       0
       0
       0
       0
       0
       0
       0
       0
       0
       0
       0
       0
       0
       0
       0
       0
       0
       0
       0
       0
       0
       0
       0
       0
       0
       0
       0
       0
       0
       0
       0
       0
       0
       0
       0
       0
       0
       0
       0
       0
       0
       0
       0
       0
       0
       0
       0
       0
       0
       0
       0
       0
       0
       0
       0
       0
       0
       0
       0
       0
       0
       0
       0
       0
       0
       0
       0
       0
       0
       0
       0
       0
       0
       0
       0
       0
       0
       0
       0
       0
       0
       0
       0
       0
       0
       0
       0
       0
       0
       0
       0
       0
       0
       0
       0
       0
       0
       0
       0
       0
       0
       0
       0
       0
       0
       0
       0
       0
       0
       0
       0
       0
       0
       0
       0
       0
       0
       0
       0
       0
       0
       0
       0
       0
       0
       0
       0
       0
       0
       0
       0
       0
       0
       0
       0
       0
       0
       0
       0
       0
       0
       0
       0
       0
       0
       0
       0
       0
       0
       0
       0
       0
       0
       0
       0
       0
       0
       0
       0
       0
       0
       0
       0
       0
       0
       0
       0
       0
       0
       0
       0
       0
       0
       0
       0
       0
       0
       0
       0
       0
       0
       0
       0
       0
       0
       0
       0
       0
       0
       0
       0
       0
       0
       0
       0
       0
       0
       0
       0
       0
       0
       0
       0
       0
       0
       0
       0
       0
       0
       0
$ROI:
0
$PRESETS:
Real Time
180
0
$ENER_FIT:
0.888569 0.390988
$MCA_CAL:
3
8.885689E-001 3.909876E-001 3.191953E-008 keV
$SHAPE_CAL:
3
0.000000E+000 0.000000E+000 0.000000E+000
