$SPEC_ID:
1
$SPEC_REM:
DET# 2
DETDESC# MCB 130 Normal
AP# Maestro Version 7.01
$DATE_MEA:
09/30/2019 22:36:41
$MEAS_TIM:
170 180
$DATA:
0 8191
       0
       0
       0
       0
       0
       0
       0
       0
       0
       0
       0
       0
       0
       0
       0
       0
       0
       0
       0
       0
       0
       0
       0
       0
       0
       0
      49
    1640
     485
     275
     331
     453
     502
     441
     421
     434
     376
     444
     579
     591
     563
     530
     520
     372
     384
     360
     309
     323
     369
     401
     362
     354
     351
     297
     313
     290
     304
     304
     331
     367
     386
     322
     326
     329
     326
     323
     327
     361
     402
     520
     580
     636
     523
     444
     461
     489
     551
     555
     460
     378
     401
     431
     397
     351
     401
     388
     406
     548
     862
    1203
    1235
     799
     468
     359
     352
     375
     382
     411
     396
     359
     415
     488
     577
     525
     409
     442
     382
     363
     324
     333
     350
     328
     353
     360
     358
     337
     348
     359
     328
     326
     319
     338
     342
     369
     426
     500
     457
     377
     311
     344
     331
     358
     327
     323
     315
     330
     319
     300
     344
     344
     336
     368
     392
     446
     694
     779
     556
     396
     297
     310
     311
     329
     346
     344
     317
     340
     335
     314
     348
     346
     320
     363
     337
     323
     389
     350
     355
     371
     359
     329
     341
     350
     327
     334
     347
     387
     329
     348
     383
     375
     367
     342
     390
     404
     414
     427
     404
     390
     421
     421
     472
     437
     372
     357
     376
     381
     347
     364
     338
     356
     398
     385
     389
     389
     474
     586
     607
     440
     397
     368
     384
     385
     399
     384
     419
     410
     383
     401
     375
     378
     403
     445
     407
     451
     385
     401
     406
     415
     390
     383
     417
     471
     458
     390
     430
     387
     394
     436
     465
     642
     836
     779
     619
     503
     398
     393
     383
     443
     540
     872
    1106
    1023
     650
     516
     444
     427
     375
     397
     400
     405
     375
     424
     436
     516
     512
     457
     410
     373
     436
     531
     555
     411
     401
     374
     386
     400
     355
     376
     381
     404
     461
     516
     528
     566
     548
     469
     424
     405
     377
     417
     409
     421
     459
     416
     426
     387
     407
     376
     380
     353
     365
     353
     381
     351
     342
     363
     371
     363
     331
     351
     366
     382
     321
     357
     364
     344
     369
     324
     325
     343
     356
     334
     374
     364
     340
     333
     345
     355
     390
     383
     383
     377
     362
     358
     335
     336
     302
     356
     341
     354
     333
     345
     352
     352
     322
     334
     336
     348
     324
     325
     327
     310
     339
     307
     341
     358
     717
    1453
    1970
    1511
     679
     408
     332
     315
     324
     303
     321
     323
     339
     324
     415
     401
     367
     324
     258
     339
     311
     299
     283
     303
     302
     389
     409
     388
     592
     816
     783
     503
     330
     283
     331
     280
     276
     270
     277
     268
     299
     305
     294
     284
     285
     291
     293
     282
     268
     299
     305
     277
     265
     316
     255
     324
     257
     293
     272
     345
     306
     264
     264
     285
     276
     277
     314
     291
     324
     308
     269
     283
     293
     303
     265
     294
     320
     284
     273
     283
     289
     256
     257
     274
     270
     288
     281
     309
     279
     263
     286
     267
     266
     293
     298
     249
     295
     279
     287
     253
     289
     259
     271
     279
     326
     405
     423
     358
     311
     268
     270
     272
     267
     302
     277
     289
     270
     286
     279
     289
     285
     265
     294
     243
     258
     266
     247
     258
     266
     240
     285
     227
     258
     241
     263
     266
     239
     272
     251
     256
     262
     257
     263
     282
     410
     426
     390
     328
     254
     263
     243
     244
     240
     247
     225
     245
     262
     238
     249
     266
     212
     250
     264
     239
     274
     252
     233
     205
     252
     228
     235
     226
     221
     245
     214
     257
     251
     256
     259
     238
     267
     248
     226
     233
     241
     219
     232
     204
     244
     219
     220
     231
     222
     243
     243
     246
     215
     244
     210
     209
     199
     221
     241
     244
     260
     252
     294
     309
     277
     252
     228
     232
     207
     232
     203
     193
     237
     226
     205
     217
     228
     205
     211
     206
     249
     483
     873
    1276
     918
     504
     261
     238
     243
     199
     230
     264
     271
     238
     247
     194
     198
     237
     196
     208
     200
     208
     213
     192
     190
     218
     210
     242
     223
     213
     218
     213
     222
     184
     226
     210
     213
     236
     238
     204
     196
     185
     195
     197
     201
     187
     172
     192
     190
     192
     157
     210
     184
     198
     241
     490
    1680
    4050
    5390
    4023
    1716
     540
     230
     185
     163
     185
     193
     194
     200
     234
     235
     195
     203
     180
     198
     170
     201
     170
     151
     186
     184
     181
     154
     174
     164
     184
     204
     186
     179
     190
     214
     211
     228
     187
     193
     174
     170
     176
     178
     200
     257
     392
     480
     356
     243
     162
     168
     177
     180
     180
     173
     155
     188
     165
     171
     196
     191
     172
     191
     150
     221
     214
     193
     207
     182
     164
     176
     170
     198
     202
     211
     215
     176
     159
     181
     165
     173
     159
     158
     172
     138
     166
     166
     183
     169
     158
     161
     198
     183
     186
     172
     176
     148
     157
     157
     185
     213
     262
     258
     180
     177
     177
     161
     169
     167
     161
     190
     313
     636
    1047
    1037
     642
     272
     218
     198
     163
     178
     177
     148
     162
     172
     156
     171
     188
     171
     139
     170
     155
     138
     154
     118
     150
     145
     167
     133
     143
     185
     191
     234
     221
     233
     181
     198
     183
     174
     144
     145
     177
     164
     172
     152
     149
     178
     174
     143
     156
     151
     149
     159
     138
     151
     154
     166
     161
     158
     166
     155
     200
     212
     225
     195
     158
     154
     160
     165
     196
     174
     187
     172
     118
     156
     167
     163
     144
     133
     150
     151
     157
     136
     155
     165
     149
     151
     149
     164
     153
     161
     156
     133
     167
     169
     173
     141
     152
     133
     145
     133
     128
     175
     132
     131
     119
     155
     180
     146
     176
     161
     168
     140
     131
     144
     149
     145
     144
     149
     172
     146
     139
     167
     161
     203
     159
     156
     125
     146
     131
     139
     142
     152
     149
     131
     136
     144
     146
     151
     145
     146
     141
     138
     136
     158
     167
     138
     152
     136
     195
     229
     193
     167
     151
     176
     171
     150
     147
     151
     149
     143
     156
     201
     210
     180
     162
     151
     158
     133
     149
     164
     168
     136
     131
     136
     155
     137
     151
     149
     150
     134
     153
     154
     169
     205
     258
     242
     233
     168
     131
     152
     133
     135
     135
     165
     136
     122
     148
     120
     121
     147
     110
     134
     127
     121
     111
     122
     129
     130
     135
     125
     131
     111
     124
     134
     122
     128
     135
     106
     106
     112
     118
     125
     118
     148
     130
     109
     117
     125
     122
     106
     108
     136
     143
     131
     109
     118
     127
     106
     109
     127
     113
     122
     122
     119
     116
     111
     136
     119
     110
     105
     120
     109
     118
     119
     113
     142
     131
     120
     113
     125
     132
      90
      91
     123
     104
     114
     140
     118
     130
     100
     120
      92
     126
     134
     107
     115
     119
     117
     117
     124
     116
     131
     119
     122
     119
     107
     111
     126
     118
     110
     113
     113
     111
     116
     112
     121
     121
      94
     129
     133
     114
     113
     104
     102
     126
     113
     106
     127
     125
     102
     101
     142
      96
     123
     126
     110
     123
     104
     128
     153
     184
     190
     163
     154
     113
     115
     100
     108
     100
      96
      98
      95
      97
      98
     117
     129
     113
     118
     104
     110
     117
     126
     114
     102
     108
      99
     129
      99
     110
     122
     111
     105
     120
     118
     125
     122
     128
     111
     107
     133
     113
     124
     124
     118
     131
     106
     116
     113
      92
     102
     112
     121
      99
     114
     113
     130
     103
     108
      97
      96
     113
      97
      94
     101
     106
      95
     113
     132
     102
      83
     118
     108
     111
     119
     116
     108
      96
     140
     130
     164
     175
     142
     105
     114
     109
     100
     117
     114
     114
     122
     107
     113
     119
     114
      86
      98
     116
     122
      99
     118
     112
     100
     110
     118
      97
     111
     112
     111
     121
     133
     130
     114
     109
     107
      96
     112
     125
     111
     109
     111
     110
     101
     103
     126
      98
     103
     112
      99
     111
     128
     130
     125
     117
     137
     139
     120
     125
     116
     104
     104
     110
     114
      98
      90
      86
      94
      98
     101
     103
     109
      98
      78
     100
     103
      71
      97
     114
      78
      89
      98
     101
     100
      97
      99
     104
      90
      99
      85
     100
     117
     108
      73
     112
      86
      85
      91
      97
      88
     106
     108
     110
      98
     100
      95
      90
     114
     101
     121
     119
      90
      86
      89
      96
     107
     100
      95
     105
      94
      88
      91
      72
      69
     102
     116
     112
     119
     119
     120
     101
      94
      80
     106
      82
      75
      97
      91
      81
      92
      93
      85
      93
     101
      79
      80
     105
     101
     107
     102
     106
      83
     113
     191
     173
     175
     134
      92
      90
      99
      99
     138
     129
     118
     101
      86
     112
      90
      97
      97
      92
      75
      83
      95
      85
      91
      87
     103
      84
      87
     102
      67
      96
      90
      92
      83
      88
      86
     113
      79
     125
     138
     164
     150
     129
     101
      94
     111
     102
     117
     164
     272
     343
     275
     169
     117
     105
     175
     440
     966
    1417
    1505
    1031
     517
     207
     110
      84
      75
      92
      92
      86
      88
      70
      96
      80
      92
     101
      92
     114
     123
     119
      95
      88
      90
      80
      97
      80
      69
      63
      82
      71
      76
      78
     105
      88
      91
      94
     108
     112
      82
      98
     143
     153
     213
     178
     138
     106
      92
      84
      72
      72
      73
      70
      72
      86
      72
      85
      89
      82
      61
      73
      80
     100
     160
     362
     743
    1011
    1063
     692
     292
     123
      68
      66
      76
      78
      93
      75
      76
      90
     111
     110
     124
     100
      73
      70
      60
      74
      59
      66
      67
      68
      67
      77
      55
      54
      58
      72
      63
      62
      71
      63
      61
      76
      53
      70
      61
      54
      59
      67
      83
      68
      49
      58
      60
      66
      84
      68
      57
      63
      80
      65
      69
      62
      72
      57
      49
      76
      69
      54
      59
      66
      70
      58
      58
      64
      67
      64
      75
      90
      66
      55
      82
      57
      58
      52
      62
      65
      63
      58
      65
      61
      69
      59
      47
      57
      65
      58
      63
      60
      52
      44
      51
      56
      60
      64
      71
      78
      54
      60
      48
      55
      58
      46
      66
      56
      73
      58
      68
      56
      48
      44
      53
      75
      66
      67
      54
      85
      70
      80
      71
      67
      60
      54
      53
      65
      55
      40
      63
      80
      91
     116
     123
     103
      91
      82
      63
      69
      82
      38
      54
      45
      64
      65
      57
      67
      64
      57
      48
      52
      58
      47
      54
      58
      59
      56
      60
      55
      72
      56
      74
      86
      94
      75
      70
      63
      59
      63
      50
      48
      50
      67
      46
      63
      45
      51
      51
      66
      52
      63
      59
      55
      45
      59
      46
      62
      59
      80
      86
      91
      84
      81
      47
      65
      58
      64
      55
      57
      65
      47
      61
      41
      59
      42
      44
      63
      47
      54
      46
      51
      50
      37
      56
      42
      52
      58
      61
      73
      58
      58
      63
      47
      42
      57
      48
      53
      50
      45
      44
      45
      53
      28
      45
      58
      51
      50
      55
      44
      59
      55
      52
      61
      72
      82
     105
     129
     180
     159
     176
     141
      79
      51
      60
      43
      49
      67
     113
     267
     625
    1126
    1384
    1205
     768
     302
     140
      66
      48
      59
      53
      49
      49
      54
      57
      53
      57
      80
      89
      97
      97
      62
      54
      78
     141
     250
     342
     381
     255
     175
      97
      55
      60
      72
      58
      57
      57
      59
      63
      30
      57
      45
      51
      42
      44
      51
      55
      80
      81
      64
      73
      51
      41
      32
      36
      43
      35
      60
      54
      61
      68
      60
      48
      42
      46
      53
      42
      51
      48
      53
      43
      44
      46
      46
      42
      54
      39
      50
      43
      63
      40
      46
      46
      52
      52
      43
      65
      55
      59
      30
      38
      31
      46
      45
      40
      52
      52
      49
      40
      63
      65
      40
      43
      37
      36
      39
      24
      41
      39
      42
      47
      40
      37
      40
      36
      52
      61
      55
      63
      43
      61
      58
      55
      62
      50
      63
      51
      61
      54
      67
      74
      51
      57
      48
      49
      41
      34
      34
      46
      36
      38
      40
      44
      52
      42
      53
      59
      47
      46
      45
      34
      46
      41
      44
      48
      55
      48
      46
      43
      38
      46
      52
      49
      49
      79
      87
      93
      83
      71
      87
      97
     111
     101
      82
      55
      43
      58
      51
      53
      65
      60
      50
      43
      55
      42
      46
      59
      38
      34
      53
      47
      38
      49
      45
      42
      35
      27
      37
      40
      26
      45
      33
      41
      60
      45
      44
      43
      47
      46
      66
     107
      95
      90
      63
      54
      70
      78
     181
     438
     734
     994
     942
     712
     331
     134
      69
      34
      39
      46
      34
      49
      51
      54
      72
     122
     209
     304
     318
     253
     157
     100
      56
      51
      40
      57
      35
      42
      40
      37
      33
      43
      41
      36
      61
      64
      49
      50
      39
      26
      33
      36
      44
      47
      45
      48
      59
      41
      31
      39
      43
      42
      46
      45
      29
      49
      39
      38
      30
      52
      28
      41
      51
      34
      59
      46
      43
      46
      36
      43
      25
      50
      54
      87
     114
     185
     237
     283
     163
     138
      97
      47
      53
      33
      35
      54
      38
      34
      50
      49
      61
      55
      36
      37
      49
      40
      43
      42
      50
      36
      56
      34
      40
      43
      31
      40
      30
      37
      43
      26
      42
      39
      36
      38
      44
      43
      44
      51
      41
      33
      43
      32
      48
      44
      34
      36
      34
      31
      43
      50
      47
      45
      38
      54
      55
      40
      43
      41
      46
      31
      34
      46
      39
      37
      39
      51
      48
      38
      37
      37
      35
      49
      29
      37
      36
      39
      37
      42
      46
      42
      39
      35
      41
      38
      40
      32
      33
      29
      47
      43
      36
      44
      35
      53
      63
      37
      45
      50
      65
     105
      82
      50
      57
      40
      39
      41
      49
      48
      45
      28
      29
      40
      46
      26
      33
      30
      40
      40
      42
      33
      38
      47
      45
      46
      32
      31
      39
      26
      27
      36
      44
      44
      46
      22
      26
      42
      39
      32
      39
      31
      27
      33
      21
      40
      34
      51
      31
      33
      30
      35
      34
      47
      43
      35
      52
      50
      65
      58
      59
      91
      99
     106
      77
      57
      39
      35
      20
      39
      40
      26
      40
      31
      43
      42
      24
      33
      35
      45
      69
      46
      46
      45
      37
      29
      49
      26
      29
      28
      30
      31
      26
      39
      35
      35
      38
      42
      35
      28
      36
      44
      38
      37
      37
      41
      35
      30
      32
      30
      39
      31
      49
      43
      37
      43
      31
      39
      31
      31
      23
      31
      34
      34
      36
      44
      30
      39
      30
      29
      39
      26
      28
      28
      26
      29
      30
      35
      26
      33
      28
      26
      32
      32
      31
      29
      28
      31
      36
      49
      39
      30
      25
      38
      26
      38
      36
      39
      28
      48
      62
      70
      88
      74
      60
      41
      29
      38
      35
      32
      38
      39
      47
      41
      44
      37
      46
      28
      31
      38
      38
      31
      44
      32
      28
      29
      31
      29
      31
      28
      38
      39
      43
      31
      36
      42
      36
      28
      27
      45
      32
      30
      32
      33
      28
      28
      36
      25
      18
      32
      31
      35
      30
      44
      29
      28
      40
      34
      43
      58
      45
      58
      42
      44
      35
      31
      42
      29
      30
      40
      23
      35
      34
      33
      28
      29
      29
      41
      33
      21
      37
      42
      29
      24
      30
      29
      26
      36
      32
      38
      36
      30
      41
      35
      37
      41
      45
      38
      43
      31
      30
      33
      40
      52
      39
      39
      33
      44
      32
      27
      34
      31
      35
      23
      40
      22
      35
      25
      40
      33
      29
      29
      26
      22
      35
      36
      44
      44
      47
      69
      55
      51
      58
      49
      33
      37
      30
      30
      39
      26
      25
      25
      38
      23
      33
      26
      34
      21
      27
      42
      65
      96
     156
     160
     144
     105
      65
      43
      29
      30
      23
      31
      37
      30
      33
      25
      35
      23
      31
      19
      26
      28
      24
      25
      22
      18
      24
      32
      28
      19
      30
      36
      20
      39
      41
      32
      44
      32
      32
      26
      28
      29
      29
      32
      28
      23
      34
      29
      26
      24
      38
      43
      38
      53
      78
      49
      46
      47
      36
      27
      25
      31
      26
      27
      33
      35
      28
      33
      24
      25
      28
      31
      26
      35
      22
      21
      24
      23
      31
      23
      24
      32
      33
      44
      41
      33
      35
      21
      34
      17
      34
      23
      25
      32
      30
      29
      31
      35
      38
      33
      40
      50
      47
      32
      24
      37
      27
      28
      21
      28
      19
      30
      23
      23
      20
      27
      28
      33
      29
      29
      22
      28
      27
      30
      28
      23
      25
      23
      19
      33
      30
      39
      27
      27
      34
      18
      21
      25
      35
      29
      36
      17
      16
      20
      24
      32
      22
      25
      24
      14
      29
      16
      27
      15
      14
      18
      39
      22
      27
      35
      27
      32
      28
      28
      28
      22
      25
      24
      34
      31
      20
      25
      22
      20
      17
      19
      32
      24
      30
      24
      26
      22
      32
      19
      27
      35
      17
      29
      31
      22
      15
      17
      21
      33
      28
      26
      30
      22
      23
      22
      31
      26
      22
      22
      19
      22
      21
      28
      21
      27
      25
      26
      28
      22
      30
      29
      26
      17
      23
      29
      25
      17
      27
      29
      27
      37
      43
      27
      42
      58
     114
     181
     264
     298
     271
     172
      80
      37
      30
      21
      26
      25
      27
      18
      26
      25
      29
      28
      26
      42
      31
      29
      24
      23
      25
      30
      29
      29
      27
      20
      23
      23
      32
      29
      20
      25
      25
      49
      46
      76
      93
      70
      56
      44
      24
      25
      27
      24
      20
      28
      26
      27
      26
      22
      34
      19
      28
      21
      29
      22
      19
      28
      16
      22
      21
      21
      14
      17
      16
      29
      34
      16
      31
      50
      24
      24
      26
      26
      29
      29
      24
      34
      26
      20
      24
      20
      25
      14
      18
      19
      24
      24
      19
      22
      29
      27
      25
      26
      24
      26
      33
      30
      29
      28
      20
      17
      22
      26
      21
      22
      19
      21
      28
      28
      24
      18
      24
      23
      19
      26
      20
      16
      25
      33
      22
      23
      17
      22
      33
      22
      31
      24
      14
      20
      19
      17
      14
      13
      20
      20
      15
      19
      28
      27
      23
      14
      24
      32
      31
      21
      20
      24
      24
      21
      14
      19
      18
      22
      21
      23
      17
      20
      19
      20
      19
      28
      18
      16
      21
      25
      23
      16
      29
      22
      22
      29
      17
      29
      21
      18
      26
      22
      26
      19
      12
      14
      25
      27
      25
      18
      25
      19
      30
      18
      20
      24
      24
      21
      22
      30
      33
      28
      38
      26
      33
      19
      15
      24
      23
      21
      20
      21
      19
      24
      22
      18
      20
      15
      24
      26
      23
      20
      20
      15
      23
      16
      18
      26
      22
      20
      20
      19
      20
      26
      26
      20
      26
      19
      23
      23
      24
      19
      17
      21
      14
      23
      24
      18
      24
      21
      24
      21
      27
      28
      25
      25
      41
      37
      60
      45
      36
      36
      26
      30
      18
      27
      32
      23
      18
      21
      25
      21
      16
      35
      53
      77
     128
     166
     158
     134
      86
      51
      39
      32
      22
      25
      18
      18
      27
      22
      16
      29
      31
      12
      17
      18
      19
      12
      28
      17
      16
      18
      35
      20
      30
      21
      18
      24
      21
      29
      26
      26
      24
      21
      11
      25
      20
      35
      35
      41
      33
      33
      16
      24
      26
      22
      18
      16
      19
      19
      18
      22
      16
      18
      17
      15
      20
      16
      16
      23
      22
      17
      20
      17
      30
      16
      15
      18
      17
      19
      21
      24
      12
      18
      17
      13
      18
      14
      21
      17
      32
      24
      21
      13
      24
      14
      25
      30
      16
      19
      31
      20
      19
      24
      12
      19
      22
      13
      23
      21
      20
      21
      13
      18
      21
      25
      18
      25
      25
      22
      17
      26
      25
      14
      21
      20
      17
      27
      21
      19
      12
      20
      13
      25
      17
      18
      32
      24
      25
      14
      25
      16
      21
      19
      19
      19
      24
      13
      17
      25
      20
      19
      11
      12
      17
      19
      16
      14
       9
      17
      11
      19
      16
      16
      13
      12
      22
      20
      21
      20
      10
      19
      13
      15
      17
      17
      13
      21
      18
      15
      13
      16
      24
      17
       9
      14
      15
      26
      21
      17
      13
      20
      22
      11
      20
      12
      24
      21
      16
      17
      17
      19
      19
      11
      18
      13
      11
      22
      16
      19
      17
      20
      13
      17
      15
      22
      12
      15
      19
      11
      21
      18
      16
      18
      13
      21
      10
      15
      17
      13
      14
      13
      23
      13
      20
      22
      19
      14
      16
      20
      17
      15
      19
      21
      20
       9
      19
       8
      12
      14
      26
      15
      13
      14
      19
      22
      23
      18
      19
      23
      11
      20
      17
      13
      17
      15
       9
      17
      17
      18
      17
      15
      15
      18
      17
      27
      20
      23
      30
      27
      16
      21
      16
      15
      19
      21
      31
      17
      20
      23
      17
      12
      17
      21
      14
      11
      17
      20
      13
      13
      14
      15
      25
      11
      14
       8
      20
      20
      14
      13
      13
      13
      23
      14
      13
      19
      10
      17
      13
      16
      12
       9
      18
      14
      17
      20
      17
      10
      16
      13
      15
      15
      22
      30
      70
      89
     141
     155
     165
     148
     110
      61
      34
      16
      19
      14
      15
      16
      20
      16
      10
      14
      16
      16
      23
      14
      19
      11
      23
      18
      18
      11
       9
      14
      13
      19
      17
      15
      12
       7
      14
      21
      18
      15
       7
      20
      21
      11
      16
      20
      17
      13
      22
      18
      21
      16
      13
      15
      26
      14
      20
      20
      18
      23
      12
      18
      18
      19
      15
      11
      16
      16
      15
      11
      12
       9
      19
      10
      12
      11
       9
      14
      22
      20
      16
      16
      15
      12
      21
      14
      20
      16
      15
      12
      15
      22
      16
      16
      20
      13
      11
      30
      22
      21
      26
      27
      19
      23
      12
      11
      11
      13
      12
      19
      10
      20
      18
      14
      14
       7
      12
      16
      14
      17
      13
      11
      12
      11
      12
      11
      12
      14
      16
      15
      18
       9
       7
      16
      17
      15
      16
      17
      11
       8
       8
      20
      13
      17
      16
       6
      13
       9
      21
      12
      16
      11
      10
      10
       7
       9
      10
       6
      13
      11
      15
      11
      13
      10
      12
      10
      21
      11
      15
      12
      10
      17
      19
      15
       9
      10
      10
       8
       2
      10
      11
       6
      16
      21
      15
      12
      13
       9
      13
      12
      11
      19
      20
      13
      15
      10
      14
      17
       9
      15
      14
      14
      11
      17
       8
      16
      11
      16
       9
      11
      16
      10
       6
      17
      13
      10
      19
       8
      18
       7
      14
       7
      10
      15
      17
       9
      15
       8
      21
      10
       5
      15
       9
      11
      14
      14
       6
      11
      14
       8
       7
      10
      12
      15
      20
      21
      12
      12
       6
      16
      13
      12
      14
      18
      10
       6
      15
       9
      10
      13
       7
      11
      15
      17
      21
      17
      14
      17
      18
       5
      18
      14
      12
      11
      15
      14
      15
       9
      14
      21
      15
      10
      20
      18
      16
      18
      16
       7
      17
      15
      12
      19
      16
      11
      10
      14
      11
       6
      10
      14
       6
       8
       8
       9
      12
      15
       7
      12
      18
      14
       9
      12
      13
       9
       8
      35
      29
      49
      67
      80
      95
     101
      66
      50
      25
      24
       9
      15
      12
      12
      11
       7
      13
       9
      11
      11
       3
       7
      16
       5
      17
       7
      14
      15
      10
       7
      11
      12
      15
      13
      16
      13
       7
      12
      11
      13
      18
      20
      26
      18
      17
      10
      10
      14
       8
      11
       9
      11
       8
      16
      23
      13
      32
      44
      38
      31
      31
      26
      17
      12
      13
      12
      18
      17
      16
      12
       6
      12
      10
      13
      14
      12
      13
      11
      18
      14
      17
      17
      17
      16
      13
       4
      17
      10
       6
      15
       9
      14
      12
       7
       8
      12
       8
       5
      13
       8
      11
      13
      12
       8
      11
       9
      16
       9
      11
      13
      18
       9
       7
      13
      11
      13
      13
       9
      16
      10
       6
      12
       7
       7
       9
      11
       9
       4
      11
      15
      11
       9
       6
      20
      10
       7
       8
      13
       8
       5
      10
      11
      15
       8
      14
      11
       9
      13
      14
       9
      15
      15
       6
       8
      18
      14
      17
      13
      12
       7
      16
      10
       9
      10
      10
       8
      17
      11
       8
      12
      13
      11
       7
      19
      14
      16
       8
      13
      10
       8
      16
       6
      13
       9
      11
       9
       7
      11
      14
      24
      27
      32
      42
      54
      40
      28
      22
      21
      24
      27
      22
      30
      32
      20
      17
      10
       8
      15
       9
      10
      14
      16
       6
      17
      14
       3
      19
       7
       5
       8
      12
      16
      10
      13
       7
       5
      11
      13
       7
       8
      10
      10
      10
       8
      14
      13
      10
      11
      10
      10
      11
       8
      12
      13
      10
      13
      11
      16
      15
      11
      14
      14
      14
       9
       6
       8
      11
      10
      15
      10
      10
       8
      13
       3
      11
       7
      14
      14
       9
       6
      12
       8
       7
       8
      10
       9
       9
      11
       9
      11
       9
      10
      10
      11
       7
      12
       6
      12
       6
      11
       5
       8
      13
       7
       7
      16
       8
      10
       6
       7
      11
       8
      11
      10
      10
      11
       6
      11
      11
       6
      18
      10
      12
       9
      14
       6
       3
       5
       7
       9
       5
      22
      13
      10
      13
       5
       9
      10
       9
      10
       9
      11
       5
      11
       9
       7
      10
      13
       9
       9
       5
       9
      10
      15
      15
       8
      10
       9
      11
      11
       6
      11
      11
      11
       5
      10
       8
       9
      10
      10
       8
       3
      11
      11
       9
       4
       8
      10
      10
       8
       9
       7
      12
      10
       5
      12
      14
      15
      15
      18
      10
       7
      13
      11
      10
       9
       9
       4
       5
       7
      12
       5
      17
       5
       9
       7
      10
       7
      10
       8
      12
       7
       6
      10
       5
       8
       7
      11
       3
       9
       7
      13
       8
      11
       9
      14
      12
       8
       7
      11
      12
       8
       4
       8
      13
       7
       9
       7
       6
       5
       9
       6
       5
       9
      10
       7
      13
      10
       6
      10
       9
       5
      10
      11
       7
       6
      14
       5
       5
       7
       6
       8
      11
       5
       2
       9
       9
       8
       9
       4
      12
       5
       8
       7
       6
      15
      15
       5
      15
      11
      15
      10
      18
      19
       9
       3
       5
      10
       9
       9
      10
       8
       5
      10
       7
       5
       8
       3
       6
      11
       9
       7
       6
      12
       2
       7
       7
      10
       7
       5
       6
       9
      15
       4
       5
       5
      11
       6
      14
       4
       8
       2
       7
       8
       7
      11
      13
       6
       5
       4
      10
       8
      10
       6
       7
       6
       9
       9
       9
      13
      12
       6
       9
      12
      10
       6
       7
       8
       7
      11
       8
       7
      11
       8
       9
      13
      17
      14
      10
      12
      13
      10
       8
       4
       7
       5
       5
       5
       2
       5
      10
       7
       9
       9
       8
       4
       7
       8
       7
       3
      10
       9
       5
       7
       4
       2
       7
       7
       5
       9
      10
      12
       8
       7
      12
       6
       8
       6
      10
       7
      11
       4
       6
       5
       8
       5
       7
      11
       6
       7
       6
       9
      11
      11
       8
       4
       5
       5
       4
       8
      12
       6
       9
      13
       9
       7
       9
       9
       5
      12
       8
      11
       8
       5
      10
       6
       5
       9
       4
       5
       9
       5
       5
       4
      11
       5
       7
       7
       2
       9
       5
       5
       9
       7
       7
      12
       5
       4
      12
       9
       5
       7
      10
      10
       7
       8
       9
       4
       5
       5
       5
       7
      12
       3
       8
       7
       8
      10
      10
       5
       5
       5
       7
       3
       7
       9
       7
       3
       6
       9
       2
       7
       5
       5
       9
       4
      11
       4
       8
       7
       7
      12
       7
       7
       4
       6
       6
       5
       8
       7
       7
       6
       5
       8
      13
       6
       9
       8
       6
      10
       5
       4
       3
       3
       6
       4
       4
      10
       3
       7
       4
       2
       4
       7
       6
       3
       8
       3
       9
       5
       8
       9
      10
       5
       5
      10
       4
      14
       5
       3
       7
       3
       8
       2
       4
       3
      10
       6
       7
       2
       2
       6
       7
      12
      21
      22
      39
      38
      34
      40
      35
      11
       9
       7
       6
       4
      10
       2
       7
       9
      10
       3
       5
       7
       7
       7
       3
       4
       4
      10
       8
       9
       6
       6
       6
       6
       3
       9
       3
       6
       5
       4
       3
       5
       9
       2
       3
       7
       5
       8
       4
       3
       3
       3
       4
       5
       4
       8
       7
       3
       3
       9
       3
       5
       8
       5
       3
       7
       5
       7
       9
       4
       4
       8
       2
       7
       7
      14
      14
      16
      22
      33
      18
      13
       9
       6
       6
       6
       3
       2
       7
       6
       5
       2
       5
       5
       3
       5
       9
       6
       7
       3
       3
       4
       4
       5
       5
       3
       8
       6
       4
       6
       7
       5
       2
       6
       3
       5
       3
       5
       4
       8
       7
       8
       3
       8
       4
       5
       3
       5
       4
       7
       5
       8
       8
      11
       2
       7
       6
       7
       3
       7
       4
       7
       9
       7
       3
       6
       4
       7
       6
       4
       4
       6
       7
       3
       4
       6
       6
       6
       8
       4
       5
       4
      10
       5
       5
       3
       6
       5
       7
       4
       2
       2
       7
       8
      10
       6
       2
       8
       5
       3
       2
       4
       3
       4
       2
       6
       2
       1
       4
       9
       7
       6
      11
       5
       5
       7
       1
       2
       8
       0
       6
       6
       3
       4
       8
       8
       4
       4
       7
       5
       3
       5
       5
       4
       4
       0
       3
       6
       7
       6
       3
       4
       8
       7
       4
       8
       8
       6
       6
      10
       6
       6
       4
       4
       3
       3
       4
       3
       3
       4
       3
       8
       6
       9
       8
       2
       3
       5
       4
      11
       1
       4
       9
       6
       5
       4
       0
       2
       4
       7
      10
       7
       3
       5
       3
       7
       9
       6
       2
       3
       4
       4
       4
       3
       7
       8
       3
       5
       7
       5
       5
       8
       0
       3
       7
       7
       5
       4
       4
       6
       9
      12
      22
      30
      35
      32
      33
      17
      10
      12
       9
       7
       5
       5
       4
       0
       6
       3
       7
       1
       7
       5
       3
       5
       0
       6
       3
       6
       2
       4
       1
       4
       3
       2
       6
       5
       7
       3
       9
       4
       6
       3
       0
       5
       5
       6
       4
       5
       3
       1
       2
       3
       3
       3
       1
       1
       6
       4
       2
       4
       5
       5
       4
       5
       8
       6
       3
       2
       7
       8
       3
       2
       4
       5
       3
       3
       6
       3
       3
       5
       3
       3
       9
       3
       3
       6
       4
       6
       5
       2
       2
       5
       6
       2
       8
       3
       6
       6
       6
       7
       2
       5
       3
       7
       2
       4
       7
       6
       5
       6
       1
       5
       2
       2
      11
       6
      12
      13
      12
      16
      16
      14
       9
      11
       6
       5
       3
       5
       3
       1
      10
       3
       4
       0
       7
       6
       2
       3
       2
       3
       5
       7
       5
       4
       3
       5
       3
       2
       5
       2
       2
       5
       6
       7
       4
       7
       1
       6
       7
       6
       5
       2
       8
       7
       7
       6
       2
       5
       2
       4
       2
       4
       3
       2
       5
       2
       6
       8
       3
       3
       2
       1
       4
       4
       6
       4
       9
       3
       2
       1
       6
       4
       9
       7
       4
       2
       4
       5
       0
       5
       3
       4
       6
       6
       6
       8
       3
       6
       4
       5
       3
       4
       6
       5
       2
       3
       5
       6
       3
       3
       3
       6
       9
       0
       0
       1
       3
       4
       7
       7
       3
       5
       2
       5
       2
       3
       2
       4
       5
       4
       5
       5
       4
       3
       6
       2
       5
       4
       2
       2
       2
       7
       4
       2
       4
       1
       3
       4
       5
       4
       1
       4
       2
       6
       1
       1
       1
       4
       1
       2
       4
       5
       5
       5
       6
       3
       1
       5
       6
       8
       2
       3
       4
       3
       2
       4
       2
       5
       0
       3
       2
       5
       5
       6
       4
       4
       1
       2
       0
       0
       4
       5
       1
       1
       3
       7
       1
       4
       4
       8
       3
       5
       5
       4
       3
       1
       3
       2
       2
       4
       4
       2
       3
       2
       4
      10
       7
       3
       8
       9
      11
      10
       5
       6
       3
       3
       2
       7
       4
       4
       5
       3
       0
       3
       2
       5
       2
       0
       7
       2
       6
       6
       5
       2
       2
       2
       3
       4
       4
       3
       2
       3
       5
       0
       2
       0
       1
       3
       4
       6
       4
       2
       1
       3
       2
       6
       3
       4
       5
       7
       3
       8
       5
       3
       2
       2
       4
       3
       1
       3
       4
       6
       2
       1
       3
       4
       3
       0
       7
       1
       1
       4
       3
       1
       4
       2
       7
       2
       3
       5
       3
       5
       4
       8
       3
       0
       3
       3
       5
       5
       3
       2
       5
       6
       5
       1
       3
       2
       3
       6
       1
       3
       7
       2
       4
       1
       5
       7
       6
       4
       2
       1
       4
       1
       3
       4
       3
       2
       2
       2
       3
       4
       5
       4
       1
       5
       4
       2
       4
       1
       1
       1
       3
       2
       5
       0
       1
       1
       5
       5
       2
       3
       2
       2
       5
       3
       1
       6
       3
       6
       2
       2
       4
       3
       2
       5
       2
       3
       6
       5
       5
       2
       2
       3
       2
       6
       5
       0
       4
       3
       2
       3
       2
       2
       2
       3
       2
       4
       4
       2
       4
       3
       1
       3
       5
       5
       3
       3
       2
       4
       0
       0
       5
       2
       5
       5
       3
       2
       1
       6
       3
       5
       4
       3
       6
       3
       1
       5
       2
       1
       2
       5
       2
       1
       4
       5
       6
       3
       3
       1
       3
       4
       5
       1
       3
       0
       1
       2
       4
       5
       9
       2
       2
       3
       2
       4
       6
       4
       2
       4
       2
       2
       4
       4
       6
       4
       2
       1
       0
       2
       2
       0
       3
       3
       2
       3
       4
       2
       5
       4
       4
       1
       1
       5
       1
       4
       1
       3
       2
       2
       1
       0
       0
       6
       1
       2
       3
       3
       2
       2
       1
       2
       1
       3
       7
       3
       5
       4
       2
       1
       2
       1
       2
       3
       3
       2
       6
       2
       1
       2
       5
       2
       5
       1
       7
       2
       1
       2
       0
       2
       3
       4
       2
       2
       2
       1
       1
       5
       1
       3
       6
       3
       1
       1
       1
       5
       6
       5
       2
       3
       5
       5
       5
       4
       2
       5
       1
       3
       2
       1
       3
       2
       3
       6
       2
       1
       2
       2
       3
       2
       1
       1
       5
       3
       3
       5
       2
       3
       3
       2
       2
       1
       5
       3
       3
       4
       7
       2
       5
       0
       5
       3
       2
       1
       2
       3
       5
       1
       3
       1
       6
       3
       3
       2
       4
       0
       0
       3
       2
       2
       2
       2
       2
       1
       2
       4
       3
       2
       0
       4
       1
       4
       4
       2
       1
       4
       2
       5
       1
       2
       4
       4
       1
       2
       3
       2
       2
       1
       1
       3
       1
       0
       0
       3
       1
       1
       0
       3
       4
       2
       2
       4
       1
       3
       3
       2
       1
       3
       5
       3
       4
       5
       3
       3
       1
       2
       0
       2
       1
       1
       4
       5
       4
       4
       2
       1
       4
       2
       4
       3
       3
       1
       1
       1
       3
       1
       3
       1
       2
       4
       4
       2
       3
       1
       2
       0
       2
       0
       2
       4
       3
       4
       1
       5
       6
       5
       1
       2
       0
       6
       5
       3
       1
       0
       0
       3
       3
       1
       3
       3
       5
       0
       2
       1
       3
       2
       4
       0
       3
       1
       4
       3
       2
       2
       3
       1
       2
       6
       2
       0
       5
       0
       5
       2
       0
       3
       1
       4
       1
       3
       2
       3
       4
       0
       2
       2
       1
       0
       3
       1
       3
       1
       4
       2
       3
       2
       3
       2
       1
       3
       2
       3
       0
       4
       2
       3
       2
       5
       2
       2
       2
       4
       2
       2
       2
       1
       3
       0
       1
       2
       5
       3
       3
       3
       7
       0
       5
       2
       3
       2
       4
       1
       5
       2
       1
       2
       2
       4
       1
       3
       1
       0
       1
       4
       1
       4
       2
       2
       3
       4
       2
       5
       2
       1
       2
       1
       5
       3
       0
       0
       2
       3
       4
       0
       1
       0
       2
       0
       1
       3
       4
       3
       2
       4
       4
       2
       2
       1
       2
       5
       2
       3
       1
       1
       3
       1
       2
       3
       3
       1
       1
       1
       1
       3
       4
       4
       2
       1
       2
       2
       2
       5
       2
       2
       2
       3
       1
       2
       1
       3
       1
       3
       3
       1
       3
       1
       2
       3
       2
       1
       2
       2
       1
       1
       1
       0
       1
       1
       1
       2
       0
       0
       5
       1
       3
       3
       3
       2
       2
       0
       0
       3
       0
       5
       2
       5
       2
       3
       5
       1
       2
       2
       1
       3
       2
       1
       1
       2
       2
      10
       6
       7
       8
       4
       4
       2
       3
       2
       4
       3
       3
       3
       3
       0
       2
       0
       2
       2
       5
       2
       2
       1
       3
       3
       0
       3
       2
       1
       1
       2
       0
       1
       3
       3
       0
       1
       2
       2
       0
       0
       2
       2
       2
       2
       2
       2
       2
       2
       2
       2
       2
       1
       1
       1
       1
       5
       1
       1
       3
       1
       1
       2
       3
       1
       0
       1
       2
       2
       2
       0
       2
       5
       1
       1
       4
       2
       1
       0
       0
       4
       0
       4
       0
       0
       1
       2
       2
       3
       0
       1
       1
       2
       0
       5
       2
       3
       1
       3
       3
       0
       0
       1
       2
       2
       0
       1
       0
       0
       0
       1
       2
       4
       3
       2
       1
       1
       0
       2
       0
       1
       2
       2
       2
       3
       1
       1
       1
       6
       0
       1
       1
       0
       3
       2
       1
       0
       1
       0
       2
       0
       2
       2
       1
       1
       3
       0
       0
       2
       1
       1
       2
       5
       5
       2
       4
       4
       3
       1
       2
       4
       1
       0
       0
       1
       3
       1
       1
       0
       1
       3
       1
       0
       1
       0
       2
       3
       3
       1
       2
       6
       0
       0
       2
       0
       2
       3
       0
       2
       2
       3
       0
       1
       3
       2
       1
       3
       1
       2
       1
       2
       0
       2
       2
       2
       0
       1
       3
       0
       1
       3
       1
       1
       0
       1
       1
       0
       4
       1
       3
       1
       2
       2
       3
       3
       2
       3
       1
       1
       2
       3
       5
       2
       1
       2
       1
       0
       1
       2
       0
       0
       3
       0
       3
       1
       1
       1
       1
       1
       0
       0
       1
       3
       5
       0
       0
       2
       1
       0
       1
       1
       1
       0
       3
       2
       2
       0
       0
       0
       2
       1
       1
       1
       0
       1
       2
       2
       4
       0
       0
       3
       2
       1
       2
       4
       0
       2
       1
       0
       1
       3
       2
       1
       0
       3
       3
       0
       2
       1
       1
       3
       2
       3
       2
       0
       0
       3
       1
       1
       0
       1
       1
       1
       3
       1
       0
       3
       1
       0
       1
       1
       0
       3
       1
       3
       3
       1
       2
       0
       0
       2
       0
       1
       3
       5
       2
       3
       0
       2
       1
       3
       2
       0
       1
       1
       2
       3
       1
       0
       3
       2
       2
       0
       2
       0
       4
       0
       2
       1
       2
       3
       1
       0
       3
       1
       3
       2
       4
       2
       1
       0
       0
       2
       3
       0
       1
       2
       1
       1
       2
       2
       0
       1
       2
       2
       0
       1
       1
       0
       1
       1
       0
       1
       2
       0
       3
       1
       2
       1
       3
       0
       0
       1
       4
       2
       3
       0
       2
       1
       1
       1
       2
       2
       1
       1
       2
       0
       1
       0
       2
       1
       1
       0
       2
       1
       0
       2
       0
       3
       1
       1
       4
       1
       1
       2
       3
       0
       1
       3
       0
       1
       0
       0
       3
       4
       2
       1
       1
       1
       0
       1
       1
       1
       0
       1
       1
       0
       2
       3
       2
       0
       3
       1
       0
       1
       0
       1
       2
       3
       3
       2
       0
       2
       2
       2
       1
       1
       1
       1
       1
       1
       3
       0
       0
       1
       0
       2
       1
       2
       1
       0
       1
       1
       5
       1
       0
       1
       2
       0
       5
       4
       7
      11
      17
      10
      10
       7
      13
       8
       5
       2
       2
       1
       3
       1
       1
       0
       3
       1
       1
       2
       1
       0
       1
       0
       1
       0
       0
       0
       0
       1
       0
       0
       0
       0
       1
       2
       0
       0
       0
       0
       4
       4
       1
       2
       4
       5
       3
       5
       4
       1
       0
       1
       2
       0
       0
       2
       0
       1
       1
       1
       0
       3
       1
       0
       0
       4
       1
       3
       2
       0
       0
       2
       3
       2
       0
       1
       0
       0
       0
       0
       2
       1
       1
       1
       0
       0
       0
       1
       3
       3
       3
       1
       1
       0
       1
       0
       1
       0
       0
       1
       1
       1
       3
       1
       1
       0
       0
       0
       1
       0
       2
       2
       1
       0
       1
       1
       1
       0
       0
       3
       2
       1
       1
       0
       1
       1
       0
       0
       1
       0
       2
       1
       1
       1
       0
       0
       1
       2
       2
       0
       3
       1
       0
       1
       0
       1
       1
       1
       2
       1
       3
       0
       0
       0
       0
       1
       1
       0
       1
       1
       0
       1
       0
       0
       2
       0
       0
       1
       3
       0
       1
       0
       0
       3
       0
       0
       0
       1
       1
       0
       1
       1
       1
       1
       2
       0
       3
       1
       1
       1
       0
       2
       1
       0
       1
       1
       3
       2
       0
       3
       1
       0
       1
       2
       0
       0
       0
       1
       1
       0
       0
       0
       2
       0
       2
       0
       0
       1
       1
       2
       0
       2
       0
       2
       1
       1
       0
       0
       1
       3
       3
       1
       0
       0
       0
       0
       1
       1
       1
       1
       0
       0
       0
       1
       0
       0
       0
       2
       0
       0
       0
       0
       1
       1
       1
       0
       3
       0
       1
       0
       0
       0
       0
       1
       0
       1
       1
       1
       0
       0
       0
       0
       0
       0
       0
       1
       3
       0
       0
       0
       1
       1
       3
       2
       1
       1
       1
       0
       0
       0
       1
       1
       1
       1
       2
       0
       0
       2
       2
       0
       0
       0
       1
       0
       0
       0
       3
       1
       0
       0
       0
       0
       0
       0
       1
       0
       1
       0
       0
       0
       0
       2
       0
       0
       2
       0
       0
       2
       1
       0
       1
       1
       0
       2
       0
       1
       0
       0
       0
       0
       0
       1
       0
       2
       0
       0
       0
       0
       0
       2
       1
       1
       1
       1
       1
       0
       0
       0
       0
       2
       1
       0
       0
       0
       0
       0
       0
       0
       2
       1
       0
       2
       1
       4
       2
       1
       0
       0
       1
       0
       0
       0
       0
       0
       1
       0
       0
       1
       0
       2
       1
       2
       0
       0
       1
       1
       0
       1
       0
       0
       0
       1
       0
       1
       1
       1
       1
       0
       0
       2
       0
       1
       0
       0
       0
       0
       1
       1
       0
       0
       2
       2
       1
       0
       0
       0
       1
       0
       1
       0
       0
       0
       0
       1
       0
       0
       1
       0
       1
       1
       1
       0
       1
       0
       1
       1
       2
       0
       1
       1
       1
       0
       2
       0
       1
       0
       0
       0
       0
       1
       0
       0
       0
       1
       2
       0
       0
       1
       0
       1
       1
       0
       1
       0
       0
       1
       1
       1
       0
       0
       0
       2
       0
       1
       0
       1
       2
       1
       2
       0
       0
       2
       2
       0
       0
       0
       0
       0
       0
       0
       0
       1
       1
       2
       0
       1
       0
       0
       1
       0
       0
       0
       0
       0
       1
       1
       1
       0
       0
       0
       2
       0
       1
       0
       1
       1
       1
       0
       0
       0
       1
       0
       1
       1
       0
       0
       2
       1
       3
       0
       0
       0
       1
       0
       1
       2
       0
       1
       0
       0
       0
       0
       0
       0
       0
       1
       0
       1
       0
       1
       1
       0
       0
       1
       0
       2
       0
       1
       1
       1
       4
       2
       4
       3
       2
       4
       1
       2
       2
       0
       1
       0
       0
       0
       0
       1
       0
       3
       0
       0
       0
       0
       0
       1
       0
       1
       1
       1
       0
       0
       2
       1
       1
       0
       1
       1
       0
       1
       1
       0
       1
       1
       3
       0
       0
       0
       0
       0
       0
       1
       0
       2
       0
       0
       0
       0
       1
       0
       1
       0
       0
       0
       0
       2
       0
       1
       1
       0
       0
       0
       0
       0
       0
       0
       0
       1
       0
       0
       0
       0
       0
       0
       2
       1
       2
       1
       1
       0
       1
       0
       0
       2
       0
       1
       2
       0
       0
       1
       0
       0
       2
       1
       1
       1
       0
       0
       1
       0
       0
       1
       1
       1
       0
       1
       0
       0
       0
       0
       2
       1
       1
       0
       0
       1
       1
       0
       0
       0
       1
       0
       0
       0
       1
       1
       0
       0
       0
       1
       0
       0
       0
       0
       0
       1
       0
       0
       0
       0
       0
       2
       1
       1
       1
       0
       2
       0
       0
       1
       0
       2
       0
       1
       0
       4
       0
       0
       1
       3
       3
       1
       1
       0
       2
       2
       1
       2
       0
       1
       1
       0
       1
       0
       1
       0
       1
       1
       2
       0
       1
       0
       1
       0
       1
       0
       0
       0
       1
       1
       2
       0
       1
       0
       0
       1
       1
       0
       0
       0
       0
       0
       2
       1
       0
       1
       0
       0
       0
       0
       1
       0
       0
       0
       0
       0
       1
       0
       1
       0
       0
       0
       0
       1
       0
       0
       0
       1
       0
       0
       0
       0
       0
       0
       1
       0
       0
       1
       0
       0
       0
       1
       3
       1
       0
       0
       0
       0
       0
       1
       0
       0
       0
       0
       0
       1
       0
       0
       0
       1
       1
       0
       0
       0
       1
       0
       1
       3
       1
       0
       0
       1
       0
       2
       0
       0
       1
       1
       0
       0
       1
       0
       0
       1
       0
       0
       0
       1
       1
       0
       0
       1
       0
       0
       0
       0
       0
       0
       0
       1
       0
       0
       0
       0
       0
       0
       0
       1
       0
       0
       0
       1
       1
       0
       1
       0
       1
       0
       1
       0
       2
       0
       0
       0
       0
       1
       0
       0
       0
       0
       1
       0
       0
       1
       0
       0
       0
       0
       0
       0
       0
       0
       0
       0
       0
       0
       2
       0
       0
       1
       0
       1
       0
       1
       0
       0
       1
       0
       0
       1
       1
       0
       0
       0
       0
       1
       0
       0
       1
       0
       0
       0
       1
       0
       0
       1
       0
       0
       0
       0
       0
       0
       0
       0
       1
       0
       0
       0
       0
       0
       0
       0
       0
       2
       0
       0
       1
       2
       1
       0
       0
       0
       1
       0
       0
       0
       1
       0
       2
       0
       0
       0
       0
       1
       0
       2
       1
       1
       0
       0
       1
       1
       1
       0
       1
       0
       0
       1
       1
       0
       1
       0
       0
       0
       1
       0
       0
       0
       1
       0
       0
       0
       0
       1
       0
       1
       0
       0
       1
       1
       0
       1
       1
       1
       0
       1
       0
       1
       0
       0
       0
       1
       1
       1
       0
       0
       0
       0
       0
       1
       0
       2
       0
       0
       0
       0
       0
       0
       1
       0
       1
       1
       0
       0
       0
       0
       0
       0
       0
       1
       0
       0
       0
       1
       0
       0
       1
       0
       1
       0
       0
       0
       0
       0
       1
       0
       0
       0
       0
       0
       0
       0
       0
       0
       0
       1
       0
       2
       1
       0
       0
       0
       0
       0
       1
       0
       0
       1
       0
       0
       0
       0
       0
       1
       0
       0
       0
       0
       1
       0
       0
       0
       1
       1
       0
       0
       0
       1
       0
       1
       1
       0
       0
       0
       0
       0
       1
       0
       0
       0
       0
       1
       0
       1
       0
       1
       0
       1
       0
       1
       0
       0
       0
       0
       0
       0
       1
       0
       0
       0
       0
       0
       0
       0
       0
       2
       0
       0
       0
       0
       0
       0
       1
       0
       0
       0
       1
       0
       1
       0
       0
       0
       0
       1
       0
       0
       0
       1
       1
       0
       0
       0
       0
       0
       1
       0
       1
       0
       0
       0
       0
       0
       0
       0
       0
       0
       0
       0
       0
       0
       0
       0
       0
       2
       1
       0
       0
       0
       0
       1
       1
       1
       0
       0
       0
       1
       0
       0
       0
       0
       0
       0
       0
       0
       0
       0
       0
       0
       0
       1
       0
       1
       0
       1
       0
       0
       0
       0
       0
       0
       0
       0
       0
       0
       0
       1
       1
       0
       0
       1
       1
       0
       0
       0
       0
       0
       1
       1
       0
       0
       0
       0
       0
       0
       0
       0
       0
       0
       0
       0
       0
       0
       1
       1
       0
       2
       0
       0
       0
       0
       0
       0
       0
       0
       1
       0
       0
       1
       1
       2
       0
       0
       0
       0
       0
       0
       0
       0
       1
       0
       0
       0
       0
       1
       0
       0
       0
       0
       0
       0
       0
       0
       0
       0
       0
       0
       0
       1
       0
       0
       0
       0
       0
       0
       0
       0
       1
       1
       0
       0
       1
       0
       0
       0
       1
       0
       0
       0
       0
       0
       0
       0
       0
       0
       0
       2
       0
       0
       0
       1
       0
       0
       0
       0
       0
       0
       0
       0
       1
       0
       0
       1
       1
       0
       0
       0
       1
       1
       1
       0
       0
       0
       0
       0
       0
       0
       0
       0
       0
       0
       0
       0
       0
       0
       0
       0
       0
       1
       1
       1
       0
       0
       1
       0
       1
       2
       1
       1
       0
       0
       0
       0
       1
       0
       0
       0
       0
       0
       1
       0
       0
       0
       0
       0
       1
       0
       0
       0
       0
       0
       1
       0
       0
       0
       1
       0
       0
       0
       0
       1
       0
       0
       0
       0
       2
       1
       0
       1
       0
       0
       1
       0
       0
       0
       2
       0
       0
       0
       1
       1
       1
       1
       0
       1
       0
       0
       0
       0
       0
       1
       1
       0
       0
       0
       0
       0
       1
       1
       0
       0
       0
       0
       0
       0
       1
       0
       0
       0
       0
       0
       0
       0
       0
       0
       0
       0
       0
       1
       1
       0
       0
       0
       1
       0
       0
       1
       1
       0
       0
       1
       0
       0
       0
       0
       0
       1
       1
       0
       0
       0
       0
       1
       0
       0
       0
       0
       1
       0
       0
       1
       0
       1
       1
       0
       0
       0
       0
       0
       0
       0
       0
       1
       0
       0
       0
       0
       0
       0
       0
       0
       0
       0
       0
       1
       0
       0
       0
       0
       1
       0
       0
       0
       1
       0
       0
       0
       0
       0
       0
       0
       0
       0
       0
       0
       0
       0
       0
       0
       0
       0
       0
       0
       0
       0
       0
       0
       0
       1
       0
       0
       1
       0
       0
       1
       0
       0
       0
       0
       1
       0
       0
       2
       0
       0
       1
       0
       0
       0
       0
       0
       0
       0
       0
       0
       0
       1
       1
       0
       0
       0
       0
       0
       0
       0
       0
       2
       0
       1
       0
       0
       0
       0
       0
       1
       0
       0
       0
       0
       0
       1
       0
       0
       0
       0
       0
       0
       0
       0
       0
       0
       0
       0
       1
       0
       0
       1
       1
       2
       0
       0
       0
       0
       1
       0
       0
       0
       0
       0
       0
       1
       0
       0
       0
       1
       0
       1
       0
       0
       0
       0
       0
       0
       0
       1
       0
       1
       0
       2
       0
       1
       0
       0
       0
       0
       0
       0
       0
       0
       1
       1
       1
       0
       0
       0
       0
       0
       1
       0
       0
       0
       0
       1
       0
       0
       0
       0
       0
       1
       0
       0
       0
       0
       0
       0
       1
       1
       0
       1
       0
       0
       0
       0
       0
       0
       0
       1
       0
       1
       0
       0
       0
       0
       0
       1
       2
       0
       0
       0
       0
       0
       0
       0
       0
       0
       1
       0
       0
       0
       0
       0
       1
       0
       0
       0
       0
       1
       1
       0
       0
       3
       0
       0
       0
       1
       1
       0
       0
       0
       0
       0
       0
       0
       0
       1
       0
       0
       0
       0
       0
       0
       0
       0
       0
       0
       0
       0
       0
       0
       0
       1
       0
       0
       1
       0
       0
       0
       0
       0
       0
       0
       0
       0
       0
       1
       0
       0
       1
       1
       0
       0
       0
       0
       1
       0
       0
       0
       0
       1
       0
       0
       0
       0
       0
       0
       1
       0
       0
       0
       0
       1
       0
       1
       1
       0
       0
       0
       0
       0
       0
       1
       1
       0
       0
       1
       1
       0
       0
       0
       0
       0
       1
       0
       0
       1
       0
       1
       0
       0
       0
       0
       0
       0
       0
       0
       0
       0
       1
       0
       0
       0
       0
       0
       0
       0
       0
       0
       0
       0
       0
       1
       0
       0
       0
       0
       0
       0
       1
       0
       0
       0
       0
       0
       0
       0
       1
       1
       0
       0
       0
       0
       1
       2
       0
       0
       0
       0
       0
       0
       1
       0
       0
       1
       0
       0
       0
       0
       0
       0
       0
       0
       1
       0
       0
       0
       0
       1
       0
       0
       1
       0
       0
       0
       0
       0
       0
       0
       0
       0
       0
       0
       0
       0
       0
       0
       0
       0
       0
       0
       0
       0
       0
       0
       0
       0
       0
       0
       0
       0
       0
       0
       0
       0
       0
       0
       0
       0
       0
       0
       0
       0
       0
       0
       0
       0
       0
       0
       0
       0
       0
       0
       0
       0
       0
       0
       0
       0
       0
       0
       0
       0
       0
       0
       0
       0
       0
       0
       0
       0
       0
       0
       0
       0
       0
       0
       0
       0
       0
       0
       0
       0
       0
       0
       0
       0
       0
       0
       0
       0
       0
       0
       0
       0
       0
       0
       0
       0
       0
       0
       0
       0
       0
       0
       0
       0
       0
       0
       0
       0
       0
       0
       0
       0
       0
       0
       0
       0
       0
       0
       0
       0
       0
       0
       0
       0
       0
       0
       0
       0
       0
       0
       0
       0
       0
$ROI:
0
$PRESETS:
Real Time
180
0
$ENER_FIT:
0.888569 0.390988
$MCA_CAL:
3
8.885689E-001 3.909876E-001 3.191953E-008 keV
$SHAPE_CAL:
3
0.000000E+000 0.000000E+000 0.000000E+000
