$SPEC_ID:
1
$SPEC_REM:
DET# 2
DETDESC# MCB 130 Normal
AP# Maestro Version 7.01
$DATE_MEA:
10/01/2019 10:13:47
$MEAS_TIM:
174 180
$DATA:
0 8191
       0
       0
       0
       0
       0
       0
       0
       0
       0
       0
       0
       0
       0
       0
       0
       0
       0
       0
       0
       0
       0
       0
       0
       0
       0
       0
      33
     965
     269
     132
     174
     224
     302
     287
     247
     193
     248
     246
     300
     342
     335
     350
     290
     233
     249
     212
     202
     195
     229
     243
     234
     212
     178
     198
     161
     164
     176
     202
     195
     231
     251
     204
     212
     190
     209
     211
     216
     234
     269
     332
     416
     470
     368
     280
     287
     301
     371
     415
     337
     265
     297
     276
     236
     269
     234
     261
     265
     361
     613
     873
     954
     596
     331
     226
     202
     232
     222
     254
     234
     250
     261
     360
     428
     371
     293
     267
     202
     192
     195
     201
     202
     188
     209
     188
     209
     193
     196
     210
     214
     174
     208
     165
     178
     210
     258
     373
     328
     211
     172
     176
     185
     222
     215
     220
     215
     189
     193
     183
     211
     189
     199
     187
     242
     311
     475
     543
     425
     234
     191
     209
     226
     229
     225
     195
     194
     224
     191
     204
     207
     204
     236
     213
     204
     204
     225
     204
     218
     196
     237
     218
     231
     228
     215
     243
     229
     232
     213
     241
     221
     241
     223
     251
     242
     230
     261
     272
     267
     233
     255
     262
     291
     304
     269
     237
     231
     231
     244
     230
     239
     242
     209
     252
     243
     269
     429
     540
     592
     409
     233
     228
     258
     243
     249
     241
     283
     251
     262
     248
     268
     268
     271
     281
     269
     251
     274
     246
     251
     227
     240
     272
     300
     327
     359
     280
     250
     283
     274
     277
     314
     421
     545
     570
     420
     294
     272
     278
     293
     261
     379
     599
     730
     652
     476
     384
     330
     258
     255
     260
     263
     276
     255
     277
     305
     359
     370
     317
     290
     281
     274
     367
     418
     360
     276
     229
     254
     240
     271
     253
     244
     289
     286
     321
     389
     374
     380
     319
     291
     247
     269
     268
     272
     306
     302
     285
     256
     266
     275
     304
     286
     262
     249
     228
     262
     232
     232
     206
     256
     227
     240
     238
     240
     231
     242
     234
     210
     239
     212
     241
     245
     233
     248
     260
     231
     251
     224
     223
     227
     232
     215
     203
     226
     229
     237
     222
     222
     219
     252
     236
     244
     217
     235
     238
     232
     218
     248
     222
     222
     237
     254
     229
     221
     228
     230
     214
     219
     288
     561
    1329
    1901
    1498
     635
     257
     203
     192
     184
     211
     192
     193
     198
     253
     280
     291
     219
     193
     194
     228
     205
     173
     186
     186
     206
     239
     213
     217
     215
     304
     293
     233
     185
     176
     190
     159
     213
     167
     189
     206
     175
     169
     175
     191
     162
     182
     170
     191
     209
     199
     185
     173
     159
     175
     158
     163
     180
     174
     220
     198
     212
     164
     177
     186
     171
     150
     169
     150
     179
     151
     159
     169
     211
     180
     196
     182
     178
     163
     169
     187
     171
     187
     147
     174
     174
     163
     178
     184
     157
     157
     169
     169
     177
     181
     189
     184
     180
     179
     188
     168
     170
     151
     174
     163
     211
     271
     287
     237
     185
     161
     175
     141
     179
     180
     178
     161
     158
     183
     166
     170
     183
     136
     154
     176
     150
     152
     165
     167
     159
     168
     165
     159
     170
     164
     160
     158
     170
     180
     168
     147
     154
     167
     165
     159
     179
     143
     148
     164
     155
     152
     157
     182
     149
     141
     173
     150
     175
     154
     142
     174
     140
     153
     133
     128
     148
     136
     146
     156
     166
     136
     148
     139
     154
     131
     138
     142
     133
     151
     140
     164
     132
     159
     133
     158
     135
     135
     134
     105
     157
     156
     116
     148
     125
     148
     146
     146
     143
     137
     115
     146
     143
     139
     130
     156
     159
     135
     162
     162
     148
     154
     107
     145
     142
     165
     140
     115
     135
     141
     138
     106
     134
     131
     128
     138
     177
     358
     756
     973
     834
     394
     177
     137
     126
     160
     159
     158
     159
     156
     119
     109
     124
     120
     123
     117
     116
     119
     118
     114
     102
     124
     139
     111
     132
     138
     130
     136
     120
     135
     136
     131
     121
     138
     122
     127
     113
     110
      99
     110
     103
     110
     105
     127
      99
     123
     102
     111
     108
     123
     118
     296
    1014
    2559
    3343
    2516
    1053
     299
     112
     104
     102
      73
     114
     103
      93
     125
     124
     127
     100
      99
     121
      97
      96
     107
      98
      96
     102
      90
      80
      95
     102
     111
     109
     101
     110
      97
     112
     126
     137
     120
      94
     108
     100
      97
     104
      88
     151
     187
     247
     173
     134
     103
     102
      85
      92
      85
      89
      77
      98
     103
      91
     106
      96
     117
      92
      90
     109
     109
     103
     116
      89
     103
     115
     106
      92
     136
     141
     118
     100
      94
      80
      94
      93
     101
      88
     102
      91
      99
      97
      93
     107
      97
      98
     105
     110
     105
     109
     105
      80
     104
     106
     106
     124
     120
     101
      71
      89
      98
      94
      95
      92
      72
      88
     235
     480
     829
     775
     496
     209
     125
     106
     112
     100
     102
      85
     111
      83
      78
     127
     130
     103
     101
      78
      81
      94
     104
      88
      94
      69
      84
     107
      94
      77
      99
     100
     111
     107
      86
     120
     113
      92
      81
      84
      82
     102
     104
     105
      66
      87
      94
      96
      70
      99
      80
      70
      99
      86
      80
      90
      90
      81
      96
      74
      99
     119
     115
     119
     113
      74
      85
     102
     128
     127
     142
     100
      88
     103
      76
     104
      81
      85
      78
      81
      89
      84
      79
      96
      95
      86
      76
      86
     110
      78
      76
      96
      92
      98
     119
      93
      84
      71
      67
      88
      88
      80
      77
      70
      81
      63
      91
      89
     101
      90
      81
      74
      78
      63
      94
      87
      80
      87
      84
      90
      73
      78
     103
     102
      81
      93
      89
      80
      84
      72
      83
      82
      92
      91
      80
      79
      97
      78
      77
      71
      82
      74
      80
      85
      82
      75
      92
      91
     102
     120
     110
     105
     110
     105
     102
      76
      83
      77
      78
      87
      84
      90
     118
      95
      80
      83
      80
      84
     104
      82
      79
      80
      80
      74
      77
      77
      73
      70
      68
      71
      83
      70
      83
     140
     179
     224
     176
     126
      81
      82
      89
      88
      81
      70
      55
      80
      77
      76
      63
      68
      69
      54
      66
      75
      83
      77
      70
      54
      51
      64
      60
      58
      74
      62
      64
      49
      69
      74
      62
      61
      64
      63
      71
      61
      64
      64
      66
      67
      57
      45
      72
      81
      64
      66
      63
      63
      58
      66
      66
      53
      58
      60
      54
      75
      48
      72
      63
      56
      55
      54
      65
      61
      63
      63
      64
      66
      63
      54
      59
      74
      65
      58
      52
      59
      63
      53
      69
      55
      52
      63
      64
      57
      67
      57
      65
      62
      67
      60
      58
      60
      62
      54
      67
      59
      71
      47
      61
      67
      68
      64
      53
      63
      54
      57
      68
      62
      62
      62
      70
      53
      64
      56
      54
      59
      66
      64
      58
      54
      47
      58
      52
      57
      49
      61
      55
      56
      52
      54
      55
      77
      69
      84
      80
      89
      52
      57
      66
      67
      62
      66
      63
      47
      56
      87
      53
      74
      55
      64
      63
      51
      53
      48
      68
      55
      48
      53
      59
      58
      53
      59
      52
      59
      65
      47
      48
      63
      40
      71
      62
      59
      58
      72
      50
      65
      43
      50
      52
      58
      59
      61
      51
      58
      68
      48
      49
      71
      58
      43
      58
      52
      60
      57
      55
      60
      47
      47
      55
      56
      53
      48
      69
      57
      54
      68
      52
      69
      59
      69
      58
      62
      67
      57
      58
      57
      54
      52
      61
      47
      59
      57
      58
      56
      53
      55
      66
      57
      56
      73
      53
      62
      44
      55
      51
      58
      43
      47
      43
      41
      60
      56
      61
      61
      47
      61
      47
      59
      63
      67
      57
      54
      61
      48
      42
      58
      54
      54
      53
      51
      60
      56
      61
      62
      74
      59
      62
      73
      63
      60
      64
      57
      49
      54
      53
      65
      61
      60
      54
      52
      42
      64
      40
      47
      60
      47
      53
      51
      51
      49
      47
      61
      50
      67
      63
      55
      39
      45
      55
      55
      50
      48
      53
      49
      45
      44
      46
      51
      59
      77
      64
      93
      76
      53
      44
      47
      29
      49
      58
      62
      60
      63
      61
      48
      54
      61
      42
      54
      51
      49
      54
      28
      47
      39
      52
      66
      80
      81
      78
      56
      39
      43
      43
      51
      40
      46
      47
      43
      36
      45
      37
      36
      54
      36
      50
      44
      44
      60
      50
      63
      57
      65
      73
      89
     111
      86
      61
      58
      42
      58
      72
      63
      64
      65
      54
      62
      42
      49
      45
      37
      52
      35
      36
      49
      41
      46
      57
      35
      48
      46
      40
      49
      46
      45
      32
      38
      28
      41
      43
      53
      58
      84
     103
     118
      70
      54
      53
      46
      39
      55
      62
      91
     106
     104
      81
      59
      63
     104
     297
     640
     997
    1034
     737
     334
     135
      67
      45
      48
      44
      41
      36
      55
      58
      33
      52
      38
      47
      49
      66
      95
      81
      70
      51
      37
      43
      39
      34
      38
      35
      43
      46
      43
      44
      46
      44
      37
      40
      34
      39
      36
      36
      61
      73
      86
      82
      60
      44
      49
      39
      44
      37
      38
      46
      35
      46
      36
      29
      34
      34
      35
      44
      45
      40
      81
     171
     337
     451
     422
     297
     126
      47
      45
      30
      31
      31
      42
      36
      33
      35
      35
      40
      49
      42
      31
      43
      30
      34
      33
      30
      22
      36
      25
      31
      28
      37
      36
      29
      31
      34
      30
      25
      30
      22
      38
      35
      29
      32
      31
      28
      36
      32
      33
      25
      22
      24
      26
      26
      22
      29
      33
      28
      15
      31
      29
      25
      29
      28
      34
      32
      27
      36
      31
      27
      23
      30
      23
      27
      37
      33
      29
      27
      30
      23
      31
      30
      25
      26
      30
      29
      31
      33
      16
      23
      27
      25
      32
      24
      25
      20
      29
      31
      26
      40
      32
      39
      23
      31
      18
      19
      36
      24
      36
      19
      36
      22
      27
      25
      29
      28
      31
      18
      33
      17
      37
      28
      34
      41
      35
      39
      41
      28
      26
      30
      27
      26
      25
      29
      17
      30
      42
      68
      61
      58
      39
      60
      33
      21
      19
      28
      29
      25
      38
      24
      31
      19
      17
      20
      28
      18
      20
      24
      22
      20
      35
      27
      34
      33
      33
      28
      30
      34
      34
      43
      32
      33
      25
      29
      35
      22
      22
      17
      20
      29
      21
      15
      17
      22
      32
      23
      25
      23
      20
      25
      24
      26
      40
      41
      52
      69
      52
      37
      26
      33
      29
      23
      29
      18
      18
      18
      22
      24
      22
      21
      25
      25
      27
      25
      21
      21
      23
      16
      26
      21
      17
      22
      12
      22
      22
      16
      17
      17
      13
      27
      29
      21
      16
      17
      20
      19
      20
      20
      14
      28
      19
      29
      14
      21
      18
      20
      39
      25
      47
      30
      31
      61
      72
      99
      78
      53
      33
      22
      27
      25
      22
      27
      45
     148
     381
     695
     871
     716
     450
     228
      81
      21
      14
      25
      37
      20
      13
      18
      26
      19
      27
      51
      58
      59
      40
      33
      21
      39
     107
     205
     301
     292
     218
     117
      69
      34
      35
      28
      25
      24
      25
      29
      29
      19
      15
      14
      24
      15
      23
      16
      17
      15
      21
      15
      23
      13
      20
      12
      22
      18
      20
      23
      22
      26
      35
      20
      13
      13
      27
      16
      19
      15
      13
      17
      25
      21
      17
       7
      16
      14
      12
      22
      14
      21
      25
      17
      18
      18
      26
      19
      20
      21
       7
      19
      26
      12
      21
      13
      13
      30
      19
      16
      14
      18
      18
      16
      19
      16
      12
      19
      12
      19
      18
      15
      16
      16
      19
      14
      21
      19
      15
      19
      25
      22
      24
      25
      14
      25
      21
      24
      33
      28
      30
      24
      15
      15
      15
      13
      17
      16
      11
      13
      18
      14
      16
      16
      12
       9
      20
      19
      23
      23
      21
      13
      21
      18
      19
      18
      16
      20
      22
      19
      12
      14
       8
       7
      13
      20
      38
      32
      42
      29
      26
      12
      43
      27
      33
      26
      22
      14
      14
      29
      30
      28
      22
      20
      21
      15
      16
      17
      10
      13
      17
      20
      19
      10
      16
      13
      17
      16
      12
      16
      11
      13
      12
      19
      13
      11
      23
      15
      17
      24
      28
      54
      72
      70
      57
      39
      23
      20
      31
     107
     245
     460
     653
     619
     427
     225
      86
      23
      23
      17
      11
      15
      21
      15
      17
      29
      50
      85
     112
     154
     103
      74
      40
      20
      11
      17
      14
      18
      21
      15
      14
       8
      20
      19
      15
      31
      20
      30
      21
      14
      17
      18
      14
      16
      21
      17
      13
      26
      22
      19
      19
      14
      17
       9
      10
      24
      12
      12
      14
      16
      18
      18
      14
      16
      11
      16
      17
      21
      18
      18
      10
       9
      15
      16
      33
      84
     160
     201
     219
     138
      92
      43
      36
      14
      13
      14
       9
      19
      22
      32
      18
      33
      19
      31
      20
      20
      14
      16
      10
      19
      17
      17
      17
      18
      15
      14
      11
      11
      24
      12
      21
      20
      13
      18
      12
      14
      15
      15
      15
      15
      10
      16
       7
      18
      17
      11
      14
      17
      23
      14
      11
      20
      18
      21
      13
      15
       7
      10
      20
      13
       5
       9
      14
       8
      11
      12
      16
      18
      17
      20
       9
      20
      12
      12
       7
      10
      11
      14
      14
      16
      16
      14
      13
      22
      15
      21
      14
      11
      19
      20
      14
      26
      19
      18
      22
      13
      20
      22
      21
      33
      29
      26
      21
      12
      16
      12
      20
      25
      24
      20
      20
      17
      12
      18
      18
      14
       8
      15
      16
      18
      11
      10
      10
      12
      11
      18
      15
      15
      10
      12
      10
      17
      15
      11
      12
      17
      16
      11
      13
      16
      11
      11
      11
       9
      12
      10
       9
      15
       7
      12
       9
       7
       6
      10
      12
      12
       6
      12
      12
      22
      22
      32
      25
      37
      25
      11
      14
      18
      14
      10
       5
      10
      13
      11
       7
      13
      15
      11
       7
      11
       7
       9
      14
      13
       9
      11
       7
      15
      10
       8
      12
      12
      15
      15
      11
      11
      13
       3
      13
       8
      16
      27
      19
      19
      18
      15
      11
      16
      17
      18
      25
      17
      19
      24
      16
       9
      11
      10
       7
       8
       8
      11
      13
      12
      10
       9
       9
      11
       8
       9
      16
      14
       8
      11
      11
      14
      10
      10
      10
      10
      12
      11
      14
      13
       6
      10
       9
      13
       6
      15
      10
      12
      13
      13
       9
       6
      12
      17
      22
      39
      38
      47
      21
      24
      20
      10
      10
      12
      16
      17
      27
      29
      20
      24
      15
      15
      15
      16
       8
      16
      16
       6
      12
       4
       6
       5
       7
      11
      10
       8
      10
      14
       8
       9
      13
       6
      13
      11
      10
      12
       9
      11
       6
      13
       6
      12
      10
      16
      10
      10
       8
       8
      10
       8
       7
       7
       9
      16
      10
       8
      10
      12
       6
      13
       9
       5
      15
       7
      11
      16
      12
      14
      12
      12
      13
      20
      11
       8
       9
       7
      14
       8
       8
      11
      10
      12
       9
       9
      16
      17
      15
      21
      16
      13
      13
       6
       8
      11
      16
      12
      17
      12
      14
      14
       8
       9
       8
      10
      11
      10
       7
      18
      19
      10
       5
       8
      10
      11
       9
      12
      12
      11
      10
      10
      10
      11
      12
      10
      21
      21
      20
      28
      22
       9
       4
      10
       8
      10
       2
       7
       9
       9
       6
       6
       5
       6
      10
      11
      10
      18
      24
      33
      23
      24
      18
      14
      10
      11
      11
      11
       4
       6
       8
      10
       9
      15
      13
       7
       9
      13
       7
      13
      10
       6
      19
       9
       9
       6
      14
      11
      13
       5
      26
      15
      22
      19
      13
       9
      13
      10
       9
       6
      14
      10
      12
       6
       5
       8
      11
      10
      14
      20
      39
      37
      35
      33
      18
      16
       5
       8
       6
       3
       7
       5
       3
       8
       7
      11
      17
      10
      16
      16
      12
      13
       9
      11
      10
       6
      14
       9
      17
      14
      15
      16
       9
      10
      14
       6
      10
      17
       9
      12
       8
      10
       5
       8
       9
      15
      20
      13
       7
      16
       8
      10
       3
      10
       9
       4
      12
      12
       5
       7
      13
       9
       7
       8
       8
       8
       8
       6
       5
       3
       7
       5
       6
       8
      13
      11
       7
      14
      12
      12
       8
       9
       6
      13
       4
       6
       7
       6
       2
       5
       8
       2
      10
      11
      11
       5
       5
       5
       9
       6
      10
       3
       8
       4
       5
       6
       9
      10
       6
       7
       6
       7
       8
       7
       7
       8
       8
       7
       8
       7
      15
       9
       5
       7
       9
       4
       7
       7
       8
       7
       9
      10
       8
       5
       6
      10
       7
       3
       5
       9
       8
       4
       2
       3
       9
       7
       8
       7
      14
       7
       8
       9
      10
       4
      11
      10
       7
       8
       9
       7
       6
       5
      10
       5
       9
       6
       9
      12
      12
      13
      12
      14
       9
      11
      13
      18
      19
      47
      79
     122
     106
     112
      61
      43
      18
      11
       8
       8
       4
       9
       5
      12
       9
       7
       4
       7
       7
       9
      18
       6
       8
       5
      10
       9
       3
       9
       5
       9
       5
      11
       7
      12
       6
       7
       9
      15
      21
      32
      22
      22
      13
       9
       6
      13
       8
       8
      10
       0
       7
       6
       9
       5
       6
       4
      11
       5
       9
       6
       6
       3
       8
       6
       6
      16
       4
       3
      11
       6
       6
       5
      11
       5
      11
      13
       5
      11
      11
      13
       8
      12
       8
       4
       7
      11
       5
       6
       6
       8
      11
       8
       5
      12
       7
       5
      10
       7
       7
      10
       7
       8
       5
       8
       6
       5
       5
       9
       4
       7
       8
      12
       6
       6
       4
       5
       7
       7
       6
      10
       3
       5
       8
       9
       4
       5
       9
       5
       6
       7
       8
       5
       6
       5
      10
       0
       7
       6
       5
       6
      10
       5
       6
       5
       4
       8
       9
       4
       3
       7
       5
       8
       8
       3
       9
       6
       6
       4
       5
       8
       3
       9
       8
       2
       2
       8
       8
       9
       3
       7
       9
       5
       7
       9
       7
      10
       7
       8
       8
       3
       9
       5
       5
       5
       8
       8
       9
       3
       9
       6
       8
       6
       6
       4
       6
       7
       5
       7
      11
       8
       9
      13
      14
      10
      11
      10
       5
       7
       8
       7
       6
       8
       7
      10
       7
       5
       7
       6
       7
       4
       8
       8
       7
      12
       4
       7
       4
      10
       5
       8
       7
       9
       4
       9
       7
       5
      10
       6
       4
       4
       5
       1
       6
       5
      10
       7
      10
      14
      10
      11
      10
       7
       4
       6
       9
      12
      11
      14
       8
      12
       9
       7
       8
       8
       7
       7
       8
       3
       5
       6
       4
       9
       8
      19
      26
      37
      47
      45
      38
      30
      18
      11
       9
       8
       7
       4
       9
      20
       8
      14
      12
       3
       5
       6
       5
       5
       4
       8
       7
       5
       2
      11
       4
       2
       6
      12
       8
      10
       6
       5
       4
       6
       2
      11
       7
       7
       7
      14
      10
      19
      17
       5
      15
       7
       3
      11
       6
       2
       3
       4
       5
       3
       6
       1
       4
       5
       7
       8
       9
       5
       5
       4
       6
       4
       2
       8
       5
       2
       4
       3
       5
       9
       6
       5
       6
      11
       6
       5
       2
       3
       6
      10
      11
       6
      10
       5
       3
       5
       8
       5
       5
       4
       8
       7
       7
       3
       2
       6
       9
       5
       5
      12
       5
      11
       8
      15
       9
       4
       2
       6
       3
       7
       9
      11
      10
       3
      10
      13
       5
       4
       6
       7
       5
       5
       4
       6
       8
       9
       9
       7
      12
       5
       5
       4
       6
      13
       3
       7
       4
       2
       3
       7
       2
       7
       5
       5
       1
       2
       4
       2
       9
       6
       5
       3
       3
       6
       7
       7
       7
       8
       5
       5
       8
       5
       5
      12
       7
       3
       1
       5
       3
       5
       4
       3
       6
      11
       7
       4
       5
       5
       4
       4
       8
       5
      11
      10
       4
       7
       4
      10
      10
       7
       8
       6
       3
       6
       2
       3
      10
       3
       3
       4
       3
       6
       4
       7
       4
       4
       8
       5
       5
       4
       6
       7
       4
       5
       4
       9
      12
       7
       4
       4
       5
       0
       4
       1
       5
       5
       3
       8
       4
       4
       5
       3
       5
       2
       6
       5
       7
       7
       6
       5
       2
       7
       4
       5
       5
       4
       3
       4
       5
       3
       7
       3
       0
       3
       7
       6
       1
       5
       5
       3
       5
      12
       7
      13
       9
       8
       9
       6
       1
       9
       4
       7
      10
       7
       4
       2
       5
       5
       5
       6
       4
       2
      10
       7
       5
       6
       4
       8
       4
       3
       3
       4
       7
       1
       5
       6
       5
       7
       7
       6
       2
       3
       6
       6
       4
       2
       3
       4
       6
       7
       3
       3
       5
       5
       6
       4
       5
       5
       4
       7
       8
      21
      28
      28
      53
      48
      42
      34
      18
       8
       4
       4
       1
       1
       7
       3
       4
       1
       4
       3
       4
       3
       4
       8
       5
      11
       8
       4
       2
       8
       6
       4
       3
       5
       4
       7
      12
       6
       3
       2
      12
       4
       3
       4
       4
       9
      10
       3
       5
       2
       0
       6
       7
       9
       3
       2
      14
       5
       6
       5
       3
       3
       2
       2
       4
       7
       2
       4
       5
       3
       3
       5
       4
       5
       4
       3
       2
       4
       2
       2
       5
      13
       8
       7
       6
       8
       2
       6
       4
       0
       4
       4
       9
       5
       5
       8
       5
       3
       7
      18
      11
      11
       7
       9
      14
       6
       7
       4
       4
       5
       4
       6
       3
       7
       5
       3
       4
      11
       4
       5
       4
       5
       1
       4
       0
       2
       0
       6
       4
       5
       3
       5
       1
       3
       3
       2
       4
       2
       6
       6
       0
       3
       7
       5
       2
       1
       4
       2
       4
       1
       4
       6
       4
       8
       3
       3
       3
       3
       2
       2
       1
       2
       3
       6
       3
       6
       3
       7
       4
       2
       3
       2
       2
       3
       0
       2
       4
       1
       7
       3
       0
       2
       3
       3
       3
       6
       1
       9
       9
       8
       8
       4
       3
       3
       2
       4
       2
       5
       2
       3
       3
       2
       6
       5
       4
       1
       4
       3
       2
       7
       3
       3
       5
       9
       6
       5
       5
       7
       3
       6
       6
       6
       5
       5
       3
       3
       4
       3
       4
       3
       1
       1
       4
       2
       3
       5
       3
       5
       3
       2
       4
       3
       0
       3
       2
       8
       3
       3
       5
       1
       2
       4
       2
       6
       3
       2
       1
       3
       7
       4
       5
       1
       2
       4
       6
       3
       8
       8
       6
       6
       5
       5
       7
       5
       3
       2
       4
       1
       2
       3
       4
       6
       4
       4
       6
       4
       2
       2
      10
       7
       3
       7
       5
       5
       6
       8
       1
       5
       3
       0
       2
       3
       7
       5
       5
       3
       7
       3
       3
       3
       2
       2
       6
       1
       3
       3
       4
       3
       4
       3
       8
       4
       8
       8
       2
       7
       6
       4
       1
       4
       1
       3
       2
       2
       2
       2
       3
       6
       2
       1
       3
       1
       3
       3
       1
       5
       5
       2
       7
       1
       5
       4
       3
       1
       3
       8
       8
       7
       8
      14
       7
       9
       4
       6
       3
       3
       6
       4
       4
       3
       5
       4
       2
       3
      11
       7
       7
       7
       2
       5
       7
       6
       5
       6
       5
       6
       4
       3
       0
       5
       2
       1
       4
       2
       3
       4
       3
       4
       4
       5
       2
       3
       3
       2
       4
       1
       1
       1
       2
       2
       1
       2
       1
       6
       2
       2
       4
       2
       4
       5
       3
       4
       4
       5
       5
       3
       4
       3
       1
       4
       2
       4
       2
       2
       2
       4
       0
       4
       1
       8
       5
       3
       3
       1
       2
       3
       0
       2
       2
       3
       3
       4
       3
       0
       7
       4
       3
       4
       0
       4
       0
       3
       2
       3
       3
       5
       0
       3
       2
       2
       5
       5
       5
       4
       3
       2
       3
       2
       4
       2
       2
       5
       2
       4
       2
       2
       1
       1
       3
       1
       4
       2
       4
       3
       4
       3
       3
       2
       3
       2
       4
       2
       1
       3
       3
       3
       8
      10
      14
      12
      20
      12
      13
       6
       9
      15
      19
      22
      38
      17
      16
      10
       5
       2
       1
       3
       1
       3
       4
       3
       1
       2
       1
       3
       1
       2
       1
       1
       3
       4
       2
       4
       4
       4
       3
       1
       2
       3
       3
       4
       6
       3
       4
       1
       2
       2
       4
       2
       2
       3
       3
       1
       4
       0
       3
       3
       2
       3
       3
       1
       1
       2
       7
       3
       2
       2
       2
       3
       3
       2
       1
       3
       2
       4
       2
       3
       1
       1
       2
       3
       3
       4
       2
       1
       2
       4
       0
       0
       1
       0
       3
       1
       4
       2
       1
       1
       4
       1
       0
       5
       2
       2
       2
       2
       1
       5
       0
       2
       1
       5
       1
       1
       2
       1
       5
       2
       1
       2
       4
       5
       3
       5
       1
       1
       2
       4
       4
       2
       1
       3
       3
       0
       3
       7
       3
       1
       6
       3
       5
       3
       4
       3
       1
       1
       3
       1
       4
       3
       1
       2
       1
       2
       3
       6
       3
       3
       4
       1
       0
       2
       1
       3
       1
       4
       2
       5
       1
       0
       4
       1
       3
       3
       0
       2
       2
       2
       0
       0
       2
       3
       1
       2
       2
       0
       0
       1
       2
       6
       1
       2
       6
       2
       1
       1
       2
       3
       2
       2
       3
       1
       6
       2
       1
       2
       5
       3
       0
       2
       0
       1
       0
       2
       0
       2
       3
       0
       1
       4
       3
       1
       3
       2
       2
       1
       1
       2
       4
       1
       1
       0
       2
       1
       3
       1
       2
       4
       4
       1
       2
       1
       0
       0
       3
       2
       0
       2
       2
       2
       2
       0
       1
       1
       1
       6
       2
       6
       0
       3
       0
       3
       2
       2
       0
       2
       1
       0
       2
       2
       2
       0
       1
       2
       2
       0
       1
       2
       5
       2
       2
       2
       5
       2
       2
       0
       3
       3
       0
       3
       3
       1
       2
       0
       2
       1
       0
       3
       0
       3
       1
       2
       2
       0
       2
       0
       1
       1
       0
       5
       2
       3
       2
       5
       3
       2
       0
       4
       2
       1
       1
       1
       2
       0
       0
       2
       1
       1
       1
       1
       2
       3
       2
       1
       2
       4
       2
       3
       1
       1
       2
       2
       3
       3
       3
       4
       3
       1
       4
       3
       1
       0
       6
       6
      15
      21
      12
       9
      15
      11
       9
       5
       1
       3
       1
       1
       3
       2
       2
       1
       2
       3
       0
       1
       2
       1
       0
       0
       1
       0
       2
       1
       1
       1
       1
       1
       1
       1
       2
       0
       6
       2
       1
       1
       0
       1
       0
       5
       0
       1
       3
       2
       3
       0
       0
       0
       2
       0
       0
       1
       3
       1
       2
       0
       0
       1
       2
       2
       2
       2
       0
       3
       2
       1
       0
       0
       3
       2
       0
       1
       0
       3
       4
       2
       2
       0
       4
       1
       1
       2
       1
       1
       4
       0
       1
       4
       3
       1
       0
       3
       0
       0
       3
       2
       0
       1
       0
       3
       3
       0
       3
       2
       1
       1
       1
       1
       2
       1
       1
       0
       1
       3
       3
       0
       1
       2
       2
       4
       2
       1
       2
       1
       1
       2
       2
       2
       1
       0
       1
       0
       2
       2
       1
       3
       1
       3
       1
       1
       0
       1
       4
       0
       1
       1
       1
       0
       0
       3
       1
       1
       1
       2
       3
       0
       1
       2
       1
       1
       1
       1
       1
       1
       2
       1
       1
       0
       1
       0
       0
       2
       3
       2
       3
       0
       1
       0
       0
       1
       1
       1
       1
       1
       0
       1
       2
       1
       1
       1
       2
       2
       0
       2
       1
       1
       0
       0
       2
       0
       0
       2
       1
       2
       4
       8
       9
       9
       9
      13
      11
      12
       1
       2
       2
       1
       1
       2
       1
       0
       1
       1
       2
       4
       0
       2
       0
       0
       3
       2
       3
       2
       0
       0
       0
       1
       0
       2
       2
       1
       0
       0
       1
       0
       1
       1
       0
       3
       0
       3
       1
       1
       1
       1
       2
       0
       6
       1
       0
       2
       1
       0
       1
       1
       1
       2
       1
       1
       1
       0
       1
       2
       1
       0
       0
       0
       2
       1
       0
       8
       2
       7
       4
       7
       1
       5
       2
       3
       0
       0
       0
       1
       0
       1
       2
       1
       1
       1
       0
       0
       0
       1
       3
       0
       1
       2
       1
       0
       0
       0
       1
       1
       1
       0
       2
       0
       2
       3
       1
       1
       2
       0
       0
       2
       0
       1
       2
       1
       1
       1
       3
       2
       1
       0
       2
       2
       0
       0
       1
       0
       0
       1
       1
       3
       0
       3
       0
       5
       1
       0
       1
       0
       1
       1
       2
       0
       0
       2
       2
       2
       2
       0
       0
       0
       2
       1
       1
       0
       0
       0
       3
       0
       1
       0
       4
       2
       3
       1
       3
       0
       1
       0
       1
       0
       2
       1
       0
       1
       2
       1
       2
       2
       3
       0
       3
       3
       0
       1
       2
       1
       1
       2
       0
       3
       2
       1
       1
       1
       1
       0
       1
       0
       1
       2
       0
       0
       0
       1
       1
       1
       0
       1
       0
       2
       0
       2
       2
       3
       3
       6
       5
       1
       5
       0
       0
       1
       0
       2
       0
       1
       4
       0
       0
       0
       0
       3
       1
       1
       2
       0
       0
       0
       1
       2
       1
       2
       1
       2
       1
       0
       1
       0
       0
       0
       0
       1
       1
       2
       1
       1
       1
       1
       1
       3
       1
       3
       1
       1
       0
       0
       1
       1
       0
       2
       0
       0
       1
       2
       1
       0
       1
       2
       2
       3
       3
      10
       8
      12
      10
       5
       9
       2
       2
       2
       1
       0
       2
       1
       0
       0
       0
       0
       0
       0
       1
       3
       1
       2
       2
       3
       2
       3
       2
       0
       1
       1
       0
       1
       0
       0
       0
       0
       0
       0
       0
       0
       0
       3
       1
       0
       0
       0
       0
       0
       0
       1
       1
       2
       0
       0
       0
       2
       1
       0
       2
       1
       2
       0
       0
       1
       1
       1
       0
       0
       0
       0
       0
       1
       1
       1
       0
       1
       0
       1
       2
       2
       0
       1
       0
       1
       2
       0
       1
       0
       0
       0
       0
       0
       0
       0
       1
       0
       1
       1
       2
       0
       0
       0
       0
       2
       4
       2
       2
       1
       0
       0
       0
       2
       1
       0
       2
       1
       0
       2
       0
       1
       1
       1
       1
       0
       0
       2
       0
       1
       1
       1
       1
       1
       0
       1
       2
       0
       0
       1
       0
       1
       0
       0
       1
       3
       0
       0
       3
       0
       0
       0
       2
       1
       1
       0
       2
       0
       1
       0
       1
       1
       2
       1
       0
       2
       0
       1
       1
       1
       0
       0
       0
       1
       0
       2
       2
       2
       0
       1
       0
       1
       2
       0
       0
       2
       1
       0
       1
       2
       2
       2
       0
       0
       1
       0
       1
       0
       1
       0
       2
       2
       2
       0
       0
       2
       0
       2
       0
       0
       0
       0
       1
       0
       0
       0
       2
       0
       0
       0
       1
       0
       0
       0
       0
       0
       1
       0
       0
       0
       0
       0
       0
       3
       0
       1
       0
       0
       1
       0
       1
       0
       0
       2
       1
       0
       1
       1
       1
       0
       1
       0
       0
       0
       0
       2
       3
       0
       2
       1
       1
       1
       0
       0
       0
       3
       0
       0
       1
       2
       2
       0
       0
       1
       0
       1
       1
       0
       0
       0
       0
       0
       1
       2
       0
       1
       0
       1
       2
       1
       0
       1
       1
       0
       1
       0
       1
       0
       1
       1
       1
       0
       0
       0
       0
       0
       2
       0
       1
       1
       0
       0
       0
       0
       0
       0
       0
       0
       0
       0
       0
       1
       0
       0
       1
       1
       1
       2
       3
       4
       3
       0
       0
       2
       1
       2
       4
       0
       2
       0
       0
       1
       1
       5
       0
       2
       1
       0
       1
       0
       0
       1
       1
       1
       0
       1
       2
       1
       0
       0
       0
       1
       0
       0
       0
       0
       0
       0
       0
       0
       0
       0
       0
       0
       0
       1
       1
       0
       1
       0
       1
       1
       1
       1
       0
       0
       1
       0
       1
       2
       1
       1
       0
       1
       0
       0
       0
       1
       0
       1
       0
       1
       0
       0
       0
       0
       2
       0
       0
       0
       0
       1
       0
       1
       0
       1
       2
       0
       0
       1
       0
       0
       1
       0
       0
       0
       1
       0
       0
       0
       1
       1
       0
       0
       0
       1
       0
       0
       2
       0
       0
       0
       0
       1
       0
       1
       0
       0
       0
       0
       1
       0
       1
       0
       1
       2
       1
       1
       0
       1
       0
       0
       1
       1
       0
       0
       0
       1
       1
       0
       0
       0
       0
       2
       2
       1
       2
       1
       3
       2
       2
       0
       0
       0
       0
       0
       2
       3
       0
       0
       0
       0
       1
       0
       0
       0
       0
       0
       0
       1
       0
       0
       0
       1
       1
       0
       0
       0
       0
       1
       0
       0
       0
       1
       0
       0
       2
       0
       1
       0
       1
       0
       1
       1
       0
       2
       0
       2
       0
       0
       1
       0
       0
       1
       0
       0
       0
       0
       1
       1
       0
       0
       0
       2
       2
       1
       0
       1
       1
       1
       0
       0
       0
       0
       0
       1
       1
       0
       1
       0
       1
       1
       0
       1
       1
       0
       2
       0
       0
       2
       1
       0
       0
       1
       0
       0
       0
       2
       0
       0
       1
       2
       0
       1
       0
       1
       0
       0
       0
       1
       1
       0
       3
       0
       0
       0
       0
       0
       0
       0
       0
       2
       0
       0
       1
       1
       1
       0
       0
       0
       0
       0
       0
       0
       0
       0
       0
       0
       0
       0
       0
       0
       1
       1
       0
       1
       1
       0
       0
       2
       1
       0
       0
       0
       0
       0
       0
       0
       1
       0
       0
       0
       1
       0
       0
       0
       0
       0
       0
       0
       0
       0
       1
       2
       0
       0
       2
       0
       1
       1
       0
       0
       0
       1
       1
       0
       0
       0
       1
       0
       0
       0
       0
       0
       0
       0
       0
       0
       0
       0
       0
       0
       1
       0
       0
       0
       0
       1
       0
       1
       0
       0
       0
       0
       0
       0
       0
       1
       0
       0
       1
       0
       0
       0
       0
       0
       1
       1
       2
       0
       0
       0
       0
       1
       0
       0
       0
       0
       3
       0
       0
       0
       0
       1
       1
       0
       0
       1
       0
       0
       0
       1
       0
       0
       1
       0
       2
       0
       0
       0
       1
       0
       0
       0
       0
       0
       0
       0
       0
       1
       0
       0
       0
       0
       1
       0
       0
       0
       1
       0
       0
       0
       0
       0
       0
       0
       0
       1
       0
       0
       1
       0
       1
       0
       0
       1
       1
       1
       0
       0
       0
       1
       2
       0
       0
       0
       0
       0
       0
       1
       1
       0
       0
       1
       1
       0
       0
       1
       0
       0
       0
       1
       0
       0
       1
       0
       0
       1
       0
       0
       0
       0
       1
       0
       1
       1
       0
       0
       0
       0
       0
       1
       1
       2
       0
       0
       0
       1
       0
       0
       0
       1
       0
       1
       1
       0
       0
       0
       2
       2
       0
       2
       0
       2
       1
       1
       3
       2
       0
       0
       0
       0
       0
       2
       0
       0
       1
       0
       0
       0
       0
       0
       0
       0
       2
       0
       0
       0
       0
       0
       0
       1
       0
       0
       1
       0
       0
       1
       1
       0
       0
       0
       0
       0
       0
       0
       1
       0
       0
       0
       0
       0
       0
       0
       0
       1
       1
       0
       1
       0
       0
       0
       1
       1
       0
       0
       0
       1
       0
       1
       1
       0
       0
       0
       0
       0
       0
       0
       0
       1
       0
       0
       0
       0
       0
       1
       0
       1
       0
       0
       1
       0
       1
       0
       1
       0
       1
       1
       0
       0
       0
       0
       0
       0
       0
       0
       0
       2
       0
       0
       0
       0
       0
       1
       0
       0
       0
       0
       0
       0
       0
       0
       0
       1
       0
       0
       1
       1
       1
       0
       0
       1
       0
       0
       0
       0
       0
       0
       0
       0
       2
       0
       0
       0
       1
       0
       0
       0
       0
       0
       0
       0
       0
       1
       1
       0
       1
       0
       1
       0
       0
       0
       0
       0
       0
       1
       0
       0
       0
       0
       1
       1
       0
       2
       1
       0
       0
       0
       0
       0
       1
       0
       0
       0
       0
       0
       0
       0
       0
       2
       0
       0
       0
       1
       0
       1
       1
       0
       0
       2
       1
       0
       2
       0
       0
       0
       1
       0
       0
       0
       0
       1
       0
       0
       1
       0
       0
       2
       1
       0
       1
       0
       1
       0
       2
       1
       0
       1
       1
       0
       0
       0
       0
       0
       0
       0
       0
       0
       1
       0
       0
       0
       0
       0
       0
       0
       1
       1
       2
       0
       0
       0
       1
       1
       1
       1
       0
       2
       0
       0
       0
       0
       0
       0
       1
       2
       0
       0
       0
       0
       0
       0
       1
       0
       0
       0
       0
       0
       0
       0
       0
       1
       0
       0
       0
       0
       0
       0
       0
       0
       0
       0
       0
       0
       0
       0
       0
       0
       0
       1
       0
       1
       0
       0
       0
       1
       0
       1
       1
       0
       1
       0
       3
       0
       0
       0
       0
       0
       0
       0
       0
       1
       0
       1
       1
       0
       0
       0
       0
       0
       0
       1
       0
       0
       1
       0
       0
       0
       0
       0
       0
       0
       1
       0
       0
       0
       0
       0
       0
       0
       0
       0
       1
       0
       1
       0
       0
       0
       1
       0
       0
       1
       1
       0
       0
       1
       1
       0
       0
       0
       0
       0
       0
       0
       0
       0
       0
       0
       0
       0
       0
       0
       0
       1
       0
       0
       0
       0
       0
       1
       0
       1
       0
       1
       0
       0
       1
       1
       0
       0
       0
       2
       0
       0
       0
       0
       0
       0
       0
       0
       0
       0
       0
       1
       0
       0
       0
       0
       0
       2
       0
       0
       0
       0
       0
       1
       1
       0
       1
       0
       0
       1
       0
       1
       0
       1
       1
       0
       0
       0
       0
       0
       1
       0
       1
       1
       0
       0
       0
       0
       0
       0
       0
       0
       0
       0
       0
       0
       0
       0
       0
       1
       0
       0
       1
       0
       0
       0
       0
       0
       0
       0
       0
       0
       1
       0
       0
       0
       0
       0
       0
       0
       0
       0
       2
       0
       0
       0
       0
       2
       1
       0
       0
       0
       0
       0
       0
       0
       0
       0
       1
       0
       0
       0
       1
       0
       0
       0
       0
       0
       0
       0
       0
       0
       0
       0
       0
       0
       0
       0
       0
       0
       0
       0
       0
       0
       0
       1
       0
       0
       0
       0
       0
       1
       0
       0
       0
       0
       0
       0
       0
       0
       0
       0
       0
       0
       0
       0
       0
       0
       0
       1
       0
       0
       0
       0
       0
       0
       0
       0
       1
       0
       1
       2
       0
       0
       0
       0
       0
       0
       0
       0
       0
       1
       0
       0
       0
       2
       0
       0
       0
       0
       0
       0
       0
       0
       0
       0
       0
       0
       0
       0
       0
       0
       0
       1
       0
       1
       0
       0
       0
       0
       0
       0
       1
       0
       0
       0
       0
       1
       0
       0
       0
       0
       0
       0
       0
       0
       0
       0
       0
       0
       0
       0
       0
       0
       0
       0
       0
       1
       0
       0
       0
       0
       0
       0
       0
       0
       1
       0
       0
       0
       0
       0
       0
       0
       0
       0
       0
       0
       1
       1
       0
       0
       0
       0
       0
       0
       0
       1
       0
       0
       0
       0
       0
       1
       0
       0
       0
       0
       1
       0
       0
       0
       0
       0
       0
       0
       0
       0
       0
       1
       0
       0
       0
       0
       0
       1
       0
       0
       0
       0
       0
       0
       0
       1
       0
       1
       0
       0
       0
       0
       1
       0
       0
       0
       2
       2
       0
       0
       0
       0
       0
       0
       0
       0
       0
       0
       0
       0
       1
       0
       1
       0
       0
       0
       0
       1
       0
       0
       2
       0
       0
       0
       0
       0
       0
       0
       0
       0
       0
       0
       0
       1
       2
       1
       1
       0
       0
       0
       0
       0
       0
       0
       1
       1
       0
       0
       0
       1
       0
       0
       1
       1
       0
       0
       0
       0
       0
       0
       0
       0
       0
       0
       1
       1
       0
       0
       0
       0
       0
       0
       0
       0
       0
       0
       0
       0
       0
       0
       0
       0
       0
       0
       1
       0
       0
       0
       0
       0
       1
       0
       0
       0
       0
       1
       1
       1
       0
       1
       1
       0
       0
       0
       0
       0
       0
       0
       1
       0
       0
       0
       0
       0
       1
       0
       0
       0
       0
       0
       0
       1
       0
       0
       0
       0
       0
       0
       0
       0
       0
       0
       0
       0
       1
       0
       0
       0
       0
       0
       0
       1
       1
       0
       0
       0
       0
       0
       0
       0
       0
       0
       0
       1
       0
       0
       0
       0
       0
       0
       0
       0
       0
       0
       0
       0
       1
       1
       0
       0
       0
       0
       0
       1
       0
       0
       0
       1
       0
       0
       0
       0
       0
       0
       0
       1
       0
       1
       0
       0
       0
       0
       0
       0
       0
       0
       0
       0
       0
       0
       1
       1
       0
       0
       0
       0
       0
       0
       0
       0
       0
       0
       0
       0
       0
       0
       2
       0
       0
       0
       0
       0
       0
       0
       0
       0
       0
       0
       0
       0
       0
       0
       0
       0
       0
       0
       0
       0
       0
       0
       0
       1
       0
       0
       0
       0
       0
       0
       0
       0
       0
       0
       0
       0
       0
       0
       0
       0
       0
       0
       0
       0
       1
       0
       1
       0
       0
       0
       0
       0
       0
       0
       1
       0
       0
       0
       0
       0
       0
       0
       0
       0
       0
       0
       0
       0
       1
       0
       0
       0
       0
       0
       0
       0
       0
       0
       0
       0
       0
       1
       0
       0
       0
       0
       0
       0
       0
       0
       0
       0
       1
       0
       1
       0
       0
       0
       0
       0
       0
       0
       1
       0
       0
       0
       2
       1
       0
       0
       0
       0
       0
       0
       0
       0
       0
       0
       0
       0
       0
       0
       0
       1
       0
       0
       0
       1
       0
       0
       0
       1
       0
       0
       0
       0
       0
       0
       0
       0
       0
       0
       0
       0
       1
       0
       0
       0
       1
       0
       0
       0
       0
       0
       0
       0
       0
       0
       0
       0
       0
       0
       0
       0
       0
       1
       0
       0
       0
       0
       0
       0
       0
       0
       0
       0
       0
       0
       0
       0
       0
       0
       0
       0
       0
       0
       2
       0
       0
       1
       0
       0
       0
       0
       0
       0
       0
       0
       0
       0
       0
       0
       0
       0
       1
       0
       1
       0
       0
       0
       0
       0
       0
       0
       0
       0
       1
       0
       0
       0
       0
       0
       1
       0
       0
       0
       0
       0
       0
       0
       0
       0
       1
       0
       0
       0
       0
       0
       0
       0
       0
       0
       0
       0
       0
       1
       0
       0
       0
       0
       0
       0
       0
       0
       0
       0
       0
       0
       0
       0
       0
       0
       1
       0
       0
       0
       0
       0
       0
       0
       0
       0
       0
       0
       0
       0
       0
       0
       0
       0
       0
       0
       0
       0
       0
       0
       0
       1
       0
       0
       0
       0
       0
       0
       0
       0
       1
       0
       0
       0
       0
       0
       0
       1
       0
       0
       0
       0
       0
       0
       0
       0
       0
       0
       0
       0
       0
       0
       0
       0
       0
       0
       1
       0
       0
       0
       0
       0
       0
       0
       1
       0
       0
       0
       0
       0
       0
       0
       0
       1
       1
       1
       0
       4
       1
       0
       3
       2
       1
       0
       0
       0
       0
       0
       0
       0
       0
       0
       0
       0
       0
       0
       0
       0
       0
       0
       0
       0
       0
       0
       0
       0
       0
       0
       0
       0
       0
       0
       0
       0
       0
       0
       0
       0
       0
       0
       0
       0
       0
       0
       1
       0
       0
       1
       0
       0
       0
       0
       0
       0
       0
       0
       0
       0
       0
       0
       0
       0
       0
       0
       0
       0
       0
       0
       0
       0
       0
       1
       0
       0
       0
       0
       0
       0
       0
       0
       0
       0
       0
       0
       0
       0
       0
       0
       0
       0
       0
       0
       0
       0
       0
       2
       0
       0
       0
       0
       0
       0
       0
       0
       0
       0
       0
       0
       0
       0
       0
       0
       0
       0
       0
       0
       0
       0
       0
       0
       0
       0
       0
       0
       0
       0
       0
       0
       0
       0
       0
       0
       0
       0
       0
       1
       0
       0
       0
       0
       1
       0
       0
       0
       0
       1
       0
       0
       0
       0
       0
       1
       0
       0
       0
       0
       0
       0
       0
       0
       0
       0
       1
       0
       0
       0
       0
       0
       0
       0
       0
       0
       1
       0
       0
       0
       0
       0
       0
       0
       0
       0
       0
       0
       0
       0
       0
       0
       0
       0
       0
       0
       0
       0
       0
       0
       0
       0
       0
       0
       0
       0
       0
       0
       0
       1
       0
       0
       0
       0
       0
       0
       0
       0
       0
       0
       0
       0
       0
       0
       0
       0
       0
       0
       0
       0
       0
       0
       0
       0
       0
       0
       0
       0
       0
       0
       0
       0
       0
       0
       0
       0
       0
       0
       0
       0
       0
       0
       0
       0
       0
       0
       0
       0
       0
       0
       0
       0
       0
       0
       0
       0
       0
       0
       0
       0
       0
       0
       0
       0
       0
       0
       0
       0
       0
       0
       0
       0
       0
       0
       0
       0
       0
       0
       0
       0
       0
       0
       0
       0
       0
       0
       0
       0
       0
       0
       1
       0
       0
       0
       0
       0
       0
       0
       0
       0
       0
       0
       0
       0
       0
       0
       0
       0
       0
       0
       0
       0
       0
       0
       0
       0
       0
       0
       0
       0
       0
       0
       0
       0
       0
       0
       0
       0
       0
       0
       0
       0
       0
       0
       0
       0
       0
       0
       0
       1
       0
       0
       0
       0
       0
       0
       0
       0
       0
       0
       0
       0
       0
       0
       0
       1
       0
       0
       0
       0
       0
       0
       0
       0
       0
       0
       0
       0
       0
       0
       0
       0
       0
       0
       0
       0
       0
       0
       0
       0
       1
       0
       0
       0
       0
       0
       0
       0
       0
       0
       0
       0
       0
       0
       0
       0
       0
       0
       0
       0
       0
       0
       0
       0
       0
       1
       0
       0
       0
       0
       0
       0
       0
       0
       0
       0
       0
       0
       0
       0
       0
       0
       0
       0
       0
       0
       0
       0
       0
       0
       0
       0
       0
       0
       0
       0
       0
       0
       0
       0
       0
       0
       0
       0
       0
       0
       0
       0
       0
       0
       0
       0
       0
       0
       0
       0
       0
       0
       0
       0
       0
       0
       0
       0
       0
       0
       0
       0
       0
       0
       0
       0
       0
       0
       0
       0
       0
       0
       0
       0
       0
       0
       1
       0
       0
       0
       0
       0
       0
       0
       0
       0
       0
       0
       0
       0
       0
       0
       0
       0
       0
       0
       0
       0
       0
       1
       0
       0
       0
       0
       0
       0
       0
       0
       0
       0
       0
       0
       0
       0
       0
       0
       0
       0
       0
       0
       0
       0
       0
       0
       0
       0
       0
       0
       0
       0
       0
       0
       0
       0
       0
       0
       0
       0
       0
       0
       0
       0
       0
       0
       0
       0
       0
       0
       0
       0
       0
       0
       0
       0
       0
       0
       0
       0
       0
       0
       0
       0
       0
       0
       0
       0
       0
       0
       0
       0
       0
       0
       0
       0
       0
       0
       0
       0
       0
       0
       0
       0
       0
       0
       0
       0
       0
       0
       0
       1
       0
       0
       0
       0
       0
       0
       0
       0
       0
       0
       1
       0
       0
       0
       0
       0
       0
       0
       0
       0
       0
       1
       0
       0
       0
       0
       0
       0
       0
       0
       1
       0
       0
       0
       0
       0
       0
       0
       0
       0
       0
       0
       0
       0
       0
       0
       0
       0
       0
       0
       0
       0
       0
       0
       0
       0
       0
       0
       0
       0
       0
       0
       0
       0
       0
       0
       1
       0
       0
       0
       0
       0
       0
       0
       0
       0
       0
       0
       0
       0
       0
       0
       0
       0
       0
       0
       0
       0
       0
       0
       0
       0
       0
       1
       0
       0
       0
       0
       0
       0
       0
       0
       0
       0
       0
       0
       0
       0
       0
       0
       0
       0
       0
       1
       0
       0
       0
       0
       0
       0
       0
       0
       0
       0
       0
       0
       0
       0
       0
       0
       0
       0
       0
       0
       0
       0
       0
       0
       0
       0
       0
       0
       0
       0
       0
       0
       0
       0
       0
       0
       0
       0
       0
       0
       0
       0
       0
       0
       0
       1
       0
       0
       0
       0
       0
       0
       0
       0
       0
       0
       0
       0
       0
       0
       0
       0
       0
       0
       0
       0
       0
       0
       0
       0
       0
       0
       0
       0
       0
       0
       0
       0
       0
       0
       0
       0
       0
       0
       0
       0
       0
       0
       0
       0
       0
       0
       0
       0
       0
       0
       0
       0
       0
       0
       0
       0
       0
       0
       0
       0
       0
       0
       0
       0
       0
       0
       0
       0
       0
       0
       0
       0
       0
       0
       0
       0
       0
       0
       0
       0
       0
       0
       0
       0
       0
       0
       0
       0
       0
       0
       0
       0
       0
       0
       0
       0
       0
       0
       0
       0
       0
       0
       1
       0
       0
       0
       0
       0
       0
       0
       0
       0
       0
       0
       0
       0
       0
       0
       0
       0
       0
       0
       0
       0
       0
       0
       0
       0
       0
       0
       0
       0
       0
       0
       0
       0
       0
       0
       0
       0
       0
       0
       0
       0
       0
       0
       0
       0
       1
       0
       0
       0
       0
       0
       0
       0
       0
       0
       0
       0
       0
       0
       0
       0
       0
       1
       0
       0
       0
       0
       0
       0
       0
       0
       0
       0
       0
       0
       0
       0
       0
       0
       0
       0
       0
       0
       0
       0
       0
       0
       0
       0
       0
       0
       0
       0
       0
       0
       0
       0
       0
       0
       0
       0
       0
       0
       0
       0
       0
       0
       0
       0
       0
       0
       0
       0
       0
       0
       0
       0
       0
       0
       0
       1
       0
       0
       0
       0
       0
       0
       0
       0
       0
       0
       0
       0
       0
       0
       0
       0
       0
       0
       0
       0
       0
       0
       0
       0
       0
       0
       0
       0
       0
       0
       0
       0
       0
       0
       0
       0
       0
       0
       0
       0
       0
       0
       1
       0
       0
       0
       0
       0
       1
       0
       0
       0
       0
       0
       0
       0
       0
       0
       0
       0
       0
       0
       0
       0
       0
       0
       0
       0
       0
       0
       0
       0
       0
       0
       0
       0
       0
       0
       0
       1
       0
       0
       0
       0
       0
       0
       0
       0
       0
       0
       0
       0
       0
       0
       0
       0
       0
       0
       0
       0
       0
       0
       0
       0
       0
       0
       0
       0
       0
       0
       0
       0
       0
       0
       0
       0
       0
       0
       0
       0
       0
       0
       0
       0
       0
       0
       0
       0
       0
       0
       0
       0
       0
       0
       0
       0
       0
       0
       0
       0
       0
       0
       0
       0
       0
       0
       0
       0
       0
       0
       0
       0
       0
       0
       0
       0
       0
       0
       0
       0
       0
       0
       0
       0
       0
       0
       0
       0
       0
       0
       0
       0
       0
       0
       0
       0
       0
       0
       0
       0
       0
       1
       0
       0
       0
       0
       0
       0
       0
       0
       0
       0
       0
       0
       0
       0
       0
       0
       0
       0
       0
       0
       0
       0
       1
       0
       0
       0
       0
       0
       0
       0
       0
       0
       0
       0
       0
       0
       0
       0
       0
       0
       0
       0
       0
       0
       0
       0
       0
       0
       0
       0
       0
       0
       0
       0
       0
       0
       1
       0
       0
       0
       0
       0
       0
       0
       0
       0
       0
       0
       0
       0
       0
       0
       0
       0
       0
       0
       0
       0
       0
       1
       0
       0
       0
       0
       0
       0
       0
       0
       0
       0
       0
       0
       0
       0
       0
       1
       0
       0
       0
       0
       0
       0
       0
       0
       0
       0
       0
       0
       0
       0
       0
       0
       0
       0
       0
       0
       0
       0
       0
       0
       0
       0
       0
       0
       0
       0
       0
       0
       0
       0
       0
       0
       0
       0
       0
       0
       0
       0
       0
       0
       0
       0
       0
       0
       0
       0
       0
       0
       0
       0
       0
       0
       0
       0
       0
       0
       0
       0
       0
       0
       0
       0
       0
       0
       0
       0
       0
       1
       0
       0
       0
       0
       0
       0
       0
       0
       0
       0
       0
       0
       0
       0
       0
       0
       0
       0
       0
       0
       0
       0
       0
       0
       0
       0
       0
       0
       0
       0
       0
       0
       0
       0
       0
       0
       0
       0
       0
       0
       0
       0
       0
       0
       0
       0
       0
       0
       0
       0
       0
       0
       0
       0
       0
       0
       0
       0
       0
       0
       0
       0
       0
       0
       0
       0
       0
       0
       0
       0
       0
       0
       0
       0
       0
       0
       0
       0
       0
       0
       0
       0
       0
       0
       0
       0
       0
       0
       0
       0
       0
       0
       0
       0
       0
       0
       0
       0
       0
       0
       0
       0
       0
       0
       0
       0
       0
       0
       0
       0
       0
       0
       0
       0
       0
       0
       0
       0
       0
       0
       0
       0
       0
       0
       0
       0
       0
       0
       0
       0
       0
       0
       0
       0
       0
       0
       0
       0
       0
       0
       0
       0
       0
       0
       0
       0
       0
       0
       0
       0
       0
       0
       0
       0
       0
       0
       0
       0
       0
       0
$ROI:
0
$PRESETS:
Real Time
180
0
$ENER_FIT:
0.888569 0.390988
$MCA_CAL:
3
8.885689E-001 3.909876E-001 3.191953E-008 keV
$SHAPE_CAL:
3
0.000000E+000 0.000000E+000 0.000000E+000
