$SPEC_ID:
1
$SPEC_REM:
DET# 2
DETDESC# MCB 130 Normal
AP# Maestro Version 7.01
$DATE_MEA:
10/02/2019 02:33:20
$MEAS_TIM:
176 180
$DATA:
0 8191
       0
       0
       0
       0
       0
       0
       0
       0
       0
       0
       0
       0
       0
       0
       0
       0
       0
       0
       0
       0
       0
       0
       0
       0
       0
       0
      11
     516
     170
      91
     115
     136
     218
     182
     148
     145
     147
     142
     199
     230
     257
     204
     157
     161
     164
     147
     123
     139
     135
     133
     148
     132
     130
     105
     109
      95
     121
     121
     123
     146
     146
     115
     145
     114
     133
     137
     140
     152
     146
     215
     376
     347
     256
     206
     191
     239
     284
     292
     255
     194
     188
     172
     169
     157
     158
     155
     193
     264
     411
     630
     636
     396
     200
     129
     133
     146
     167
     171
     159
     156
     157
     261
     283
     223
     193
     154
     155
     132
     107
     144
     135
     119
     106
     142
     133
     142
     132
     134
     150
     127
     136
     133
     120
     161
     223
     270
     261
     175
     118
     129
     117
     140
     124
     122
     109
     135
     148
     113
     135
     137
     126
     151
     150
     201
     307
     408
     267
     173
     130
     127
     142
     147
     128
     133
     133
     164
     124
     138
     161
     130
     147
     140
     131
     143
     126
     165
     143
     140
     145
     157
     142
     162
     151
     159
     154
     162
     182
     152
     174
     174
     173
     178
     169
     181
     191
     170
     153
     188
     176
     208
     222
     206
     152
     167
     200
     197
     195
     165
     183
     190
     172
     165
     198
     242
     342
     574
     543
     335
     200
     179
     185
     189
     176
     208
     181
     169
     202
     186
     198
     174
     173
     220
     201
     204
     161
     166
     177
     190
     173
     203
     228
     246
     260
     186
     178
     203
     180
     187
     201
     284
     382
     363
     288
     221
     187
     196
     179
     223
     265
     369
     515
     462
     344
     242
     219
     176
     179
     181
     206
     175
     202
     193
     220
     262
     272
     211
     212
     199
     230
     268
     323
     251
     181
     172
     157
     170
     149
     173
     176
     190
     201
     212
     238
     259
     274
     244
     179
     171
     171
     180
     212
     192
     193
     202
     170
     182
     194
     175
     198
     196
     190
     174
     174
     155
     186
     168
     160
     143
     181
     150
     165
     161
     171
     156
     167
     169
     176
     161
     174
     182
     148
     146
     170
     163
     148
     145
     177
     176
     143
     172
     178
     187
     161
     150
     157
     159
     161
     163
     164
     146
     167
     163
     175
     175
     139
     152
     163
     160
     134
     158
     150
     151
     139
     146
     162
     181
     503
    1214
    1748
    1332
     534
     202
     128
     146
     128
     145
     138
     138
     143
     188
     220
     251
     169
     124
     146
     108
     147
     134
     126
     146
     126
     148
     155
     144
     133
     137
     132
     114
     121
     153
     127
     107
     124
     105
     119
     103
     104
     131
     118
     115
     118
     121
     111
     128
     114
     114
     115
     135
     115
     117
     129
     120
     113
     125
     151
     143
     157
     115
     126
     108
     139
     107
     102
     107
     125
     105
     128
     129
     115
      95
     124
     128
     137
     100
     110
      90
     102
     103
     102
     106
     107
     112
     109
     124
     100
     117
     115
     110
     104
     107
     112
     111
     112
     104
     107
     108
     107
     115
     108
     111
     113
     182
     217
     176
     129
      93
     126
     100
      97
     108
     102
     104
     107
     133
     108
     111
     103
     116
      97
     114
     104
     110
     124
     107
      98
      94
     105
     110
     101
      91
     104
     104
     100
      89
      86
     116
      98
      98
     103
     104
     100
     114
      77
     109
     107
      76
     112
      90
     100
      95
     107
      99
     108
      97
     100
      98
      78
      96
     101
      81
      87
      94
      76
      81
      84
      89
     106
      93
      88
      85
     102
      93
      84
      94
      97
      98
      74
      93
      91
      80
      69
      77
      84
      77
      78
     108
      84
      87
      85
      93
      79
      84
      83
      76
      73
      73
      88
     102
      87
      76
      79
      83
      81
      91
      73
      85
      87
      83
      85
      98
      85
      80
      68
      86
      84
      78
      67
      87
      89
      75
     119
     276
     650
     890
     682
     306
     125
      84
      85
      87
      94
      99
     109
     107
      85
      85
     102
      64
      56
      60
      58
      72
      56
      80
      79
      62
      72
      80
      81
     106
      72
      60
      73
      86
      75
      81
      78
      86
      73
      67
      68
      74
      91
      82
      63
      66
      58
      77
      60
      60
      77
      64
      72
      65
      77
     133
     431
     994
    1317
     963
     410
     130
      80
      70
      59
      66
      53
      88
      79
      81
      61
      83
      68
      64
      64
      59
      58
      72
      66
      57
      60
      75
      64
      54
      72
      54
      52
      56
      74
      68
      77
      81
      69
      57
      65
      55
      55
      68
      64
      54
      72
     117
      93
      88
      68
      58
      62
      57
      65
      70
      52
      63
      50
      65
      58
      79
      60
      63
      61
      76
      58
      73
      70
      50
      68
      49
      52
      69
      84
      91
      85
      68
      54
      53
      56
      53
      58
      42
      60
      44
      61
      51
      62
      57
      58
      76
      62
      71
      66
      61
      64
      61
      57
      49
      57
      56
      56
      59
      61
      59
      50
      54
      51
      44
      41
      63
      65
     147
     354
     615
     569
     302
     125
      73
      56
      80
      58
      70
      66
      50
      47
      61
      74
      85
      83
      46
      63
      48
      51
      55
      52
      62
      67
      51
      51
      51
      46
      42
      55
      70
      59
      71
      47
      66
      58
      47
      53
      52
      59
      54
      58
      53
      54
      57
      36
      57
      37
      47
      57
      50
      41
      47
      46
      43
      41
      56
      61
      80
      84
      83
      82
      50
      47
      41
      64
      84
      88
      92
      59
      52
      66
      42
      51
      61
      44
      47
      42
      40
      39
      45
      48
      53
      60
      42
      44
      52
      43
      41
      55
      59
      84
      77
      55
      58
      43
      41
      46
      42
      46
      48
      42
      39
      42
      53
      56
      53
      43
      57
      45
      57
      47
      52
      48
      52
      50
      38
      49
      52
      44
      64
      77
      41
      46
      54
      51
      30
      43
      39
      53
      44
      60
      45
      43
      37
      40
      41
      53
      42
      42
      47
      60
      45
      60
      48
      53
      54
      80
      81
      73
      71
      67
      54
      43
      39
      33
      53
      51
      36
      65
      64
      55
      42
      43
      35
      38
      42
      37
      39
      35
      51
      37
      42
      34
      35
      48
      30
      43
      35
      40
      45
      88
     153
     158
     146
      64
      53
      54
      42
      34
      42
      37
      39
      34
      22
      42
      35
      33
      33
      35
      30
      42
      35
      33
      36
      33
      50
      35
      46
      35
      36
      38
      40
      33
      39
      33
      30
      49
      38
      42
      28
      29
      32
      29
      24
      36
      34
      32
      34
      39
      37
      28
      39
      31
      38
      34
      41
      38
      38
      31
      42
      27
      43
      31
      40
      40
      38
      31
      34
      34
      28
      30
      47
      38
      32
      34
      37
      43
      36
      31
      38
      39
      34
      29
      34
      28
      27
      30
      35
      39
      28
      30
      30
      34
      32
      41
      39
      36
      36
      34
      27
      29
      37
      30
      28
      22
      39
      37
      32
      30
      26
      28
      29
      35
      47
      43
      40
      37
      40
      30
      33
      39
      30
      36
      23
      39
      30
      26
      33
      30
      31
      43
      37
      45
      25
      36
      26
      28
      32
      39
      29
      38
      27
      45
      24
      30
      40
      20
      27
      33
      32
      36
      39
      43
      34
      40
      49
      34
      32
      30
      28
      27
      28
      30
      25
      20
      36
      37
      33
      27
      26
      39
      31
      27
      39
      32
      30
      45
      39
      21
      31
      34
      30
      35
      29
      39
      36
      35
      39
      26
      46
      26
      37
      36
      33
      38
      36
      28
      37
      30
      43
      44
      27
      31
      28
      23
      22
      28
      37
      34
      36
      35
      41
      36
      43
      43
      37
      26
      34
      31
      22
      20
      25
      42
      29
      29
      37
      38
      30
      38
      28
      31
      31
      25
      28
      29
      42
      34
      33
      24
      22
      34
      32
      27
      28
      31
      29
      33
      28
      23
      30
      33
      31
      32
      30
      45
      45
      34
      32
      37
      30
      35
      31
      27
      30
      33
      30
      35
      34
      35
      38
      30
      31
      35
      24
      34
      32
      31
      27
      33
      36
      37
      33
      35
      26
      25
      29
      23
      30
      31
      27
      20
      42
      24
      29
      27
      34
      41
      32
      26
      24
      32
      41
      39
      34
      28
      33
      33
      29
      24
      19
      26
      35
      33
      35
      56
      79
      72
      58
      40
      33
      17
      28
      30
      37
      43
      48
      29
      35
      29
      26
      32
      25
      22
      22
      21
      27
      23
      27
      23
      29
      42
      45
      61
      35
      34
      24
      20
      23
      30
      22
      32
      20
      25
      27
      24
      20
      11
      25
      24
      27
      21
      24
      26
      32
      42
      31
      29
      43
      50
      49
      49
      26
      28
      27
      24
      47
      44
      39
      33
      24
      26
      20
      21
      25
      27
      30
      30
      28
      18
      20
      19
      24
      29
      24
      27
      19
      23
      22
      25
      22
      30
      30
      22
      25
      24
      28
      76
      58
      67
      62
      28
      13
      19
      17
      33
      27
      38
      39
      36
      35
      22
      30
      60
     174
     385
     592
     630
     434
     190
      80
      28
      18
      23
      15
      21
      17
      25
      18
      23
      27
      26
      22
      24
      42
      62
      64
      46
      33
      32
      21
      22
      19
      17
      19
      24
      28
      29
      14
      22
      29
      30
      19
      20
      23
      14
      20
      26
      26
      21
      30
      24
      22
      23
      23
      22
      22
      21
      19
      17
      16
      20
      15
      20
      20
      13
      20
      19
      27
      35
      59
     111
     145
     121
      96
      44
      24
      15
      20
      16
      15
      15
      18
      13
      20
      13
      16
      24
      12
      16
      16
      17
      15
      18
      19
      11
      24
      19
       9
      15
      22
      21
      15
      13
      10
      14
      15
      22
      18
      25
       9
      14
      15
      11
      20
      16
      14
      17
      16
      16
      17
      12
      15
      20
      16
      18
      14
      16
      16
      17
      13
      16
      14
      10
      18
       7
      16
      13
      23
      14
      10
      18
      22
      15
      21
      23
      15
      18
      16
      14
      15
      12
      17
      20
      12
      11
      18
      15
      14
      16
      17
      12
      14
      17
      11
      18
      12
      14
      17
      21
       8
      10
      14
      14
      17
      14
      16
      12
      11
      16
      11
      13
      10
       9
      13
      16
      19
       9
      16
      16
      15
      15
      17
      17
      16
      12
      18
      23
      16
      17
      21
      12
      19
      20
      22
      27
      26
      31
      34
      36
      34
      29
      26
      26
      11
       5
      17
      15
      15
      12
       9
      19
      12
      13
       8
      15
      15
      13
      12
      16
       7
      11
      22
      11
      15
      10
      18
      13
      12
      15
      20
      21
      14
      10
       7
      15
       7
       8
      18
      13
      13
      13
      11
      14
      12
      15
      13
      13
       7
       9
      11
      25
      24
      57
      51
      32
      22
      16
      17
       9
      10
       6
       9
      15
      11
      11
      10
      15
      10
      11
      14
      13
      21
      17
      10
       9
       9
       9
       8
      11
      13
      14
       4
      13
      10
      11
       8
      10
      15
       9
       6
      14
      16
       7
      13
       3
      12
      16
      13
       9
      13
       7
      12
      14
      15
      20
      16
       8
      16
      20
      17
      19
      36
      26
      23
      13
      11
      12
       6
      11
      10
      27
      83
     174
     342
     450
     379
     224
     101
      19
      16
       7
       4
      14
      11
      14
       5
       8
      14
      13
      28
      44
      38
      30
      18
      15
      34
      90
     186
     247
     251
     202
      87
      42
      33
      19
      16
      25
      12
      10
      21
      18
      13
       3
      19
       7
       6
       7
      10
       7
      10
      10
      12
      13
       7
       7
       5
       9
      10
       9
       8
      18
      16
      12
       9
       8
      11
      10
      10
       6
      13
       8
      10
      11
       7
      11
      11
       5
       4
       5
       6
       2
       5
       8
      10
       9
       8
       6
      10
       8
       7
       6
       6
       7
       9
       6
      10
       8
       5
       9
      10
       3
       8
       7
      11
       7
       9
       9
      12
       8
      12
      11
       9
       2
       6
       5
       7
       8
      12
       8
       7
      10
      13
       7
       8
       7
       8
      11
      12
      13
      13
      13
       8
      13
       6
       5
       8
       3
       6
       8
       7
       5
       5
       5
       6
       5
       8
       8
      10
       6
       6
       4
       6
       6
       8
       8
       7
       9
       2
       9
       6
       4
       5
       4
      10
       9
      17
      20
      30
      30
      27
      24
      16
      17
      12
      23
      12
       6
      12
      12
      19
      20
      21
      17
      13
       9
      10
       9
       7
       8
      10
       6
       7
       4
       9
       9
       9
       7
       6
      11
       4
      10
       8
       8
       5
       9
       7
       6
       6
       8
      13
      21
      40
      52
      36
      48
      19
      12
       9
      20
      48
     138
     253
     333
     303
     207
     110
      41
      17
      11
       6
      12
       9
       5
       3
      10
      10
      23
      32
      37
      52
      30
      25
      20
      10
      10
      11
      10
       6
       6
       7
       7
       4
       7
       8
      12
      15
      13
      14
      14
       6
       4
       4
       5
       6
       9
       5
       7
       7
      10
       4
       4
       4
       6
       3
       7
       8
       2
       6
       8
       9
       8
       1
       7
       6
       7
      15
      11
       9
       4
       6
       2
       7
       5
      11
      28
      61
     133
     183
     193
     135
      81
      33
      16
      12
       9
       9
       4
      10
      10
      13
      19
      20
      12
      11
      11
       6
       8
      12
       5
       6
       6
      10
       6
       9
      10
       9
       1
       9
      10
       6
       5
       4
       6
       8
       5
       7
       4
       8
       4
       2
       4
       7
       7
       4
       5
       5
       5
       3
      11
       2
       6
      13
       7
      11
       3
       9
       8
       5
       7
       3
       7
       5
       8
       5
       6
       5
       9
       5
       2
       6
       5
      11
       2
       6
       8
       5
       6
       4
       6
       6
       9
       4
       8
       9
       6
       2
       6
       3
       8
       7
       5
       7
       7
      13
       5
      10
       7
       7
      12
      19
      24
       9
       7
       6
       4
      11
      21
      15
      17
      11
      11
       5
       8
       6
       2
       3
       5
       3
      10
       6
       5
       9
       6
       5
      10
       2
       4
       7
       6
       4
       6
       3
       6
       7
       8
       6
       4
       8
       6
       6
       4
       3
       3
       1
       4
       6
       4
       7
       6
       4
       4
       3
       3
       4
       2
       3
       6
       3
       6
      11
       8
       7
       8
       5
       6
       9
       5
       4
       8
       3
       4
       4
       5
       3
       1
       4
       5
       5
       4
       6
       2
       8
       5
       3
       3
       1
       6
       5
       7
       6
       1
       7
       2
       5
       6
       5
       1
       1
       3
       7
      14
      13
       9
      12
       3
       5
       2
       6
       7
      10
      10
      11
       4
      11
      10
       7
       4
       2
       3
       5
       5
       3
       5
       3
      11
       5
       4
       3
       4
       5
      11
       2
       5
       3
       5
       2
       1
       4
       3
       4
       6
       6
      10
       6
       5
       6
       1
       1
       5
       5
       2
       2
       7
       7
       2
       8
       4
       9
      11
      16
      17
      17
      18
      10
       6
       8
      10
       1
       7
      12
      17
      12
      21
      13
      11
       9
       4
       4
       5
       3
       4
       4
       3
       4
       2
       4
       6
       8
       4
       5
       4
       3
       5
       3
       8
       7
       6
       8
       3
       5
       7
       2
       2
       1
       2
       3
       6
       4
       7
       0
       4
       1
       2
       3
       1
      11
       6
       4
       3
       2
       5
       2
       2
       3
       4
       3
       3
       7
       3
       1
       4
       7
       3
       5
       2
       2
       1
       3
       4
       2
       2
       0
       6
       3
       6
       6
       4
       8
       2
       2
       8
       8
       7
       7
       4
       8
       1
       7
       5
       3
       5
       2
       4
       3
       6
       1
       3
       6
       1
       3
       1
       3
       4
       2
       5
       3
       1
       2
       1
       2
       4
       8
       6
       6
       3
       3
       3
       7
      17
      12
      14
       6
       7
       3
       4
       4
       3
       4
       9
       2
       4
       0
       2
       5
       5
       3
       1
       3
       5
       3
       3
       6
       5
       4
       3
       1
       6
       3
       7
       3
       3
       4
       4
       2
       2
       3
       4
       2
       2
       2
       4
       5
       4
       4
       1
       1
       3
       4
       0
       5
       5
       8
       8
       2
       5
       4
       6
       5
       9
       6
       3
       3
       3
       1
       2
       4
       4
       3
       3
       5
      10
      20
      17
      24
      19
      17
      20
       7
       4
       2
       1
       2
       0
       1
       4
       7
       2
       1
       6
       4
       3
       7
       5
       6
       9
       0
       5
       2
       5
       5
       8
       6
      11
       9
       8
      10
       5
       8
       3
       9
       8
       5
       5
       3
       6
       4
       4
       1
       5
       5
       4
       4
       4
       4
       4
       1
       4
       4
       3
       1
       4
       2
       1
       5
       4
       3
       1
       3
       2
       1
       2
       4
       2
       3
       5
       4
       3
       8
       1
       3
       3
       5
       2
       4
       2
       3
       2
       2
       3
       1
       6
       6
       2
       5
       3
       3
       5
       5
       1
       4
       3
       1
       5
       3
       2
       3
       1
       5
       5
       2
       2
       2
       3
       6
       1
       2
       4
       1
       3
       5
       2
       4
       3
       9
       2
       7
       4
       4
       3
       2
       4
       3
       6
       5
       6
       6
       4
       3
       2
       5
       0
       3
       2
       4
       1
       4
       4
       3
       3
       3
       1
       4
       5
       6
       3
       5
       4
       4
       1
       1
       4
       4
       5
       2
       4
       0
       3
       4
       5
       4
       7
      13
       3
       5
       6
       5
       7
       5
       8
      17
      25
      33
      43
      31
      25
       7
       5
       1
       5
       3
       1
       7
       3
       3
       2
       4
       1
       3
       7
       6
       8
       5
       3
       2
       1
       4
       3
       2
       3
       0
       4
       4
       2
       3
       3
       4
       6
       6
       9
       5
       4
       6
       3
       2
       1
       2
       1
       2
       3
       2
       3
       2
       1
       5
       2
       2
       2
       3
       4
       2
       2
       2
       1
       2
       3
       2
       4
       5
       3
       3
       4
       5
       2
       4
       8
       3
       3
       3
       4
       1
       1
       1
       3
       2
       0
       4
       1
       3
       3
       2
       4
       4
       1
       5
       3
       3
       3
       5
       0
       5
       3
       1
       1
       1
       2
       1
       1
       4
       1
       2
       1
       2
       2
       2
       5
       4
       5
       3
       0
       5
       1
       2
       4
       8
       5
       6
       2
       3
       4
       2
       4
       3
       2
       1
       1
       1
       2
       2
       1
       2
       5
       5
       0
       1
       3
       3
       1
       0
       5
       1
       1
       3
       3
       1
       2
       5
       1
       1
       4
       1
       2
       3
       3
       1
       7
       1
       1
       3
       1
       5
       3
       2
       4
       2
       5
       5
       4
       1
       1
       1
       1
       4
       0
       4
       0
       3
       0
       3
       2
       3
       2
       2
       6
       1
       3
       1
       5
       2
       2
       4
       3
       1
       1
       2
       3
       0
       8
       1
       3
       1
       5
       2
       1
       3
       4
       2
       3
       1
       4
       2
       1
       0
       6
       4
       1
       1
       3
       3
       5
       3
       5
       2
       1
       5
       4
       2
       0
       1
       1
       2
       2
       2
       3
       1
       0
       7
       6
       7
      11
       5
       8
       3
       3
       3
       3
       0
       5
       2
       8
       6
       4
       6
       7
       0
       5
       4
       4
       6
       3
       5
       1
       2
       3
       3
       6
       4
       9
       7
       6
       8
       5
       6
       2
       5
       3
       2
       6
       3
      13
       3
       6
       4
       3
       2
       1
       5
       0
       1
       5
       3
       1
       4
       3
       2
       3
       4
       3
       5
       5
       3
       3
       3
       2
       3
       3
       5
       3
       4
       7
      10
       3
       6
       5
       1
       2
       3
       3
       1
       3
       1
       2
       4
       4
       2
       2
       0
       4
       5
       2
       4
       5
       1
       2
       2
       3
       3
       3
       1
       1
       2
       1
       1
       4
       4
       2
       0
       0
       1
       1
       3
       1
       4
       1
       3
       2
       2
       2
       4
       0
       2
       2
       6
       4
       2
       3
       3
       3
       3
       6
       7
       7
       7
      11
       8
       9
       2
       7
       6
       4
       3
       1
       1
       7
       3
      10
      11
       6
       4
       2
       1
       6
       2
       2
       2
       2
       4
       2
       2
       5
       2
       1
       1
       3
       2
       7
       0
       2
       2
       0
       2
       0
       3
       1
       0
       5
       3
       4
       5
       1
       1
       5
       2
       4
       6
       3
       4
       0
       3
       1
       1
       0
       3
       1
       2
       4
       4
       3
       0
       4
       2
       3
       3
       0
       1
       2
       8
       1
       1
       3
       1
       2
       2
       1
       5
       1
       3
       0
       3
       4
       4
       3
       4
       4
       2
       2
       1
       3
       4
       4
       2
       0
       4
       4
       1
       0
       2
       3
       0
       1
       5
       2
       1
       3
       2
       0
       0
       4
       5
       2
       5
       0
       3
       3
       0
       3
       1
       2
       5
       3
       1
       0
       2
       1
       1
       3
       2
       4
       0
       0
       1
       1
       4
       2
       2
       0
       5
       1
       4
       7
       2
       3
       0
       3
       2
       1
       3
       2
       2
       1
       2
       0
       1
       1
       3
       5
       3
       4
       4
       5
       4
       6
       4
       2
       5
       4
       5
       0
       1
       4
       1
       1
       2
       4
       1
       1
       2
       0
       1
       1
       2
       0
       0
       0
       4
       1
       2
       0
       6
       0
       2
       2
       2
       4
       2
       2
       2
       2
       2
       1
       1
       3
       0
       1
       1
       3
       2
       3
       2
       1
       2
       2
       1
       1
       2
       3
       8
      12
      11
       8
       5
       6
       1
       1
       2
       2
       2
       0
       1
       4
       1
       0
       1
       0
       1
       1
       2
       2
       3
       3
       3
       3
       2
       2
       1
       3
       4
       3
       5
       5
       4
       0
       0
       3
       1
       3
       3
       4
       3
       0
       3
       1
       2
       2
       2
       3
       2
       1
       1
       6
       5
       2
       4
       0
       1
       0
       2
       1
       3
       1
       1
       1
       2
       2
       0
       1
       0
       5
       3
       1
       1
       1
       2
       4
       4
       2
       4
       2
       2
       3
       2
       3
       1
       2
       4
       3
       4
       7
       0
       2
       4
       4
       9
       2
       5
       4
       4
       4
       1
       3
       4
       4
       2
       1
       2
       2
       1
       2
       0
       2
       1
       2
       1
       1
       0
       2
       0
       2
       3
       1
       2
       0
       0
       1
       1
       2
       2
       1
       4
       1
       2
       6
       0
       4
       2
       3
       1
       2
       2
       1
       3
       0
       1
       1
       1
       2
       3
       1
       4
       0
       1
       1
       3
       0
       1
       0
       1
       2
       1
       0
       0
       8
       2
       1
       2
       3
       0
       0
       2
       1
       3
       1
       1
       0
       3
       1
       2
       2
       1
       4
       2
       5
       6
       4
       1
       0
       3
       3
       2
       3
       0
       2
       1
       1
       1
       1
       0
       2
       4
       5
       2
       1
       2
       2
       1
       0
       1
       1
       1
       1
       1
       4
       1
       0
       0
       0
       2
       2
       0
       2
       1
       1
       1
       3
       2
       2
       5
       1
       3
       2
       1
       0
       0
       2
       0
       6
       0
       3
       2
       0
       0
       1
       1
       0
       2
       2
       1
       1
       2
       2
       1
       1
       1
       1
       2
       1
       0
       4
       3
       5
       1
       3
       0
       1
       2
       1
       0
       2
       0
       2
       4
       2
       2
       2
       1
       1
       2
       0
       1
       0
       3
      10
       0
       3
       5
       2
       4
       5
       1
       3
       0
       2
       3
       3
       3
       1
       1
       2
       1
       2
       1
       1
       1
       0
       2
       2
       1
       3
       2
       0
       1
       2
       2
       2
       1
       4
       2
       0
       1
       1
       1
       2
       0
       0
       0
       1
       3
       1
       3
       1
       0
       3
       0
       0
       0
       0
       0
       1
       2
       2
       0
       1
       1
       0
       4
       0
       3
       0
       4
       7
       3
       6
      13
       6
       3
       2
       3
       1
       1
       1
       1
       1
       0
       1
       2
       0
       2
       3
       3
       4
       0
       2
       2
       0
       2
       1
       2
       2
       1
       2
       1
       1
       2
       0
       1
       0
       3
       2
       1
       1
       2
       2
       2
       4
       0
       1
       1
       0
       0
       4
       1
       2
       3
       1
       5
       0
       0
       1
       0
       1
       1
       1
       1
       0
       0
       0
       1
       1
       2
       2
       3
       1
       2
       1
       1
       3
       1
       2
       0
       0
       0
       0
       0
       1
       2
       1
       2
       2
       1
       2
       1
       2
       1
       0
       0
       1
       1
       0
       2
       2
       0
       0
       1
       0
       1
       0
       1
       1
       0
       0
       2
       1
       1
       5
       0
       3
       0
       1
       0
       1
       1
       1
       0
       1
       1
       1
       1
       1
       0
       1
       3
       0
       2
       1
       0
       0
       3
       2
       0
       0
       3
       0
       1
       0
       0
       0
       0
       2
       0
       1
       2
       5
       3
       3
       2
       2
       5
       2
      15
      16
      16
      25
      18
      12
      11
       4
       2
       1
       1
       1
       1
       1
       0
       0
       0
       0
       0
       0
       2
       1
       1
       2
       0
       0
       0
       0
       1
       2
       0
       3
       1
       0
       0
       0
       0
       1
       1
       0
       0
       0
       1
       1
       1
       1
       0
       0
       1
       0
       0
       1
       0
       0
       0
       0
       1
       0
       0
       0
       2
       1
       2
       0
       1
       1
       0
       0
       2
       2
       1
       1
       0
       1
       0
       0
       2
       2
       2
       1
       1
       1
       1
       1
       0
       0
       0
       1
       1
       2
       1
       0
       1
       2
       0
       2
       0
       1
       0
       5
       0
       1
       0
       1
       2
       1
       0
       1
       2
       1
       1
       0
       0
       0
       1
       0
       2
       0
       0
       0
       0
       1
       1
       0
       0
       2
       1
       0
       2
       1
       1
       1
       1
       1
       1
       1
       1
       0
       3
       0
       0
       0
       0
       0
       1
       0
       0
       0
       0
       0
       0
       0
       0
       1
       0
       1
       0
       1
       0
       1
       0
       1
       1
       0
       0
       0
       2
       1
       0
       1
       0
       0
       1
       0
       0
       0
       0
       0
       0
       1
       0
       0
       1
       0
       1
       0
       1
       0
       2
       1
       2
       1
       0
       0
       1
       0
       0
       0
       1
       0
       2
       0
       1
       0
       0
       0
       0
       0
       1
       0
       0
       1
       1
       0
       1
       1
       1
       1
       0
       0
       0
       2
       1
       1
       2
       1
       0
       1
       0
       0
       1
       2
       0
       0
       1
       1
       0
       0
       0
       1
       1
       0
       1
       0
       1
       0
       0
       1
       1
       0
       1
       0
       1
       0
       0
       2
       0
       1
       0
       0
       0
       0
       0
       1
       2
       2
       0
       3
       1
       1
       1
       0
       0
       0
       2
       1
       2
       0
       0
       1
       0
       0
       0
       0
       0
       0
       1
       1
       1
       1
       1
       1
       0
       1
       1
       0
       0
       0
       0
       1
       0
       1
       0
       0
       0
       0
       1
       1
       2
       1
       0
       1
       0
       1
       1
       2
       1
       0
       0
       1
       0
       2
       0
       1
       2
       1
       1
       0
       0
       1
       1
       1
       0
       0
       1
       1
       0
       0
       1
       1
       3
       0
       2
       3
       2
       7
       6
      14
       9
      17
      27
      14
      20
       8
       4
       1
       1
       1
       1
       0
       2
       0
       0
       0
       1
       0
       0
       1
       2
       0
       1
       0
       1
       1
       0
       0
       1
       1
       2
       1
       1
       1
       0
       1
       0
       0
       0
       0
       0
       1
       0
       1
       0
       1
       0
       0
       1
       3
       0
       1
       0
       1
       1
       0
       0
       0
       0
       1
       1
       0
       2
       0
       0
       1
       1
       1
       0
       0
       0
       2
       2
       0
       0
       0
       0
       1
       0
       0
       0
       0
       1
       0
       1
       0
       1
       1
       0
       0
       1
       0
       1
       0
       0
       0
       0
       0
       1
       1
       0
       0
       1
       1
       0
       0
       1
       0
       0
       1
       0
       0
       1
       0
       0
       0
       1
       1
       1
       0
       0
       0
       1
       1
       0
       3
       0
       1
       3
       1
       0
       0
       1
       0
       0
       1
       0
       1
       0
       0
       0
       4
       0
       1
       0
       0
       1
       0
       0
       0
       1
       0
       1
       0
       1
       1
       0
       1
       1
       0
       0
       1
       0
       2
       0
       1
       0
       0
       2
       2
       0
       0
       1
       1
       0
       1
       0
       0
       0
       0
       1
       0
       0
       1
       0
       2
       0
       0
       0
       0
       0
       1
       0
       1
       0
       1
       0
       0
       0
       0
       0
       0
       1
       0
       0
       0
       0
       0
       3
       0
       3
       2
       2
       0
       4
       2
       0
       1
       0
       1
       1
       0
       0
       0
       0
       0
       0
       0
       0
       1
       1
       0
       1
       0
       0
       0
       1
       0
       0
       0
       0
       1
       0
       1
       0
       0
       1
       0
       1
       1
       1
       0
       0
       0
       1
       0
       0
       0
       0
       0
       1
       0
       1
       1
       0
       2
       1
       0
       0
       0
       0
       1
       0
       0
       0
       0
       1
       0
       1
       1
       1
       1
       0
       1
       1
       1
       2
       0
       4
       0
       0
       0
       0
       0
       0
       1
       0
       0
       0
       0
       0
       1
       0
       1
       1
       0
       0
       0
       0
       1
       0
       0
       0
       0
       1
       0
       0
       0
       1
       0
       0
       0
       0
       0
       0
       0
       0
       0
       0
       0
       0
       0
       1
       0
       0
       0
       0
       0
       0
       1
       1
       0
       1
       0
       1
       0
       0
       0
       1
       0
       2
       0
       1
       1
       0
       1
       0
       0
       0
       0
       0
       1
       0
       0
       0
       0
       1
       0
       0
       0
       0
       0
       0
       0
       0
       0
       0
       0
       0
       0
       0
       0
       0
       1
       0
       0
       1
       1
       0
       2
       0
       1
       0
       0
       1
       2
       3
       2
       0
       0
       2
       0
       0
       0
       0
       0
       0
       1
       0
       0
       0
       1
       0
       0
       0
       0
       0
       0
       0
       0
       0
       0
       1
       0
       0
       0
       0
       0
       1
       0
       2
       3
       3
       6
       0
       1
       1
       0
       0
       0
       1
       0
       0
       1
       1
       0
       0
       0
       0
       0
       1
       1
       0
       0
       0
       0
       1
       1
       0
       0
       1
       0
       0
       0
       0
       0
       0
       0
       0
       1
       0
       1
       0
       0
       0
       0
       1
       1
       2
       0
       0
       0
       0
       0
       2
       0
       0
       1
       0
       0
       0
       0
       0
       0
       0
       0
       0
       0
       1
       2
       2
       2
       1
       0
       2
       0
       0
       0
       1
       0
       1
       0
       1
       0
       1
       1
       0
       0
       0
       0
       1
       0
       0
       0
       1
       0
       0
       0
       0
       0
       0
       0
       0
       0
       0
       0
       0
       0
       0
       0
       1
       0
       1
       0
       0
       0
       1
       0
       0
       0
       0
       0
       0
       0
       0
       0
       0
       1
       0
       0
       0
       0
       0
       1
       1
       0
       0
       0
       0
       0
       1
       1
       0
       0
       0
       0
       0
       0
       1
       0
       0
       0
       0
       0
       0
       0
       0
       0
       0
       0
       0
       0
       0
       0
       0
       0
       1
       0
       0
       0
       0
       0
       1
       0
       0
       0
       1
       0
       0
       1
       0
       0
       0
       0
       0
       0
       0
       0
       0
       0
       0
       0
       0
       0
       0
       0
       0
       0
       1
       0
       0
       0
       1
       0
       0
       0
       0
       0
       0
       0
       0
       0
       1
       0
       1
       0
       0
       0
       0
       1
       0
       0
       0
       0
       0
       1
       1
       1
       0
       0
       0
       0
       0
       0
       0
       0
       0
       0
       0
       0
       0
       0
       0
       2
       0
       0
       0
       0
       0
       0
       0
       0
       0
       0
       0
       0
       0
       1
       1
       0
       0
       0
       0
       0
       0
       0
       0
       0
       0
       0
       0
       0
       0
       0
       0
       0
       0
       0
       0
       0
       0
       0
       0
       0
       1
       0
       0
       0
       0
       0
       0
       1
       0
       0
       1
       0
       0
       0
       0
       0
       1
       0
       0
       0
       0
       0
       0
       0
       0
       0
       0
       0
       0
       0
       0
       0
       0
       0
       0
       1
       0
       0
       1
       0
       1
       0
       0
       0
       0
       0
       0
       0
       0
       0
       0
       0
       0
       0
       0
       0
       0
       0
       0
       0
       0
       0
       0
       0
       0
       1
       0
       0
       0
       0
       0
       0
       0
       0
       0
       2
       0
       0
       0
       0
       0
       0
       0
       0
       0
       0
       0
       0
       0
       0
       0
       1
       0
       0
       0
       0
       0
       0
       0
       0
       0
       1
       0
       0
       0
       0
       0
       0
       2
       1
       0
       2
       3
       0
       0
       0
       0
       0
       1
       0
       0
       0
       0
       1
       1
       0
       0
       0
       0
       0
       1
       0
       0
       1
       0
       0
       1
       0
       0
       0
       1
       0
       0
       0
       0
       0
       0
       0
       0
       1
       0
       0
       0
       0
       0
       0
       0
       0
       1
       1
       0
       0
       0
       1
       0
       0
       0
       0
       0
       0
       0
       0
       0
       0
       0
       0
       0
       0
       0
       0
       0
       0
       0
       0
       0
       0
       0
       0
       0
       0
       0
       0
       0
       0
       1
       0
       0
       0
       0
       0
       1
       1
       1
       0
       0
       0
       0
       0
       0
       0
       0
       0
       0
       0
       0
       0
       1
       0
       0
       0
       0
       0
       1
       0
       1
       0
       0
       0
       0
       0
       0
       0
       0
       0
       0
       0
       0
       0
       0
       0
       0
       0
       0
       0
       0
       0
       0
       0
       0
       0
       0
       0
       1
       0
       0
       0
       0
       0
       0
       0
       0
       1
       0
       0
       0
       0
       0
       0
       0
       0
       0
       0
       0
       0
       0
       0
       0
       0
       0
       0
       0
       0
       0
       0
       0
       0
       0
       0
       0
       0
       0
       0
       0
       0
       0
       0
       0
       0
       0
       0
       0
       0
       0
       0
       0
       0
       0
       0
       0
       0
       1
       0
       0
       0
       0
       0
       0
       0
       0
       0
       0
       0
       0
       0
       0
       2
       2
       2
       2
       2
       0
       0
       1
       0
       0
       0
       0
       0
       0
       0
       0
       0
       0
       1
       0
       0
       0
       0
       0
       0
       0
       0
       0
       0
       0
       0
       0
       1
       1
       0
       0
       0
       0
       0
       0
       0
       0
       0
       0
       1
       0
       0
       0
       0
       0
       0
       0
       0
       0
       0
       0
       0
       0
       0
       0
       0
       0
       0
       0
       0
       0
       0
       0
       1
       1
       0
       0
       0
       0
       0
       0
       0
       0
       0
       0
       0
       0
       0
       0
       0
       0
       0
       0
       0
       0
       0
       0
       0
       0
       0
       0
       0
       0
       0
       0
       0
       0
       0
       0
       0
       0
       0
       0
       0
       0
       0
       1
       0
       0
       0
       0
       0
       0
       0
       0
       0
       0
       0
       2
       0
       0
       0
       0
       0
       0
       1
       0
       0
       0
       0
       0
       0
       0
       0
       0
       0
       0
       0
       1
       0
       0
       0
       0
       0
       0
       1
       0
       1
       0
       0
       0
       1
       0
       1
       0
       0
       0
       0
       0
       0
       0
       0
       0
       0
       0
       0
       0
       0
       1
       0
       0
       0
       0
       0
       0
       0
       0
       0
       0
       0
       0
       0
       0
       0
       0
       0
       0
       0
       0
       0
       0
       0
       0
       0
       0
       0
       0
       0
       0
       0
       0
       0
       0
       0
       0
       0
       0
       0
       0
       1
       1
       1
       0
       0
       0
       0
       0
       0
       0
       0
       0
       0
       0
       1
       0
       0
       0
       0
       0
       0
       0
       0
       0
       0
       0
       0
       0
       0
       0
       0
       0
       1
       0
       0
       1
       0
       0
       0
       0
       0
       0
       0
       0
       2
       0
       1
       0
       0
       0
       0
       1
       0
       0
       0
       0
       0
       0
       0
       0
       0
       0
       0
       0
       0
       0
       0
       0
       0
       0
       0
       0
       0
       0
       0
       0
       0
       0
       0
       0
       0
       0
       0
       0
       0
       0
       0
       0
       0
       0
       0
       0
       1
       0
       0
       0
       0
       0
       0
       0
       0
       0
       0
       0
       0
       0
       0
       0
       0
       0
       0
       0
       0
       0
       0
       0
       0
       0
       0
       0
       0
       0
       0
       0
       0
       0
       0
       0
       0
       0
       0
       0
       0
       0
       0
       0
       0
       0
       0
       0
       0
       0
       0
       0
       0
       0
       0
       0
       0
       0
       0
       0
       0
       0
       0
       0
       0
       1
       0
       0
       0
       0
       0
       0
       0
       0
       0
       0
       0
       0
       0
       0
       0
       0
       0
       0
       0
       0
       0
       0
       0
       0
       0
       0
       0
       0
       0
       0
       0
       1
       0
       1
       0
       1
       0
       0
       0
       0
       1
       0
       0
       0
       0
       0
       0
       0
       0
       1
       0
       0
       0
       0
       0
       0
       0
       0
       0
       1
       0
       0
       0
       0
       1
       0
       0
       0
       0
       1
       0
       0
       0
       0
       0
       1
       0
       0
       1
       0
       0
       0
       0
       0
       0
       0
       0
       0
       0
       0
       0
       0
       0
       0
       0
       0
       0
       0
       0
       0
       0
       0
       0
       0
       0
       0
       0
       1
       0
       0
       0
       0
       0
       0
       0
       0
       0
       0
       0
       0
       0
       0
       0
       0
       0
       0
       0
       0
       0
       0
       0
       0
       0
       0
       0
       0
       0
       0
       0
       0
       0
       0
       0
       0
       2
       2
       1
       0
       1
       0
       1
       0
       1
       0
       0
       0
       0
       0
       0
       0
       0
       1
       0
       0
       0
       0
       0
       0
       1
       0
       0
       0
       0
       0
       0
       0
       0
       0
       0
       0
       0
       0
       0
       0
       0
       0
       0
       0
       0
       0
       0
       0
       0
       0
       0
       0
       0
       1
       0
       0
       0
       0
       0
       0
       0
       0
       0
       0
       0
       0
       0
       0
       0
       0
       0
       0
       0
       0
       0
       0
       0
       0
       0
       1
       0
       0
       0
       0
       0
       0
       0
       0
       0
       0
       0
       0
       0
       0
       0
       0
       0
       0
       0
       0
       0
       0
       0
       0
       0
       0
       0
       0
       0
       0
       0
       0
       0
       0
       0
       0
       0
       0
       0
       0
       0
       0
       0
       0
       0
       0
       0
       0
       0
       0
       0
       0
       0
       1
       0
       0
       0
       0
       0
       0
       0
       0
       0
       0
       0
       0
       0
       0
       0
       0
       0
       0
       1
       0
       0
       0
       0
       0
       0
       0
       1
       0
       0
       0
       0
       0
       0
       0
       0
       0
       0
       0
       0
       0
       1
       0
       0
       0
       0
       0
       0
       0
       0
       0
       0
       0
       0
       0
       0
       0
       0
       0
       0
       0
       0
       0
       0
       0
       0
       0
       0
       0
       0
       0
       0
       0
       0
       0
       0
       0
       0
       0
       0
       0
       0
       0
       0
       0
       0
       0
       0
       0
       0
       0
       0
       0
       0
       0
       0
       0
       0
       0
       0
       0
       0
       0
       1
       0
       0
       0
       1
       0
       0
       0
       1
       0
       0
       0
       0
       0
       1
       0
       0
       0
       0
       0
       0
       0
       0
       0
       0
       0
       0
       0
       0
       0
       0
       0
       0
       0
       0
       0
       0
       0
       0
       0
       0
       1
       0
       0
       0
       0
       0
       0
       0
       1
       0
       0
       0
       0
       0
       0
       0
       0
       0
       0
       0
       1
       0
       0
       0
       0
       0
       0
       0
       1
       0
       1
       0
       0
       0
       0
       0
       0
       0
       0
       0
       0
       0
       0
       0
       0
       0
       0
       0
       0
       0
       0
       0
       0
       0
       1
       0
       0
       1
       0
       0
       0
       0
       0
       0
       0
       0
       0
       0
       0
       0
       0
       0
       0
       0
       0
       0
       0
       0
       0
       0
       0
       0
       0
       1
       0
       0
       0
       0
       0
       0
       0
       0
       0
       0
       0
       0
       0
       1
       0
       0
       0
       0
       0
       0
       0
       0
       0
       0
       0
       0
       0
       1
       0
       1
       0
       0
       0
       0
       0
       0
       0
       0
       0
       0
       0
       0
       0
       0
       0
       0
       0
       0
       0
       0
       0
       0
       2
       0
       0
       0
       1
       0
       0
       0
       0
       0
       0
       0
       0
       0
       0
       0
       0
       0
       0
       0
       0
       0
       0
       0
       0
       0
       0
       0
       0
       0
       0
       0
       1
       0
       0
       0
       0
       0
       0
       0
       0
       0
       0
       0
       0
       0
       0
       0
       0
       0
       0
       0
       0
       0
       0
       0
       0
       0
       0
       0
       0
       0
       0
       0
       0
       0
       1
       0
       0
       0
       0
       0
       1
       0
       0
       0
       0
       0
       0
       0
       0
       0
       0
       0
       0
       1
       0
       0
       0
       0
       1
       0
       1
       0
       0
       0
       0
       0
       0
       0
       0
       0
       0
       0
       0
       0
       0
       0
       0
       0
       0
       0
       0
       1
       0
       0
       1
       0
       1
       0
       0
       0
       1
       0
       0
       0
       0
       0
       0
       0
       0
       0
       0
       0
       0
       0
       0
       0
       0
       0
       0
       0
       0
       0
       0
       0
       0
       0
       0
       0
       0
       0
       0
       0
       0
       0
       0
       0
       0
       0
       0
       0
       0
       0
       0
       0
       0
       0
       0
       0
       0
       0
       0
       0
       0
       0
       0
       1
       0
       0
       0
       0
       0
       0
       0
       0
       0
       0
       0
       0
       0
       0
       0
       0
       0
       0
       0
       0
       0
       0
       0
       0
       0
       0
       0
       0
       0
       0
       0
       0
       0
       0
       1
       0
       0
       0
       0
       0
       0
       0
       1
       0
       0
       0
       0
       0
       0
       0
       0
       0
       0
       0
       0
       0
       0
       0
       0
       0
       0
       0
       1
       0
       0
       0
       0
       0
       0
       0
       0
       0
       0
       0
       0
       0
       0
       0
       0
       0
       0
       0
       0
       1
       0
       0
       0
       0
       0
       0
       0
       0
       0
       0
       0
       0
       0
       0
       0
       0
       0
       0
       0
       0
       0
       0
       0
       0
       0
       0
       0
       0
       0
       0
       1
       0
       0
       0
       0
       0
       0
       0
       0
       0
       0
       0
       0
       0
       0
       0
       0
       0
       0
       0
       0
       0
       0
       0
       0
       0
       0
       0
       0
       0
       0
       0
       0
       0
       0
       0
       0
       0
       0
       0
       0
       0
       0
       0
       0
       0
       0
       0
       0
       0
       0
       0
       0
       0
       0
       0
       0
       0
       0
       0
       0
       0
       0
       0
       0
       0
       0
       0
       0
       0
       0
       0
       0
       0
       0
       0
       0
       0
       0
       0
       0
       0
       0
       0
       0
       0
       1
       0
       0
       0
       0
       0
       0
       0
       0
       0
       0
       0
       0
       0
       0
       0
       0
       0
       0
       0
       1
       0
       0
       0
       1
       0
       0
       3
       0
       0
       0
       0
       0
       0
       0
       0
       0
       0
       0
       0
       0
       0
       0
       0
       0
       0
       0
       0
       0
       0
       0
       0
       0
       0
       0
       0
       0
       0
       0
       0
       0
       0
       0
       0
       1
       0
       0
       0
       0
       0
       0
       0
       0
       0
       0
       0
       0
       0
       0
       0
       0
       0
       0
       0
       0
       0
       0
       0
       0
       0
       0
       0
       0
       0
       0
       0
       0
       0
       0
       0
       0
       0
       0
       0
       0
       0
       0
       0
       0
       0
       0
       0
       0
       0
       0
       0
       0
       0
       0
       0
       0
       0
       0
       1
       0
       0
       0
       0
       0
       0
       0
       0
       0
       0
       0
       0
       0
       0
       0
       0
       0
       0
       0
       0
       0
       0
       0
       0
       0
       0
       0
       0
       0
       0
       0
       0
       0
       0
       0
       0
       0
       0
       0
       0
       0
       0
       0
       0
       0
       0
       0
       0
       0
       0
       0
       0
       0
       0
       0
       0
       0
       0
       0
       0
       0
       0
       0
       0
       0
       0
       0
       0
       0
       0
       0
       0
       0
       0
       0
       0
       0
       0
       0
       0
       0
       0
       1
       0
       0
       0
       0
       0
       0
       0
       0
       0
       0
       0
       0
       1
       0
       0
       0
       0
       0
       0
       0
       0
       0
       0
       0
       0
       0
       0
       0
       0
       0
       0
       0
       0
       0
       0
       1
       0
       0
       0
       0
       0
       0
       0
       0
       1
       0
       0
       0
       0
       0
       0
       0
       2
       0
       1
       4
       2
       2
       1
       1
       1
       1
       0
       0
       0
       0
       0
       0
       0
       0
       0
       0
       0
       0
       0
       0
       0
       0
       0
       0
       0
       0
       0
       0
       0
       0
       0
       0
       0
       0
       0
       0
       0
       0
       0
       0
       0
       0
       0
       0
       0
       0
       0
       0
       0
       0
       0
       0
       0
       0
       0
       0
       0
       0
       0
       0
       0
       0
       0
       0
       0
       0
       0
       0
       0
       0
       0
       0
       0
       0
       0
       0
       0
       0
       0
       0
       0
       0
       0
       0
       0
       0
       0
       0
       0
       0
       0
       0
       0
       0
       0
       0
       0
       0
       0
       0
       0
       0
       0
       0
       0
       0
       0
       0
       0
       0
       0
       0
       0
       0
       0
       0
       0
       0
       0
       0
       0
       0
       0
       0
       0
       0
       0
       0
       0
       0
       0
       0
       0
       0
       0
       0
       0
       0
       0
       0
       0
       0
       0
       0
       0
       0
       0
       0
       0
       0
       0
       0
       0
       0
       0
       0
       0
       0
       0
       0
       0
       0
       0
       0
       0
       0
       0
       0
       0
       0
       0
       0
       0
       0
       0
       0
       0
       0
       0
       0
       0
       0
       0
       0
       0
       0
       0
       0
       0
       0
       0
       0
       0
       0
       0
       0
       0
       0
       0
       0
       0
       0
       0
       0
       0
       0
       0
       0
       0
       0
       0
       0
       0
       0
       0
       0
       0
       0
       0
       0
       0
       0
       0
       0
       0
       0
       0
       0
       0
       0
       0
       0
       0
       0
       0
       0
       0
       0
       0
       0
       0
       0
       0
       0
       0
       0
       0
       0
       0
       0
       0
       0
       0
       0
       0
       0
       0
       0
       0
       0
       0
       0
       0
       0
       0
       0
       0
       0
       0
       0
       0
       0
       0
       0
       0
       0
       0
       0
       0
       0
       0
       0
       0
       0
       0
       0
       0
       0
       0
       0
       0
       0
       0
       0
       0
       0
       0
       0
       0
       0
       0
       0
       0
       0
       0
       0
       0
       0
       0
       0
       0
       0
       0
       0
       0
       0
       0
       0
       0
       0
       0
       0
       0
       0
       0
       0
       0
       0
       0
       0
       0
       0
       0
       0
       0
       0
       0
       0
       0
       0
       0
       0
       0
       0
       0
       0
       0
       0
       0
       0
       0
       0
       0
       1
       1
       0
       0
       0
       0
       0
       0
       0
       0
       0
       0
       0
       0
       0
       0
       0
       0
       0
       0
       0
       0
       0
       0
       0
       0
       0
       0
       0
       0
       0
       0
       0
       0
       0
       0
       0
       0
       0
       0
       0
       0
       0
       0
       0
       0
       0
       0
       0
       0
       0
       0
       0
       0
       0
       0
       0
       0
       0
       0
       0
       0
       0
       0
       0
       0
       0
       0
       0
       0
       0
       0
       0
       0
       0
       0
       0
       0
       0
       0
       0
       0
       0
       0
       0
       0
       0
       0
       0
       0
       0
       0
       0
       0
       0
       0
       0
       0
       0
       0
       0
       0
       0
       0
       0
       0
       0
       0
       0
       0
       0
       0
       0
       0
       0
       1
       0
       0
       0
       0
       0
       0
       0
       0
       0
       0
       0
       0
       0
       0
       0
       0
       0
       0
       0
       0
       0
       0
       0
       0
       0
       0
       0
       0
       0
       0
       0
       0
       0
       0
       0
       0
       0
       0
       0
       0
       0
       0
       0
       0
       0
       0
       0
       0
       0
       0
       0
       0
       0
       0
       0
       0
       0
       0
       0
       0
       0
       0
       0
       0
       0
       0
       0
       0
       0
       0
       0
       0
       0
       0
       0
       0
       0
       0
       0
       0
       0
       0
       0
       0
       0
       0
       0
       0
       0
       0
       0
       0
       0
       0
       0
       0
       0
       0
       0
       0
       0
       0
       0
       0
       0
       0
       0
       0
       0
       0
       0
       0
       0
       0
       0
       0
       0
       0
       0
       0
       0
       0
       0
       0
       0
       0
       0
       0
       0
       0
       0
       0
       0
       0
       0
       0
       0
       0
       0
       0
       0
       0
       0
       0
       0
       0
       0
       0
       0
       0
       0
       0
       0
       0
       0
       0
       0
       0
       0
       0
       0
       0
       0
       0
       0
       0
       0
       0
       0
       0
       0
       0
       0
       0
       0
       0
       0
       0
       0
       0
       0
       0
       0
       0
       1
       0
       0
       0
       0
       0
       0
       0
       0
       0
       0
       0
       0
       0
       0
       0
       0
       0
       0
       0
       0
       0
       0
       0
       0
       0
       0
       0
       0
       0
       0
       0
       0
       0
       0
       0
       0
       0
       0
       0
       0
       0
       0
       0
       0
       0
       0
       0
       0
       0
       0
       0
       1
       0
       0
       0
       0
       0
       0
       0
       0
       0
       0
       0
       0
       0
       0
       0
       0
       0
       0
       0
       0
       0
       0
       0
       0
       0
       0
       0
       0
       0
       0
       0
       0
       0
       0
       0
       0
       0
       0
       0
       0
       0
       0
       0
       0
       0
       0
       0
       0
       0
       0
       0
       0
       0
       0
       0
       0
       0
       0
       0
       0
       0
       0
       0
       0
       0
       0
       0
       0
       0
       0
       0
       0
       0
       0
       0
       0
       0
       0
       0
       0
       0
       0
       0
       0
       0
       0
       0
       0
       0
       0
       0
       0
       0
       0
       0
       0
       0
       0
       0
       0
       0
       0
       0
       0
       0
       0
       0
       0
       0
       0
       0
       0
       0
       0
       0
       0
       0
       0
       0
       0
       0
       0
       0
       0
       0
       0
       0
       0
       0
       0
       0
       0
       0
       0
       0
       0
       0
       0
       0
       0
       0
       0
       0
       0
       0
       0
       0
       0
       0
       0
       0
       0
       0
       0
       0
       0
       0
       0
       0
       0
       0
       0
       0
       0
       0
       0
       0
       0
       0
       0
       0
       0
       0
       0
       0
       0
       0
       0
       0
       0
       0
       0
       0
       0
       0
       0
       0
       0
       0
       0
       0
       0
       0
       0
       0
       0
       0
       0
       0
       0
       0
       0
       0
       0
       0
       0
       0
       0
       0
       0
       0
       0
       0
       0
       0
       0
       0
       0
       0
       0
       0
       0
       0
       0
       0
       0
       0
       0
       0
       0
       0
       0
       0
       0
       0
       0
       0
       0
       0
       0
       0
       0
       0
       0
       0
       0
       0
       0
       0
       0
       0
       0
       0
       0
       0
       0
       0
       0
       0
       0
       0
       0
       0
       0
       0
       0
       0
       0
       0
       0
       0
       0
       0
       0
       0
       0
       0
       0
       0
       0
       0
       0
       0
       0
       0
       0
       0
       0
       0
       0
       0
       0
       0
       0
       0
       0
       0
       1
       0
       0
       0
       0
       0
       0
       0
       0
       0
       0
       0
       0
       0
       0
       0
       0
       0
       0
       0
       0
       0
       0
       0
       0
       0
       0
       0
       0
       0
       0
       0
       0
       0
       0
       0
       0
       0
       0
       0
       0
       0
       0
       0
       0
       0
       0
       0
       0
       0
       0
       0
       0
       0
       0
       0
       0
       0
       0
       0
       0
       0
       0
       0
       0
       0
       0
       0
       0
       0
       0
       0
       0
       0
       0
       0
       0
       0
       0
       0
       0
       0
       0
       0
       0
       0
       0
       0
       0
       0
       0
       0
       0
       0
       0
       0
       0
       0
       0
       0
       0
       0
       0
       0
       0
       0
       0
       0
       0
       0
       0
       0
       0
       0
       0
       0
       0
       0
       0
       0
       0
       0
       0
       0
       0
       0
       0
       0
       0
       0
       0
       0
       0
       0
       0
       0
       0
       0
       0
       0
       0
       0
       0
       0
       0
       0
       0
       0
       0
       0
       0
       0
       0
       0
       0
       0
       0
       0
       0
       0
       0
       0
       0
       0
       0
       0
       0
       0
       0
       0
       0
       0
       0
       0
       0
       0
       0
       0
       0
       0
       0
       0
       0
       0
       0
       0
       0
       0
       0
       0
       0
       0
       0
       0
       0
       0
       0
       0
       0
       0
       0
       0
       0
       0
       0
       0
       0
       0
       0
       0
       0
       0
       0
       0
       0
       0
       0
       0
       0
       0
       0
       0
       0
       0
       0
       0
       0
       0
       0
       0
       0
       0
       0
       0
       0
       0
       0
       0
       0
       0
       0
       0
       0
       0
       0
       0
       0
       0
       0
       0
       0
       0
       0
       0
       0
       0
       0
       0
       0
       0
       0
       0
       0
       0
       0
       0
       0
       0
       0
       0
       0
       0
       0
       0
       0
       0
       0
       0
       0
       0
       0
       0
       0
       0
       0
       0
       0
       0
       0
       0
       0
       0
       0
       0
       0
       0
       0
       0
       0
       0
       0
       0
       0
       0
       0
       0
       0
       0
       0
       0
       0
       0
       0
       0
       0
       0
       0
       0
       0
       0
       0
       0
       0
       0
       0
       0
       0
       0
       0
       0
       0
       0
       0
       0
       0
       0
       0
       0
       0
       0
       0
       0
       0
       0
       0
       0
       0
       0
       0
       0
       0
       0
       0
       0
       0
       0
       0
       0
       0
       0
       0
       0
       0
       0
       0
       0
       0
       0
       0
       0
       0
       0
       0
       0
       0
       0
       0
       0
       0
       0
       0
       0
       0
       0
       0
       0
       0
       0
       0
       0
       0
       0
       0
       0
       0
       0
       0
       0
       0
       0
       0
       0
       0
       0
       0
       0
       0
       0
       0
       0
       0
       0
       0
       0
       0
       0
       0
       0
       0
       0
       0
       0
       0
       0
       0
       0
       0
       0
       0
       0
       0
       0
       0
       0
       0
       0
       0
       0
       0
       0
       0
       0
       0
       0
       0
       0
       0
       0
       0
       0
       0
       0
       0
       0
       0
       0
       0
       0
       0
       0
       0
       0
       0
       0
       0
       0
       0
       0
       0
       0
       0
       0
       0
       0
       0
       0
       0
       0
       0
       0
       0
       0
       0
       0
       0
       0
       0
       0
       0
       0
       0
       0
       0
       0
       0
$ROI:
0
$PRESETS:
Real Time
180
0
$ENER_FIT:
0.888569 0.390988
$MCA_CAL:
3
8.885689E-001 3.909876E-001 3.191953E-008 keV
$SHAPE_CAL:
3
0.000000E+000 0.000000E+000 0.000000E+000
