$SPEC_ID:
1
$SPEC_REM:
DET# 2
DETDESC# MCB 130 Normal
AP# Maestro Version 7.01
$DATE_MEA:
10/01/2019 19:50:43
$MEAS_TIM:
175 180
$DATA:
0 8191
       0
       0
       0
       0
       0
       0
       0
       0
       0
       0
       0
       0
       0
       0
       0
       0
       0
       0
       0
       0
       0
       0
       0
       0
       0
       0
      20
     680
     205
     108
     147
     194
     205
     207
     170
     168
     175
     162
     216
     270
     256
     254
     220
     179
     204
     194
     147
     144
     168
     179
     172
     160
     120
     127
     139
     130
     123
     137
     170
     158
     160
     171
     130
     158
     151
     151
     154
     154
     206
     241
     367
     436
     289
     234
     245
     254
     299
     323
     230
     202
     223
     196
     201
     180
     173
     177
     235
     309
     497
     729
     731
     473
     218
     140
     142
     142
     173
     196
     169
     152
     199
     260
     353
     281
     219
     181
     168
     144
     149
     134
     131
     129
     161
     142
     167
     165
     164
     163
     143
     126
     139
     157
     155
     160
     238
     291
     256
     174
     146
     146
     147
     159
     146
     143
     146
     166
     139
     136
     148
     161
     152
     140
     175
     213
     370
     456
     297
     189
     168
     173
     183
     165
     151
     187
     154
     161
     159
     144
     167
     175
     164
     186
     163
     194
     160
     185
     188
     189
     153
     153
     216
     171
     189
     165
     178
     180
     189
     157
     179
     203
     181
     201
     216
     205
     213
     223
     181
     219
     211
     209
     225
     211
     221
     189
     202
     196
     222
     181
     195
     204
     201
     189
     204
     239
     400
     562
     596
     338
     214
     174
     206
     202
     214
     228
     228
     236
     214
     214
     197
     221
     251
     216
     216
     203
     196
     215
     228
     208
     227
     217
     228
     285
     283
     233
     210
     238
     221
     235
     221
     334
     457
     407
     334
     253
     217
     225
     208
     220
     250
     454
     583
     550
     349
     310
     253
     228
     190
     229
     184
     209
     222
     206
     243
     290
     297
     265
     231
     188
     247
     340
     328
     287
     198
     191
     195
     173
     198
     187
     207
     189
     208
     223
     267
     285
     314
     228
     210
     207
     229
     198
     227
     225
     242
     215
     208
     229
     209
     228
     211
     193
     207
     195
     176
     170
     175
     195
     192
     196
     173
     238
     191
     197
     210
     199
     197
     183
     199
     194
     205
     170
     194
     185
     176
     177
     159
     173
     178
     199
     182
     191
     192
     201
     185
     204
     192
     175
     177
     182
     186
     186
     177
     191
     168
     212
     182
     180
     183
     197
     184
     184
     172
     182
     155
     173
     158
     223
     496
    1277
    1813
    1408
     539
     233
     172
     156
     160
     149
     155
     159
     154
     203
     258
     255
     188
     190
     158
     157
     147
     140
     163
     145
     156
     163
     200
     176
     151
     187
     166
     152
     157
     143
     134
     150
     149
     131
     127
     127
     129
     139
     151
     140
     145
     140
     150
     143
     158
     134
     103
     132
     126
     139
     143
     141
     110
     151
     141
     161
     158
     142
     139
     118
     113
     135
     158
     132
     134
     128
     132
     152
     142
     164
     133
     129
     139
     131
     116
     136
     119
     120
     125
     127
     146
     109
     113
     134
     118
     101
     101
     119
     142
     132
     134
     141
     134
     140
     140
     139
     127
     134
     117
     125
     149
     210
     233
     191
     155
     132
     133
     120
     106
     125
     129
     121
     113
     121
     134
     117
     134
     114
     133
     125
     129
     121
     119
     101
     141
     116
     129
     131
     126
     115
     130
     129
     114
     102
     113
     121
      94
     110
     107
     125
     118
     116
     125
     116
     109
      98
      98
     110
     122
     113
      96
     106
     112
     111
     127
     103
     107
     117
     105
      97
     109
     103
      97
     116
     109
     117
     117
      99
     106
     117
      93
     138
      99
     110
      99
     102
     114
     112
     106
     114
     117
     103
      83
      99
     107
      87
     104
     108
     101
     105
     107
     108
     108
      95
      98
     108
      94
      94
     101
      90
      98
      89
     101
     102
      87
     105
      97
      86
     101
     115
     106
      88
      97
      93
      95
      91
      89
      94
     102
     106
     132
     297
     698
     929
     696
     331
     151
      76
      91
     103
     102
     136
     133
     106
      83
     100
     106
     106
      89
      85
      73
      83
     101
      96
      94
      73
      98
      96
     109
     104
      84
      98
      83
      87
      96
      87
     106
      95
      73
      85
      84
      74
      98
      74
      73
      79
      74
      92
      90
      81
      96
      67
      68
      83
      79
     176
     618
    1449
    1983
    1496
     627
     165
      98
      82
      78
      91
      79
      73
      84
      95
      96
      85
      82
      68
      72
      77
      76
      71
      76
      75
      86
      71
      65
      73
      67
      78
      58
      72
      59
      78
      85
      90
      87
      77
      61
      60
      54
      76
      67
      79
     101
     135
     148
     101
     102
      74
      73
      58
      75
      65
      83
      59
      73
      60
      72
      68
      83
      88
      61
      55
      77
      77
      80
      74
      92
      69
      70
      82
      84
     122
      79
      89
      61
      65
      83
      41
      67
      77
      72
      74
      79
      76
      50
      70
      88
      71
      81
      71
      70
      84
      73
      67
      55
      58
      67
      79
      55
      79
      63
      70
      70
      61
      72
      66
      57
      51
      77
     165
     440
     676
     647
     371
     138
      87
      65
      81
      68
      86
      62
      59
      56
      71
      72
      88
      77
      71
      55
      58
      71
      60
      70
      64
      56
      51
      66
      58
      56
      58
      84
      86
      75
      67
      70
      69
      71
      75
      65
      63
      69
      63
      81
      57
      50
      67
      58
      74
      60
      48
      60
      65
      66
      68
      58
      59
      63
      75
      58
      75
      69
      86
      87
      74
      69
      66
      67
      90
     108
      90
      62
      60
      55
      57
      55
      65
      67
      56
      62
      79
      60
      43
      74
      61
      63
      65
      65
      61
      53
      62
      73
      66
     103
      76
      67
      58
      65
      50
      57
      58
      61
      57
      46
      70
      60
      53
      57
      59
      76
      47
      62
      51
      49
      75
      53
      57
      63
      78
      59
      76
      65
      76
      70
      69
      59
      40
      63
      51
      50
      63
      60
      43
      53
      49
      65
      40
      50
      46
      55
      59
      66
      59
      51
      67
      69
      57
      75
      66
      94
      91
      81
      79
      78
      73
      64
      47
      59
      60
      64
      67
      63
      86
      78
      78
      55
      53
      57
      68
      46
      33
      58
      48
      55
      37
      49
      46
      51
      57
      45
      57
      60
      68
     101
     171
     180
     156
      90
      63
      69
      53
      50
      50
      44
      46
      51
      47
      42
      51
      36
      60
      62
      54
      51
      42
      59
      42
      47
      48
      39
      28
      47
      49
      46
      44
      47
      36
      39
      45
      36
      39
      55
      36
      52
      48
      63
      42
      48
      53
      38
      34
      29
      56
      45
      32
      33
      39
      37
      42
      35
      42
      48
      43
      51
      48
      47
      47
      41
      44
      54
      38
      36
      41
      53
      55
      45
      37
      43
      59
      44
      38
      34
      40
      45
      34
      38
      36
      46
      46
      54
      48
      30
      42
      39
      46
      41
      41
      56
      39
      42
      36
      42
      50
      43
      37
      33
      42
      39
      32
      35
      40
      45
      48
      51
      37
      40
      48
      35
      43
      39
      44
      34
      35
      35
      36
      40
      32
      42
      26
      41
      34
      41
      31
      53
      38
      37
      47
      42
      51
      59
      49
      62
      46
      48
      34
      33
      32
      34
      37
      39
      49
      39
      33
      46
      43
      31
      48
      53
      39
      36
      42
      45
      38
      39
      28
      42
      45
      41
      39
      41
      26
      40
      47
      44
      41
      37
      33
      41
      49
      42
      29
      43
      36
      53
      47
      31
      37
      49
      46
      54
      37
      38
      43
      33
      28
      39
      50
      41
      41
      56
      49
      32
      35
      40
      37
      25
      32
      33
      34
      36
      43
      41
      42
      49
      48
      43
      29
      31
      45
      42
      41
      44
      42
      41
      40
      35
      29
      29
      40
      43
      36
      42
      40
      36
      32
      39
      37
      32
      34
      35
      46
      33
      39
      51
      41
      36
      30
      37
      40
      35
      43
      43
      47
      42
      31
      44
      37
      44
      47
      40
      37
      42
      52
      49
      33
      42
      35
      44
      43
      51
      57
      54
      39
      44
      34
      29
      37
      47
      42
      25
      41
      36
      34
      43
      47
      35
      34
      35
      40
      48
      41
      52
      34
      30
      35
      26
      33
      25
      35
      41
      35
      37
      32
      30
      39
      32
      49
      41
      35
      31
      28
      24
      33
      26
      26
      31
      36
      55
      76
      64
      76
      39
      41
      31
      31
      33
      47
      48
      46
      50
      33
      34
      32
      41
      31
      31
      24
      39
      32
      30
      37
      26
      39
      54
      39
      68
      57
      43
      43
      26
      30
      34
      40
      33
      28
      21
      22
      36
      34
      29
      38
      26
      27
      31
      27
      51
      56
      47
      45
      33
      41
      71
      71
      60
      45
      29
      39
      33
      54
      48
      54
      42
      30
      27
      32
      44
      39
      27
      33
      33
      31
      31
      27
      28
      25
      37
      30
      37
      24
      27
      36
      27
      29
      32
      26
      29
      34
      28
      57
      62
      77
      94
      53
      43
      26
      26
      28
      40
      45
      45
      53
      52
      42
      31
      28
      77
     183
     452
     708
     751
     471
     240
      85
      32
      40
      27
      27
      32
      30
      25
      28
      28
      23
      37
      36
      35
      52
      67
      60
      54
      37
      25
      26
      20
      28
      22
      31
      28
      30
      32
      32
      27
      33
      31
      27
      25
      28
      34
      23
      33
      28
      37
      45
      34
      32
      32
      23
      39
      25
      31
      31
      30
      33
      23
      21
      19
      25
      29
      24
      25
      25
      39
     103
     161
     225
     238
     165
      77
      40
      23
      22
      17
      25
      23
      17
      26
      18
      22
      15
      25
      17
      26
      32
      15
      19
      23
      26
      22
      15
      18
      24
      20
      18
      19
      20
      25
      16
      23
      19
      19
      19
      25
      24
      15
      15
      25
      19
      30
      19
      25
      21
      19
      25
      13
      20
      26
      18
      14
      24
      25
      20
      15
      16
      29
      30
      19
      16
      13
      16
      16
      22
      21
      24
      24
      26
      23
      27
      15
      18
      16
      17
      18
      19
      20
      25
      23
      20
      25
      23
      15
      15
      14
      20
      22
      24
      21
      19
      15
      19
      16
      16
      20
      20
      17
       9
      13
      19
      15
      23
      18
      17
      17
      19
      14
      17
      16
      14
      18
      20
      12
      23
      20
      20
      16
      22
      23
      28
      17
      17
      22
      20
      18
      16
      19
      11
      18
      16
      33
      40
      45
      40
      40
      41
      31
      30
      24
      18
      12
      14
      22
      15
      14
      17
      16
      19
      11
      17
      19
      13
      24
      17
      14
      21
      19
      21
      15
      20
      17
      14
      20
      28
      13
      27
      11
      17
      10
      17
      24
      16
      14
       9
      18
      12
      14
      10
      16
      16
      20
      11
      10
      23
      14
      28
      25
      38
      48
      51
      47
      32
      12
      21
      10
      12
      15
      14
      11
      15
       5
      18
      13
      19
      16
      18
      22
      24
      21
      18
      14
       9
       9
      14
      12
      17
      11
      18
      13
      18
      17
      12
      12
       8
      10
      16
      14
      20
       9
      11
      15
      10
      16
       9
       9
      13
      13
      10
      18
      16
      23
      33
      16
      22
      21
      28
      28
      57
      43
      32
      29
      16
      14
       9
      10
      15
      49
     105
     246
     468
     603
     515
     312
     133
      37
      16
      13
       7
      12
      16
      13
      15
      14
      10
      16
      23
      30
      48
      28
      12
      22
      43
      76
     193
     274
     275
     194
     117
      49
      32
      29
      20
      25
      18
      19
      36
       9
      17
      13
       8
       8
      11
       8
      11
      11
       6
       9
       7
       9
      10
      15
       3
      12
      11
      14
      11
      21
      14
      13
       9
      10
       6
      11
       6
       9
       9
      14
      15
      11
       7
      10
      10
      12
       8
       6
       6
      14
       8
      17
       6
      12
       9
      11
      12
       4
       9
      11
       8
       9
      15
      11
      15
      11
       9
       9
       5
       8
      10
       4
       8
       6
       9
       9
       6
      15
       9
      10
       7
       6
      11
       8
      10
       7
      13
      13
      14
      21
      19
      14
      12
      13
      15
       9
      16
      18
      17
      20
      15
      14
       7
       8
      10
       6
      13
      10
       6
       9
      12
      12
       4
       9
      11
      12
      16
      11
      14
       8
      16
      10
      13
      16
       9
       6
       7
       9
      10
      11
       8
      11
       8
      10
      16
      21
      43
      39
      26
      20
      17
      22
      28
      21
      15
      16
      14
      16
      11
      16
      13
      24
      19
      12
       9
      15
      12
      11
      11
      14
      12
       9
      12
      13
       9
       6
      12
       7
      10
       5
       9
      13
       8
       8
       9
       9
      13
       7
      22
      29
      40
      55
      52
      46
      25
      16
       8
      16
      82
     191
     318
     452
     376
     284
     140
      51
      15
       7
       7
       9
       7
       7
       4
      13
      16
      23
      51
      63
      63
      61
      41
      22
      16
      11
       6
       9
      12
      10
       5
       7
       9
       7
      12
       8
      18
      19
      20
      16
      12
      11
       4
       6
       7
       9
       9
       7
      11
      11
       6
       9
       7
       3
       8
      10
       6
       8
      12
       7
       5
       9
      11
       4
      11
      13
       6
       7
      11
       8
       8
       8
       9
       6
      19
      35
      79
     135
     188
     187
     132
      90
      41
      19
       9
      14
       9
       9
       9
      12
      20
      21
      30
      24
      23
      15
       8
      14
      13
       2
      10
       8
       7
       7
      10
       4
      12
       7
      10
       5
       6
       8
       6
       2
      10
       8
      10
       6
       9
       3
       2
       9
      10
       9
      11
       7
      11
       3
       5
      12
       7
      13
      13
      16
      14
      16
       9
      12
       5
       8
       7
      10
       8
       5
       8
       5
      12
       4
       5
       8
      10
       9
       5
       3
       8
       5
       9
       5
       7
       9
      11
       9
       6
      13
       9
      10
       9
      14
       8
       4
       7
       5
       7
      15
      11
       8
       8
      16
      12
      22
      24
      13
      13
      10
       9
       7
      13
      11
      15
      23
      11
       8
      11
       7
       7
       5
       6
       7
       9
      14
       9
      10
       7
      11
      10
      13
       7
       9
      10
       7
       9
       4
       7
       4
       4
       5
       5
       6
       8
      12
       5
       8
       4
       7
      10
       6
      12
       5
       7
      12
      10
       3
       6
       4
       6
       7
       7
       5
       9
       9
      10
      10
      14
       9
      10
       9
       7
       8
       7
      10
       9
       4
       7
       4
       6
       5
       4
       6
       9
       7
       6
       6
       8
       5
       5
       6
      10
       4
       6
       8
       7
       7
       6
       7
       3
       5
       7
       5
       4
       9
      10
      12
      11
      10
       8
       8
       6
       6
       6
      11
       8
      11
      14
      14
       6
       8
      12
       4
       7
       9
       6
       8
       7
      10
       6
       7
       6
       4
       6
       7
       3
       2
       5
       2
       8
      10
      10
       5
       4
       7
       5
      12
       7
       3
       8
       5
       4
       9
       7
      14
       6
       8
       3
       6
      13
       9
       5
      11
       7
      14
      20
      16
      23
      20
      11
       6
      12
       8
       5
       7
      12
      10
      22
      21
       7
      13
      11
       7
       7
       9
       9
       6
       5
       4
       5
       4
       5
       9
       6
       5
       7
       6
       4
       4
       7
       7
       7
       7
       5
       8
       3
       4
       1
      10
       4
       6
       4
       4
       7
       6
      10
       5
       6
       8
       6
       5
       4
       5
       6
       6
       4
      11
       5
       5
       3
       3
       7
       2
       7
       5
       3
       9
       6
       6
       5
       5
       1
       9
       7
       3
       6
       5
      11
       6
       4
       2
      10
       4
       4
       9
      10
       8
       5
      11
      15
       9
       4
       4
       8
       7
       5
       3
       3
       6
       3
       6
       4
       6
       2
       2
       8
       6
       5
      11
       8
       4
       6
       3
      11
       7
       4
       1
       5
       7
       7
       7
       4
      12
      17
      18
      11
      16
      14
      11
      10
       7
       5
       9
       0
       4
       5
       5
       2
       7
       5
       8
       3
       5
       5
       8
       4
       7
       6
       5
       7
       2
       7
       4
       5
       8
       6
       5
       7
       8
       7
       4
       5
       9
       4
       3
       3
       4
       6
       5
       7
       5
      15
       3
       3
       5
       4
       5
       5
       6
       8
      13
      10
       5
       8
       7
       3
       3
       3
       4
       1
       3
       8
       7
       5
       6
       5
      10
      12
      22
      38
      29
      26
      15
      12
       7
       8
       6
       2
       5
       3
       2
       8
       8
       5
       5
       6
       8
       8
      11
       6
       8
      10
       7
       5
      15
       7
       4
       9
      11
      16
      15
      12
       5
       7
       5
       4
       5
       7
       8
       5
       7
       3
       2
       7
       9
       7
       5
       4
       4
       6
       6
       6
       4
       8
       2
       8
       3
       4
       3
       4
       4
       0
       1
       2
       1
       1
       3
       7
       4
      10
       4
       3
       7
      12
       4
       7
       9
       7
       2
       3
       3
       1
       5
       5
       3
       8
      10
       4
       7
       2
       7
       7
       6
       4
       5
       3
       7
       3
       2
       4
       3
       3
       7
      10
       4
       2
       2
       3
       8
       6
       7
       3
       4
       6
       2
       5
       3
       4
      10
       5
       8
       5
       5
       4
       2
       4
       3
       2
       7
       5
       4
       4
       5
       8
       0
       4
       8
       6
       4
       8
       4
       9
       4
       3
       7
       6
       5
       1
       3
       3
       2
       3
       3
       2
       6
       6
       5
       4
       8
       7
       4
       8
       6
       5
       3
       7
       8
       0
       7
       6
      10
       9
       7
       4
       9
      16
      40
      66
      65
      67
      31
      16
       9
       3
       1
       3
       4
       3
       2
       7
       5
       9
       5
       9
       4
       6
       8
       7
       3
       3
       3
       2
       2
       2
       5
       5
       5
       3
       4
       5
       0
       6
       8
       5
       9
      10
       7
       7
       5
       2
       4
       5
       8
       2
       3
       2
       5
       3
       3
       4
       4
       5
       4
       4
       5
       8
       2
       3
       4
       7
       6
       6
       5
       7
       5
       5
       4
       4
       8
       7
       3
       7
       9
       7
       1
       4
       4
       2
       7
       3
       4
       3
       6
       4
       1
       6
       3
       5
       8
       4
       2
       1
       7
       2
       3
       5
       5
       2
       3
       1
       4
       1
       2
       1
       4
       3
       3
       3
       8
       5
       8
       3
       4
       0
       5
       4
       6
       1
       4
       4
       6
       2
       2
       5
       7
       3
       4
       1
       3
       3
       5
       1
       4
       3
       1
       3
       6
       2
       3
       2
       2
       3
       3
       3
       4
       4
       3
       3
       3
       3
       4
       2
       6
       4
       3
       2
       2
       5
       1
       1
       4
       5
       3
       4
       1
       4
       2
       3
       4
       3
       2
       4
       2
       1
       3
       6
       3
       2
       3
       2
       1
       4
       2
       1
       4
       3
       1
       4
       5
       3
       3
       7
       3
       2
       5
       4
       6
       4
       5
       3
       5
       6
       5
       2
       0
       3
       3
       1
       4
       3
       4
       3
       4
       2
       5
       1
       4
       2
       4
       2
       9
       5
       4
       4
       3
       3
       7
       6
       2
       5
       4
       0
       4
       4
       4
       5
       2
       1
       3
       3
       5
      10
      10
      13
       6
       8
       4
       8
       7
       7
       3
      11
       3
       9
       2
      10
      12
       5
       3
       3
       3
       4
       3
       1
       3
       1
       2
       6
       5
       6
      12
      13
      18
      17
      21
       9
      10
       5
       3
       4
       5
       1
       9
       5
       6
       2
      11
       4
       7
       2
       1
       2
       5
       4
       1
       0
       2
       6
       1
       6
       2
       2
       5
       5
       7
       2
       3
       4
       4
       1
       4
       6
       2
      11
       8
      13
       8
       3
       5
       5
       3
       2
       2
       4
       0
       3
       3
       1
       3
       5
       3
       1
       4
       3
       5
       4
       4
       1
       7
       4
       3
       4
       2
       5
       6
       2
       2
       4
       4
       3
       3
       0
       1
       1
       3
       3
       2
       2
       1
       1
       4
       2
       1
       4
       1
       3
       0
       5
       7
       7
       1
       1
       5
       2
       3
       6
       5
       5
       4
      16
      10
      10
       7
       6
       6
       1
       3
       6
       6
       4
       8
       5
      10
       6
       7
       7
       2
       2
       3
       4
       1
       2
       4
       3
       2
       2
       4
       3
       0
       1
       3
       4
       2
       3
       2
       1
       3
       5
       2
       2
       0
       1
       3
       4
       3
       2
       3
       3
       5
       0
       3
       4
       4
       4
       1
       8
       0
       2
       1
       2
       0
       2
       2
       0
       2
       3
       4
       0
       4
       6
       2
       3
       3
       0
       2
       3
       1
       1
       5
       4
       1
       5
       2
       2
       5
       3
       5
       5
       6
       4
       0
       1
       3
       1
       1
       1
       1
       6
       3
       4
       2
       3
       4
       2
       4
       0
       1
       5
       2
       1
       3
       2
       3
       3
       2
       5
       1
       3
       6
       3
       2
       4
       3
       1
       2
       1
       3
       2
       3
       4
       2
       4
       3
       3
       4
       1
       5
       2
       7
       3
       4
       2
       7
       2
       1
       4
       5
       3
       2
       1
       4
       3
       3
       1
       3
       1
       2
       5
       4
       4
       5
       4
       7
       8
      10
       3
      10
       3
       0
       8
       1
       2
       4
       2
       3
       2
       6
       3
       5
       2
       2
       4
       1
       4
       0
       1
       4
       3
       1
       1
       4
       0
       5
       1
       1
       5
       2
       2
       2
       3
       0
       2
       5
       4
       3
       3
       6
       5
       2
       3
       4
       1
       3
       4
       1
       3
       4
       2
       1
       6
       9
      15
      20
      23
      19
      10
       8
       3
       4
       0
       4
       3
       0
       7
       1
       3
       3
       1
       3
       2
       2
       5
       5
       2
       3
       3
       0
       3
       3
       4
       7
       1
       5
       4
       1
       3
       3
       1
       3
       1
       4
       3
       4
       2
       5
       9
       6
       1
       3
       1
       2
       4
       1
       4
       4
       3
       4
       1
       5
       1
       5
       5
       5
       3
       0
       3
       2
       2
       1
       0
       2
       1
       1
       2
       3
       2
       2
       4
       3
       4
       6
       3
       2
       1
       3
       4
       4
       6
       4
       5
       2
       3
       8
       2
       3
       8
       5
       6
       7
       3
       6
       7
       6
       5
       3
       2
       3
       3
       1
       4
       0
       2
       1
       3
       1
       1
       2
       5
       2
       2
       4
       1
       5
       1
       4
       3
       3
       1
       2
       2
       2
       2
       2
       3
       2
       4
       2
       1
       1
       0
       1
       3
       3
       4
       5
       0
       2
       2
       0
       1
       2
       2
       1
       1
       0
       3
       3
       4
       2
       2
       3
       1
       1
       0
       1
       0
       1
       2
       2
       2
       1
       1
       4
       1
       3
       2
       2
       5
       0
       3
       0
       1
       1
       6
       5
       3
       4
       4
       7
       4
       4
       3
       3
       1
       0
       2
       1
       2
       2
       0
       2
       2
       2
       1
       0
       1
       1
       0
       3
       1
       3
       1
       0
       1
       1
       0
       2
       0
       1
       1
       1
       1
       2
       3
       1
       2
       3
       4
       0
       5
       2
       3
       0
       2
       0
       2
       0
       3
       0
       1
       1
       2
       2
       2
       2
       2
       3
       1
       0
       2
       2
       2
       1
       3
       0
       0
       1
       2
       1
       0
       3
       3
       1
       4
       6
       5
       1
       3
       4
       2
       1
       3
       1
       0
       3
       0
       2
       1
       2
       1
       0
       4
       2
       0
       1
       3
       4
       6
       5
       2
       5
       5
       2
       3
       0
       3
       1
       2
       4
       1
       3
       3
       2
       1
       2
       2
       3
       1
       0
       1
       2
       0
       0
       1
       1
       4
       1
       3
       2
       3
       1
       3
       1
       1
       3
       3
       1
       2
       1
       0
       1
       1
       0
       1
       0
       1
       2
       0
       1
       2
       1
       2
       0
       0
       2
       5
       0
       0
       0
       1
       2
       4
       5
       3
       9
       5
       8
      12
       6
       4
       3
       1
       2
       3
       3
       2
       1
       2
       2
       3
       4
       2
       0
       3
       0
       1
       1
       3
       3
       1
       2
       3
       2
       3
       2
       2
       2
       0
       1
       2
       0
       1
       2
       1
       1
       4
       6
       3
       0
       6
       2
       0
       2
       4
       3
       1
       2
       4
       2
       1
       1
       0
       2
       2
       1
       0
       2
       2
       2
       1
       3
       3
       2
       1
       2
       1
       3
       0
       2
       2
       3
       1
       1
       2
       2
       2
       3
       0
       4
       2
       1
       0
       1
       3
       0
       1
       0
       1
       1
       1
       0
       2
       1
       1
       1
       2
       1
       2
       3
       0
       2
       3
       0
       0
       2
       0
       2
       2
       4
       4
       2
       1
       1
       4
       4
       1
       1
       2
       1
       0
       0
       2
       0
       1
       1
       3
       2
       4
       1
       1
       0
       4
       2
       3
       2
       1
       0
       3
       0
       2
       1
       5
       2
       2
       3
       3
       4
       5
       4
       7
       6
       7
       6
      10
      22
      29
      23
      30
      11
      14
       8
       6
       1
       0
       0
       3
       1
       1
       2
       1
       0
       0
       0
       1
       1
       1
       1
       1
       2
       1
       2
       3
       0
       1
       0
       1
       1
       1
       2
       4
       2
       1
       1
       1
       2
       0
       1
       0
       2
       2
       0
       1
       3
       1
       2
       2
       1
       1
       2
       2
       1
       1
       2
       0
       0
       2
       0
       1
       1
       0
       1
       1
       0
       1
       2
       1
       0
       1
       1
       1
       0
       1
       2
       0
       1
       1
       1
       1
       0
       1
       0
       0
       1
       1
       1
       0
       2
       0
       0
       1
       3
       1
       1
       0
       1
       0
       1
       0
       2
       2
       0
       1
       2
       1
       0
       1
       1
       1
       1
       1
       0
       4
       0
       0
       1
       2
       1
       3
       2
       3
       2
       4
       1
       1
       1
       1
       0
       2
       0
       0
       1
       1
       1
       2
       2
       2
       0
       2
       1
       3
       0
       1
       1
       1
       0
       0
       0
       1
       1
       1
       0
       0
       1
       0
       4
       0
       2
       0
       0
       1
       0
       4
       0
       0
       1
       0
       1
       1
       1
       1
       1
       4
       0
       0
       1
       1
       2
       0
       1
       2
       0
       1
       3
       2
       1
       0
       1
       4
       0
       2
       3
       0
       2
       2
       1
       0
       3
       0
       0
       1
       2
       1
       1
       0
       1
       0
       0
       2
       2
       1
       1
       2
       2
       1
       1
       1
       1
       3
       1
       2
       1
       0
       2
       0
       1
       0
       2
       0
       0
       0
       2
       0
       0
       1
       0
       1
       1
       1
       0
       1
       3
       1
       0
       0
       0
       1
       1
       1
       2
       0
       0
       2
       1
       1
       1
       2
       2
       0
       0
       2
       2
       0
       1
       1
       2
       0
       1
       1
       1
       0
       0
       1
       2
       1
       1
       0
       3
       0
       0
       1
       2
       1
       1
       0
       0
       0
       0
       4
       3
       0
       0
       2
       0
       0
       2
       1
       3
       2
       1
       1
       1
       1
       0
       0
       0
       0
       1
       2
       1
       1
       0
       1
       0
       0
       2
       1
       4
       0
       3
       1
       0
       1
       3
       4
       0
       0
       3
       2
       1
       0
       1
       3
       0
       3
       2
       0
       1
       2
       3
       5
      11
      16
      23
      17
      14
      16
       9
       3
       3
       1
       1
       0
       1
       0
       2
       1
       0
       0
       0
       0
       0
       1
       1
       1
       0
       0
       0
       0
       2
       0
       1
       0
       0
       1
       0
       0
       0
       1
       0
       0
       0
       0
       1
       1
       0
       1
       2
       0
       0
       1
       0
       2
       0
       2
       2
       1
       0
       1
       0
       2
       0
       1
       1
       2
       2
       0
       0
       0
       0
       0
       1
       0
       0
       1
       0
       0
       1
       0
       1
       1
       1
       2
       0
       1
       0
       1
       0
       1
       1
       1
       2
       0
       3
       1
       0
       0
       0
       0
       0
       2
       0
       0
       1
       1
       1
       0
       0
       1
       1
       0
       1
       2
       2
       0
       0
       3
       2
       0
       0
       1
       0
       0
       0
       0
       1
       1
       0
       1
       2
       1
       1
       0
       0
       1
       1
       1
       1
       2
       2
       0
       2
       1
       3
       0
       1
       1
       2
       1
       1
       0
       0
       0
       0
       0
       0
       0
       2
       1
       2
       0
       0
       0
       0
       2
       0
       0
       0
       1
       0
       1
       0
       2
       0
       0
       1
       0
       0
       0
       1
       0
       1
       0
       1
       0
       0
       2
       1
       0
       0
       0
       0
       1
       1
       0
       1
       1
       0
       0
       0
       0
       0
       0
       0
       0
       0
       1
       0
       1
       1
       2
       4
       6
       6
       5
       7
       3
       0
       1
       0
       1
       0
       0
       0
       1
       1
       2
       1
       0
       2
       0
       0
       0
       1
       0
       1
       1
       0
       1
       0
       0
       0
       0
       0
       0
       0
       1
       0
       0
       1
       0
       1
       1
       0
       0
       1
       1
       1
       0
       0
       1
       0
       1
       1
       1
       0
       0
       0
       0
       1
       0
       1
       0
       0
       0
       0
       0
       1
       2
       0
       1
       0
       1
       0
       0
       0
       3
       4
       0
       3
       2
       0
       1
       1
       2
       0
       1
       1
       1
       1
       0
       0
       0
       0
       1
       0
       1
       0
       0
       0
       0
       1
       0
       1
       0
       1
       0
       0
       0
       1
       1
       0
       1
       1
       0
       1
       1
       1
       1
       0
       1
       1
       1
       1
       0
       0
       0
       0
       1
       0
       1
       0
       1
       2
       0
       2
       0
       0
       1
       0
       0
       0
       0
       0
       1
       0
       0
       0
       2
       0
       0
       0
       1
       1
       0
       0
       1
       0
       0
       0
       0
       0
       1
       0
       0
       1
       0
       0
       0
       2
       0
       0
       0
       0
       0
       0
       1
       0
       0
       1
       1
       0
       0
       1
       0
       0
       2
       1
       1
       3
       0
       2
       1
       0
       0
       0
       0
       0
       0
       2
       0
       0
       0
       0
       1
       0
       0
       0
       0
       0
       2
       0
       0
       1
       1
       1
       0
       0
       0
       1
       1
       1
       1
       2
       4
       3
       1
       3
       1
       3
       1
       0
       0
       0
       2
       0
       3
       0
       0
       1
       0
       0
       1
       0
       1
       0
       0
       0
       1
       2
       1
       0
       0
       0
       1
       0
       0
       1
       0
       0
       0
       0
       0
       1
       0
       0
       0
       0
       1
       1
       0
       0
       0
       0
       0
       1
       1
       0
       0
       0
       1
       0
       1
       0
       1
       0
       1
       0
       1
       0
       1
       4
       3
       3
       3
       1
       1
       1
       2
       0
       0
       0
       0
       0
       0
       0
       0
       0
       0
       0
       0
       1
       0
       0
       0
       0
       0
       0
       0
       0
       0
       0
       0
       0
       0
       1
       1
       1
       0
       0
       0
       0
       1
       0
       0
       0
       0
       0
       0
       1
       0
       1
       0
       0
       0
       1
       0
       0
       0
       1
       0
       0
       1
       0
       1
       0
       0
       0
       1
       2
       0
       0
       0
       0
       0
       0
       0
       0
       0
       1
       0
       0
       1
       0
       0
       0
       0
       1
       0
       1
       0
       0
       0
       3
       0
       0
       0
       0
       0
       0
       0
       1
       0
       0
       0
       1
       1
       1
       1
       1
       0
       0
       0
       0
       0
       0
       2
       2
       1
       0
       0
       0
       0
       0
       1
       0
       0
       0
       0
       0
       1
       0
       0
       0
       0
       0
       0
       0
       0
       0
       0
       1
       1
       1
       3
       1
       1
       3
       0
       2
       0
       0
       0
       0
       1
       0
       0
       0
       0
       1
       0
       1
       0
       0
       1
       0
       0
       0
       0
       0
       0
       1
       0
       0
       0
       0
       0
       0
       0
       0
       0
       0
       0
       2
       0
       0
       0
       0
       1
       1
       0
       0
       0
       0
       0
       0
       0
       0
       0
       1
       0
       0
       2
       1
       1
       3
       0
       1
       0
       0
       0
       0
       1
       1
       0
       1
       0
       1
       0
       0
       1
       0
       1
       1
       0
       0
       0
       0
       0
       0
       1
       0
       1
       0
       1
       0
       0
       0
       1
       0
       0
       0
       0
       0
       0
       0
       0
       0
       0
       0
       0
       0
       1
       0
       0
       0
       0
       1
       0
       0
       0
       0
       1
       0
       0
       0
       0
       0
       0
       0
       0
       0
       0
       0
       0
       0
       0
       0
       0
       0
       0
       0
       0
       0
       0
       0
       0
       0
       0
       0
       0
       0
       0
       0
       0
       0
       1
       0
       0
       0
       0
       0
       0
       1
       0
       0
       0
       0
       0
       0
       0
       0
       0
       1
       0
       0
       0
       0
       1
       0
       0
       0
       0
       2
       1
       2
       1
       1
       0
       0
       1
       2
       2
       1
       0
       1
       0
       0
       0
       1
       0
       0
       0
       0
       0
       0
       0
       0
       0
       0
       1
       0
       1
       0
       1
       1
       0
       1
       1
       0
       0
       0
       0
       0
       0
       0
       1
       1
       0
       1
       0
       0
       0
       0
       0
       0
       0
       0
       0
       1
       0
       0
       0
       0
       0
       0
       1
       0
       0
       1
       0
       0
       2
       0
       0
       0
       1
       0
       0
       0
       0
       1
       0
       1
       0
       0
       1
       0
       0
       0
       0
       0
       2
       0
       1
       0
       0
       0
       0
       0
       1
       0
       0
       0
       0
       0
       0
       0
       0
       0
       0
       0
       0
       0
       0
       0
       0
       0
       0
       0
       0
       0
       0
       1
       0
       0
       0
       0
       0
       0
       0
       0
       0
       1
       0
       0
       0
       0
       0
       1
       0
       0
       0
       0
       0
       0
       0
       0
       0
       1
       0
       0
       0
       0
       0
       0
       0
       0
       0
       0
       1
       0
       0
       1
       0
       0
       1
       0
       0
       0
       0
       0
       0
       0
       1
       0
       2
       0
       0
       1
       0
       1
       0
       0
       0
       1
       0
       0
       0
       0
       1
       0
       0
       0
       0
       0
       1
       1
       0
       0
       0
       0
       0
       0
       0
       0
       0
       0
       0
       0
       0
       1
       0
       0
       1
       0
       0
       1
       2
       0
       2
       1
       0
       0
       2
       0
       0
       1
       0
       0
       0
       0
       0
       0
       0
       0
       0
       0
       0
       0
       0
       0
       0
       0
       0
       0
       2
       0
       0
       0
       0
       0
       0
       0
       0
       0
       0
       0
       0
       0
       0
       0
       0
       0
       0
       0
       0
       0
       0
       0
       0
       1
       0
       1
       1
       0
       0
       1
       0
       0
       0
       0
       0
       0
       0
       0
       0
       0
       0
       0
       0
       0
       0
       0
       0
       0
       0
       0
       1
       0
       1
       0
       0
       0
       0
       1
       2
       0
       0
       0
       1
       1
       0
       0
       0
       0
       0
       0
       0
       0
       0
       0
       0
       0
       0
       0
       0
       0
       0
       0
       1
       2
       0
       0
       0
       0
       1
       0
       0
       0
       0
       0
       0
       0
       0
       0
       0
       1
       0
       2
       0
       0
       0
       0
       1
       1
       0
       0
       0
       0
       0
       0
       0
       0
       0
       0
       0
       0
       0
       0
       0
       0
       0
       0
       0
       0
       0
       0
       0
       0
       0
       0
       0
       0
       0
       0
       0
       0
       0
       0
       0
       1
       0
       1
       0
       0
       0
       0
       0
       0
       0
       0
       0
       0
       0
       1
       0
       0
       0
       0
       1
       0
       0
       0
       0
       0
       0
       0
       0
       0
       0
       0
       0
       0
       0
       0
       0
       0
       0
       0
       0
       0
       0
       1
       1
       0
       0
       0
       0
       0
       0
       1
       0
       0
       0
       0
       0
       1
       0
       0
       0
       1
       0
       0
       0
       0
       0
       0
       0
       0
       0
       1
       0
       0
       0
       1
       0
       0
       0
       1
       0
       0
       0
       0
       0
       0
       1
       1
       1
       0
       0
       0
       1
       0
       1
       1
       0
       0
       0
       1
       0
       0
       0
       0
       0
       0
       0
       0
       0
       0
       0
       0
       0
       0
       0
       0
       0
       0
       0
       0
       0
       0
       0
       0
       0
       0
       0
       0
       0
       0
       1
       0
       0
       0
       0
       0
       0
       0
       0
       0
       1
       0
       0
       0
       0
       0
       0
       0
       0
       0
       0
       0
       0
       0
       0
       1
       0
       1
       0
       1
       0
       0
       0
       0
       0
       0
       0
       0
       0
       1
       0
       1
       0
       1
       0
       1
       0
       1
       0
       0
       0
       0
       0
       0
       0
       0
       0
       0
       0
       0
       0
       0
       1
       0
       0
       0
       0
       1
       0
       0
       0
       1
       0
       0
       0
       0
       0
       0
       0
       0
       0
       0
       0
       0
       0
       0
       0
       0
       0
       0
       0
       0
       0
       1
       0
       0
       0
       0
       0
       0
       0
       0
       0
       0
       0
       0
       1
       0
       2
       0
       0
       0
       0
       0
       0
       0
       0
       0
       0
       0
       0
       0
       0
       0
       0
       0
       0
       0
       0
       0
       0
       1
       0
       0
       0
       0
       0
       0
       0
       1
       2
       0
       1
       1
       1
       1
       0
       0
       0
       0
       1
       0
       0
       0
       0
       0
       1
       0
       0
       1
       0
       0
       0
       0
       0
       0
       0
       0
       0
       0
       0
       0
       0
       0
       0
       0
       1
       0
       0
       0
       1
       0
       0
       0
       0
       0
       0
       0
       0
       0
       0
       0
       0
       0
       1
       0
       0
       0
       0
       0
       1
       0
       0
       0
       0
       0
       0
       0
       0
       0
       1
       0
       0
       0
       2
       0
       0
       1
       0
       1
       1
       0
       1
       0
       1
       1
       0
       0
       0
       0
       0
       0
       0
       0
       0
       0
       0
       0
       0
       0
       0
       0
       0
       0
       0
       0
       0
       0
       0
       0
       0
       0
       0
       0
       0
       0
       0
       0
       0
       0
       0
       0
       0
       0
       0
       0
       0
       0
       0
       0
       0
       0
       0
       0
       0
       0
       0
       0
       1
       0
       0
       0
       0
       1
       0
       0
       0
       0
       0
       0
       0
       0
       0
       0
       0
       0
       0
       0
       0
       0
       0
       0
       0
       0
       0
       1
       0
       0
       0
       0
       0
       0
       0
       0
       0
       0
       0
       1
       0
       0
       0
       0
       0
       0
       1
       0
       0
       0
       0
       0
       0
       0
       1
       0
       0
       0
       0
       0
       0
       0
       1
       1
       0
       0
       0
       0
       0
       0
       0
       0
       0
       0
       0
       1
       0
       1
       0
       0
       0
       0
       0
       0
       0
       0
       0
       0
       0
       0
       0
       1
       0
       0
       0
       0
       0
       0
       0
       0
       0
       0
       0
       0
       2
       0
       0
       0
       0
       0
       0
       0
       0
       0
       1
       0
       0
       0
       0
       0
       0
       0
       0
       0
       0
       0
       0
       0
       0
       0
       0
       0
       0
       0
       0
       0
       0
       0
       0
       0
       0
       0
       1
       0
       0
       0
       0
       0
       0
       0
       1
       0
       0
       0
       0
       0
       0
       0
       0
       0
       0
       0
       0
       0
       0
       0
       1
       0
       0
       0
       0
       1
       0
       0
       0
       0
       0
       1
       0
       1
       0
       0
       0
       0
       0
       0
       0
       0
       0
       0
       0
       0
       0
       1
       0
       0
       0
       0
       0
       0
       0
       0
       0
       0
       0
       0
       0
       0
       0
       0
       0
       0
       0
       0
       0
       0
       0
       0
       0
       0
       0
       0
       0
       0
       1
       0
       0
       0
       1
       0
       0
       0
       0
       0
       0
       0
       1
       0
       1
       0
       0
       0
       0
       0
       0
       0
       0
       0
       0
       0
       0
       1
       1
       0
       0
       0
       0
       1
       1
       0
       0
       0
       0
       0
       0
       0
       0
       0
       0
       1
       1
       0
       0
       1
       0
       0
       0
       0
       0
       0
       0
       0
       0
       0
       0
       0
       0
       0
       0
       1
       0
       0
       0
       0
       0
       0
       1
       0
       0
       0
       0
       0
       0
       0
       0
       0
       0
       1
       0
       1
       0
       0
       2
       2
       1
       0
       0
       0
       0
       1
       0
       0
       0
       0
       0
       0
       0
       0
       0
       0
       0
       0
       0
       0
       0
       0
       0
       1
       0
       0
       0
       0
       0
       0
       0
       1
       0
       0
       0
       0
       0
       0
       0
       0
       0
       0
       0
       0
       0
       0
       0
       0
       0
       0
       0
       0
       0
       0
       0
       0
       0
       0
       0
       0
       0
       0
       0
       0
       0
       0
       0
       0
       0
       0
       0
       0
       1
       0
       1
       0
       0
       0
       0
       0
       0
       0
       0
       0
       0
       0
       0
       0
       0
       1
       0
       0
       0
       0
       0
       0
       0
       0
       0
       0
       0
       0
       0
       0
       0
       0
       1
       0
       0
       0
       0
       1
       0
       0
       0
       0
       0
       0
       0
       0
       0
       0
       0
       0
       0
       0
       0
       0
       0
       0
       0
       1
       0
       1
       0
       0
       1
       0
       0
       0
       0
       0
       0
       0
       0
       0
       0
       0
       0
       0
       0
       0
       0
       0
       0
       0
       0
       0
       0
       0
       0
       0
       0
       0
       0
       0
       0
       0
       0
       0
       0
       0
       0
       0
       0
       0
       1
       1
       0
       0
       0
       0
       0
       0
       0
       0
       0
       0
       0
       0
       0
       0
       0
       1
       0
       0
       0
       0
       0
       0
       1
       0
       0
       0
       1
       0
       0
       0
       0
       0
       0
       0
       0
       0
       0
       0
       0
       0
       0
       0
       0
       0
       0
       0
       0
       0
       0
       0
       0
       0
       0
       0
       0
       0
       0
       0
       0
       0
       0
       0
       0
       0
       0
       1
       0
       0
       0
       0
       0
       0
       0
       0
       0
       0
       0
       0
       0
       0
       0
       0
       1
       0
       0
       0
       0
       0
       0
       0
       0
       0
       0
       0
       0
       0
       0
       0
       0
       0
       0
       0
       0
       0
       0
       0
       0
       0
       0
       0
       0
       0
       0
       0
       0
       0
       0
       0
       0
       0
       0
       0
       0
       0
       0
       0
       0
       0
       0
       0
       0
       0
       0
       0
       0
       0
       0
       0
       1
       0
       0
       0
       0
       0
       0
       0
       0
       0
       0
       1
       0
       0
       0
       0
       0
       0
       0
       0
       0
       0
       0
       0
       0
       0
       0
       0
       0
       1
       0
       0
       0
       0
       0
       1
       0
       0
       0
       0
       0
       0
       0
       0
       0
       0
       0
       0
       0
       0
       0
       0
       0
       0
       0
       0
       0
       0
       0
       0
       0
       1
       0
       0
       0
       0
       0
       1
       0
       0
       0
       0
       0
       0
       0
       0
       0
       0
       0
       0
       0
       0
       0
       0
       0
       0
       1
       0
       0
       0
       0
       0
       0
       0
       0
       0
       0
       0
       0
       0
       0
       0
       0
       0
       0
       0
       0
       0
       0
       0
       0
       0
       0
       0
       0
       0
       0
       1
       0
       1
       0
       0
       0
       0
       1
       1
       1
       0
       0
       0
       0
       0
       0
       0
       0
       0
       0
       0
       0
       0
       0
       0
       0
       0
       0
       0
       0
       0
       0
       0
       0
       0
       0
       0
       1
       0
       0
       0
       0
       0
       0
       0
       0
       0
       0
       0
       0
       0
       0
       0
       0
       0
       0
       0
       0
       0
       0
       0
       0
       0
       0
       0
       0
       0
       0
       0
       0
       0
       1
       0
       0
       0
       0
       0
       0
       0
       0
       0
       0
       0
       0
       0
       0
       0
       0
       0
       0
       0
       0
       0
       0
       0
       0
       0
       0
       0
       0
       0
       0
       0
       0
       0
       0
       0
       0
       0
       0
       0
       0
       0
       0
       0
       0
       0
       0
       0
       0
       0
       0
       0
       0
       0
       0
       0
       0
       0
       0
       0
       0
       1
       0
       0
       0
       1
       0
       0
       0
       0
       0
       1
       0
       0
       0
       0
       0
       0
       0
       0
       0
       0
       0
       0
       0
       0
       0
       0
       0
       0
       0
       0
       0
       0
       0
       0
       0
       0
       0
       0
       0
       0
       0
       0
       0
       0
       0
       0
       0
       0
       0
       0
       0
       0
       0
       0
       0
       0
       0
       0
       0
       0
       0
       0
       0
       0
       0
       0
       0
       0
       0
       0
       0
       0
       0
       0
       0
       0
       0
       0
       0
       0
       0
       0
       0
       0
       0
       0
       0
       0
       0
       0
       0
       0
       0
       0
       0
       0
       0
       0
       0
       0
       0
       0
       0
       0
       0
       0
       0
       0
       0
       1
       1
       2
       1
       3
       1
       4
       0
       1
       0
       0
       0
       0
       0
       0
       0
       0
       0
       0
       0
       0
       0
       0
       0
       0
       0
       0
       0
       0
       0
       0
       0
       0
       0
       0
       0
       0
       0
       0
       0
       0
       0
       0
       0
       0
       0
       0
       0
       0
       0
       0
       0
       0
       0
       0
       0
       0
       0
       0
       0
       0
       0
       0
       0
       0
       0
       0
       0
       0
       0
       0
       0
       0
       0
       0
       0
       0
       0
       0
       0
       0
       0
       0
       0
       0
       0
       0
       0
       0
       0
       0
       1
       0
       0
       0
       0
       0
       0
       0
       0
       0
       0
       0
       0
       0
       0
       0
       0
       0
       0
       0
       0
       0
       0
       0
       0
       0
       0
       0
       0
       0
       0
       0
       0
       0
       0
       0
       0
       0
       0
       0
       0
       0
       1
       0
       0
       0
       0
       0
       0
       0
       0
       0
       0
       0
       0
       0
       0
       0
       0
       0
       0
       0
       0
       0
       0
       0
       0
       0
       0
       0
       0
       0
       0
       0
       0
       0
       0
       0
       1
       0
       0
       0
       0
       0
       0
       1
       0
       0
       0
       0
       0
       0
       0
       0
       0
       1
       0
       0
       0
       0
       0
       0
       0
       0
       0
       0
       0
       0
       0
       0
       0
       0
       0
       0
       0
       0
       0
       0
       0
       0
       0
       0
       0
       0
       0
       0
       0
       0
       0
       0
       0
       0
       0
       0
       0
       0
       0
       0
       0
       0
       0
       0
       0
       0
       0
       0
       0
       0
       0
       0
       0
       0
       0
       0
       0
       0
       0
       0
       0
       0
       0
       0
       0
       0
       0
       0
       0
       0
       0
       0
       0
       0
       0
       0
       0
       0
       0
       0
       0
       0
       0
       0
       0
       0
       0
       0
       0
       0
       0
       0
       0
       0
       0
       0
       0
       0
       0
       0
       0
       0
       1
       0
       1
       0
       0
       0
       0
       0
       0
       0
       0
       0
       0
       0
       0
       0
       0
       0
       0
       0
       0
       0
       0
       0
       0
       0
       0
       0
       0
       0
       0
       0
       0
       0
       0
       0
       0
       0
       0
       0
       0
       0
       1
       0
       0
       0
       0
       0
       0
       0
       0
       0
       0
       0
       0
       0
       0
       0
       0
       0
       0
       0
       0
       0
       0
       0
       0
       0
       0
       0
       0
       0
       0
       0
       0
       0
       0
       0
       0
       0
       0
       0
       0
       0
       0
       0
       0
       0
       0
       0
       0
       0
       0
       0
       0
       0
       0
       0
       0
       0
       0
       0
       0
       0
       0
       0
       0
       0
       0
       0
       0
       0
       0
       0
       0
       0
       0
       0
       0
       0
       0
       0
       0
       0
       0
       0
       0
       0
       0
       0
       0
       0
       0
       0
       0
       0
       0
       0
       0
       0
       0
       0
       0
       0
       0
       0
       0
       0
       0
       0
       0
       0
       0
       0
       0
       0
       0
       0
       0
       0
       0
       0
       0
       0
       0
       0
       0
       0
       0
       0
       0
       0
       0
       0
       0
       0
       0
       0
       0
       0
       0
       0
       0
       0
       0
       0
       0
       0
       0
       0
       0
       0
       0
       0
       0
       0
       0
       0
       0
       0
       0
       0
       0
       0
       0
       0
       0
       0
       0
       0
       0
       0
       0
       0
       0
       0
       0
       0
       0
       0
       0
       0
       0
       0
       0
       0
       0
       0
       0
       0
       0
       0
       0
       0
       0
       0
       0
       0
       0
       0
       0
       0
       0
       0
       0
       0
       0
       0
       0
       0
       0
       0
       0
       0
       0
       0
       0
       0
       0
       0
       0
       0
       0
       0
       0
       0
       0
       0
       0
       0
       0
       0
       0
       0
       0
       0
       0
       0
       0
       0
       0
       0
       0
       0
       0
       0
       0
       0
       0
       0
       0
       0
       0
       0
       0
       0
       0
       0
       0
       0
       0
       0
       0
       0
       0
       0
       0
       0
       0
       0
       0
       0
       0
       0
       0
       0
       0
       0
       0
       0
       0
       0
       0
       0
       0
       0
       0
       0
       0
       0
       0
       0
       0
       0
       0
       0
       0
       0
       0
       0
       0
       0
       0
       0
       0
       0
       0
       0
       0
       0
       0
       0
       0
       0
       0
       0
       0
       0
       0
       0
       0
       0
       0
       0
       0
       0
       0
       0
       0
       0
       0
       0
       0
       0
       0
       0
       0
       0
       0
       0
       0
       0
       0
       0
       0
       0
       0
       0
       0
       0
       0
       0
       0
       0
       0
       0
       0
       0
       0
       0
       0
       0
       0
       0
       0
       0
       0
       0
       0
       0
       0
       0
       0
       0
       0
       0
       0
       0
       0
       0
       0
       0
       0
       0
       0
       0
       0
       0
       0
       0
       0
       0
       0
       0
       0
       0
       0
       0
       0
       0
       0
       0
       0
       0
       0
       0
       0
       0
       0
       0
       0
       0
       0
       0
       0
       0
       0
       0
       0
       0
       0
       0
       0
       0
       0
       0
       0
       0
       0
       0
       0
       0
       0
       0
       0
       0
       0
       0
       0
       0
       0
       0
       0
       0
       0
       0
       0
       0
       0
       0
       0
       0
       0
       0
       0
       0
       0
       0
       0
       0
       0
       0
       0
       0
       0
       0
       0
       0
       0
       0
       0
       0
       0
       0
       0
       0
       0
       0
       0
       0
       0
       0
       0
       0
       0
       0
       0
       0
       0
       0
       0
       0
       0
       0
       0
       0
       0
       0
       0
       0
       0
       0
       0
       0
       0
       0
       0
       0
       0
       0
       0
       0
       0
       0
       0
       0
       0
       0
       0
       0
       0
       0
       0
       0
       0
       0
       0
       0
       0
       0
       0
       0
       0
       0
       0
       0
       0
       0
       0
       0
       0
       0
       0
       0
       0
       0
       0
       0
       0
       0
       0
       0
       0
       0
       0
       0
       0
       0
       0
       0
       0
       0
       0
       0
       0
       0
       0
       0
       0
       0
       0
       0
       0
       0
       0
       0
       0
       0
       0
       0
       0
       0
       0
       0
       0
       0
       0
       0
       0
       0
       0
       0
       0
       0
       0
       0
       0
       0
       0
       0
       0
       0
       0
       0
       0
       0
       0
       0
       0
       0
       0
       0
       0
       0
       0
       0
       0
       0
       0
       0
       0
       0
       0
       0
       0
       0
       0
       0
       0
       0
       0
       0
       0
       0
       0
       0
       0
       0
       0
       0
       0
       0
       0
       0
       0
       0
       0
       0
       0
       0
       0
       0
       0
       0
       0
       0
       0
       0
       0
       0
       0
       0
       0
       0
       0
       0
       0
       0
       0
       0
       0
       0
       0
       0
       0
       0
       0
       0
       0
       0
       0
       0
       0
       0
       0
       0
       0
       0
       0
       0
       0
       0
       0
       0
       0
       0
       0
       0
       0
       0
       0
       0
       0
       0
       0
       0
       0
       0
       0
       0
       0
       0
       0
       0
       0
       0
       0
       0
       0
       0
       0
       0
       0
       0
       0
       0
       0
       0
       0
       0
       0
       0
       0
       0
       0
       0
       0
       0
       0
       0
       0
       0
       0
       0
       0
       0
       0
       0
       0
       0
       0
       0
       0
       0
       0
       0
       0
       0
       0
       0
       0
       0
       0
       0
       0
       0
       0
       0
       0
       0
       0
       0
       0
       0
       0
       0
       0
       0
       0
       0
       0
       0
       0
       0
       0
       0
       0
       0
       0
       0
       0
       0
       0
       0
       0
       0
       0
       0
       0
       0
       0
       0
       0
       0
       0
       0
       0
       0
       0
       0
       0
       0
       0
       0
       0
       0
       0
       0
       0
       0
       0
       0
       0
       0
       0
       0
       0
       0
       0
       0
       0
       0
       0
       0
       0
       0
       0
       0
       0
       0
       0
       0
       0
       0
       0
       0
       0
       0
       0
       0
       0
       0
       0
       0
       0
       0
       0
       0
       0
       0
       0
       0
       0
       0
       0
       0
       0
       0
       0
       0
       0
       0
       0
       0
       0
       0
       0
       0
       0
       0
       0
       0
       0
       0
       0
       0
       0
       0
       0
       0
       0
       0
       0
       0
       0
       0
       0
       0
       0
       1
       0
       0
       0
       0
       0
       0
       0
       0
       0
       0
       0
       0
       0
       0
       0
       0
       0
       0
       0
       0
       0
       0
       0
       0
       0
       0
       0
       0
       0
       0
       0
       0
       0
       0
       0
       0
       0
       0
       0
       0
       0
       0
       0
       0
       0
       0
       0
       0
       0
       0
       0
       0
       0
       0
       0
       0
       0
       0
       0
       0
       0
       0
       0
       0
       0
       0
       0
       0
       0
       0
       0
       0
       0
       0
       0
       0
       0
       0
       0
       0
       0
       0
       0
       0
       0
       0
       0
       0
       0
       0
       0
       0
       0
       0
       0
       0
       0
       0
       0
       0
       0
       0
       0
       0
       0
       0
       0
       0
       0
       0
       0
       0
       0
       0
       0
       0
       0
       0
       0
       0
       0
       0
       0
       0
       0
       0
       0
       0
       0
       0
       0
       0
       0
       0
       0
       0
       0
       0
       0
       0
       0
       0
       0
       0
       0
       0
       0
       0
       0
       0
       0
       0
       0
       0
       0
       0
       0
       0
       0
       0
       0
       0
       0
       0
       0
       0
       0
       0
       0
       0
       0
       0
       0
       0
       0
       0
       0
       0
       0
       0
       0
       0
       0
       0
       0
       0
       0
       0
       0
       0
       0
       0
       0
       0
       0
       0
       0
       0
       0
       0
       0
       0
       0
       0
       0
       0
       0
       0
       0
       0
       0
       0
       0
       0
       0
       0
       0
       0
       0
       0
       0
       0
       0
       0
       0
       0
       0
       0
       0
       0
       0
       0
       0
       0
       0
       0
       0
       0
       0
       0
       0
       0
       0
       0
       0
       0
       0
       0
       0
       0
       0
       0
       0
       0
       0
       0
       0
       0
       0
       0
       0
       0
       0
       0
       0
       0
       0
       0
       0
       0
       0
$ROI:
0
$PRESETS:
Real Time
180
0
$ENER_FIT:
0.888569 0.390988
$MCA_CAL:
3
8.885689E-001 3.909876E-001 3.191953E-008 keV
$SHAPE_CAL:
3
0.000000E+000 0.000000E+000 0.000000E+000
