$SPEC_ID:
1
$SPEC_REM:
DET# 2
DETDESC# MCB 130 Normal
AP# Maestro Version 7.01
$DATE_MEA:
09/26/2019 06:15:40
$MEAS_TIM:
178 180
$DATA:
0 8191
       0
       0
       0
       0
       0
       0
       0
       0
       0
       0
       0
       0
       0
       0
       0
       0
       0
       0
       0
       0
       0
       0
       0
       0
       0
       0
      17
     371
      92
      55
      64
     101
     127
     125
     116
      93
      81
      76
     100
     115
     143
     120
     115
     142
     154
     102
      73
      71
      85
      90
      92
      71
      81
      70
      76
      61
      64
      58
      82
     109
      72
      87
      75
      69
      75
      79
      76
      97
      99
     128
     207
     217
     153
     108
     128
     115
     164
     159
     152
     100
     113
     105
      86
      96
      77
      76
      99
     143
     232
     318
     345
     217
     117
      79
      74
      87
      97
      78
      82
      66
      95
     127
     147
     113
      85
      62
      72
      76
      65
      67
      75
      78
      73
      82
      75
      82
      77
      74
      67
      84
      58
      67
      64
      71
      86
     152
     124
      97
      71
      66
      75
      79
      85
      79
      77
      76
      72
      70
      75
      66
      82
      80
      83
     111
     161
     173
     146
      88
      84
      85
      99
      77
      79
      89
      85
      79
      81
      90
      84
      85
     106
      96
      87
      94
     103
      89
      84
     101
      98
      94
     103
      97
      94
     115
     104
     101
      98
     112
     108
     109
     105
     118
     117
     110
     113
     138
      93
     125
     116
     137
     140
     158
     140
     128
     134
     118
     139
     132
     122
     109
     131
     117
     110
     134
     184
     287
     262
     168
     155
     131
      97
     124
     139
     147
     160
     136
     129
     143
     117
     138
     164
     174
     121
     122
     124
     107
     125
     130
     125
     134
     152
     174
     141
     135
     124
     119
     124
     116
     141
     159
     182
     155
     138
     133
     110
     143
     123
     130
     124
     179
     230
     236
     235
     239
     228
     155
     143
     117
     140
     120
     131
     120
     188
     296
     334
     237
     156
     115
     182
     339
     411
     306
     146
     126
     119
     108
     129
     101
     116
     110
     123
     124
     118
     144
     133
     138
     109
     119
     109
     105
     122
     126
     116
     126
     110
     149
     148
     156
     145
     128
     113
     128
     104
     117
     118
      97
     127
     121
     115
     105
     125
     125
     103
      85
     123
     121
      86
     126
     110
     120
      97
      92
     106
     108
      96
      93
     106
     111
      91
     115
     102
     103
     118
     101
      97
     112
      92
      83
     103
      92
     112
      95
     112
     128
      97
     105
     112
     114
     102
     102
     112
      88
     131
      84
     100
     117
     205
     590
     705
     531
     263
     112
      83
     102
      88
      75
      99
      80
      66
      99
     121
     113
     105
      89
      80
      92
      75
      92
      79
      62
      92
      89
      94
     103
      65
      90
      93
      85
      82
     104
      81
      84
      89
      91
      94
      82
      67
      78
      74
      81
      77
      85
      62
      61
      91
      70
      76
      66
      71
      70
      69
      74
      86
      77
      95
      94
      77
      93
      70
      72
      62
      70
      72
      82
      70
      69
      67
      75
      63
      58
      63
      47
      83
      88
      77
      68
      67
      74
      71
      52
      63
      73
      78
      68
      63
      76
      64
      67
      66
      69
      67
      68
      55
      66
      59
      64
      68
      64
      56
      51
      80
      75
      86
      77
      73
      64
      75
      67
      73
      69
      59
      55
      60
      62
      68
      78
      82
      55
      52
      57
      58
      49
      42
      48
      67
      53
      54
      59
      59
      57
      46
      64
      37
      64
      65
      55
      52
      55
      53
      68
      65
      58
      48
      74
      64
      64
      52
      56
      41
      69
      62
      51
      55
      50
      54
      46
      60
      53
      54
      55
      54
      49
      73
      47
      54
      49
      70
      49
      69
      50
      52
      63
      68
      74
      64
      79
      66
      58
      63
      41
      64
      63
      52
      38
      58
      52
      56
      49
      56
      58
      61
      51
      46
      51
      44
      41
      43
      48
      43
      42
      66
      51
      47
      53
      52
      48
      56
      46
      57
      58
      37
      47
      51
      35
      53
      37
      43
      41
      39
      51
      66
     151
     332
     455
     291
     126
      57
      44
      34
      47
      52
      49
      61
      55
      47
      36
      43
      40
      41
      47
      35
      41
      36
      33
      41
      41
      36
      48
      53
      56
      66
      48
      49
      40
      51
      41
      40
      46
      60
      45
      32
      37
      32
      48
      38
      35
      37
      41
      34
      37
      27
      48
      41
      39
      39
      65
     156
     351
     411
     304
     133
      48
      38
      31
      50
      32
      34
      48
      31
      51
      40
      38
      32
      41
      34
      41
      40
      43
      31
      38
      39
      41
      35
      33
      30
      37
      39
      22
      40
      30
      29
      30
      32
      35
      37
      37
      33
      37
      36
      30
      35
      43
      66
      38
      40
      36
      31
      30
      34
      39
      43
      31
      41
      36
      35
      31
      35
      30
      31
      29
      27
      39
      27
      44
      33
      32
      37
      52
      73
     129
      79
      52
      39
      22
      32
      19
      30
      14
      19
      17
      33
      40
      21
      34
      23
      26
      31
      43
      34
      37
      35
      31
      39
      23
      30
      28
      38
      22
      30
      38
      23
      33
      27
      30
      21
      39
      25
      53
     135
     222
     183
     101
      60
      37
      34
      51
      51
      36
      40
      24
      36
      35
      53
      67
      42
      44
      38
      29
      22
      23
      26
      22
      31
      23
      29
      27
      29
      22
      30
      27
      27
      23
      20
      22
      35
      14
      25
      35
      43
      37
      36
      30
      21
      25
      23
      27
      18
      14
      23
      21
      24
      20
      31
      24
      26
      17
      45
      40
      46
      51
      48
      38
      26
      25
      32
      41
      45
      35
      31
      26
      17
      21
      27
      32
      23
      24
      29
      30
      26
      24
      24
      33
      22
      19
      19
      25
      28
      19
      32
      40
      38
      28
      26
      29
      23
      29
      20
      20
      22
      30
      25
      23
      27
      28
      27
      37
      23
      24
      25
      29
      19
      22
      21
      26
      23
      25
      22
      34
      34
      17
      23
      24
      25
      25
      23
      15
      18
      17
      19
      27
      22
      29
      27
      24
      23
      20
      15
      15
      16
      23
      25
      16
      21
      22
      27
      30
      35
      37
      36
      38
      43
      33
      15
      18
      18
      22
      19
      30
      27
      22
      35
      16
      16
      19
      12
      18
      15
      14
      21
      16
      20
      14
      25
       8
      13
      17
      17
      15
      14
      25
      39
      52
      64
      45
      30
      18
      21
      28
      19
      18
      22
      10
      22
      16
      18
      14
      18
      11
      21
      15
      12
      15
      15
      14
      16
      12
      25
       8
      16
      25
      25
       8
       6
       8
      31
      22
      19
      12
      22
      22
      14
       9
      20
      17
      16
      22
      16
      18
      20
      15
      16
      19
      19
      14
      20
      17
      10
      14
      19
      18
      15
      16
      12
      14
      12
      12
      13
      19
      20
      24
      12
      19
      14
      17
      15
      18
      15
      12
      10
      18
      15
      17
      11
       9
      22
       9
      16
      17
      15
      15
      10
      18
      14
      17
      18
      13
      20
      27
      11
      17
      18
      11
      16
      13
       9
       9
      20
      13
      14
      10
      14
      17
      12
      23
      13
      19
       8
       8
      13
      13
      16
      13
      11
      20
      15
      14
       8
       8
      12
      14
      19
       7
      11
      13
      21
      19
      13
      18
      16
      11
      21
      19
      14
      13
      19
      17
      17
      11
      15
      11
      15
      15
      16
      23
      17
      11
      21
      17
      19
       9
      14
      12
      16
      14
      20
      16
      15
      16
       5
      15
      10
      14
      15
      11
      13
      17
      16
      17
      17
      26
      22
      13
      15
      10
      16
      11
      16
      14
      18
      16
      20
      11
      15
      14
      13
      20
      17
      23
       5
      13
      21
      14
      17
      13
      11
      21
      13
      17
      18
      19
      13
      20
       8
      19
      12
      19
       8
       9
      12
      19
      10
      17
      22
      12
      15
      16
      15
      18
      15
      15
      12
       8
      12
      18
       8
      17
      15
      20
      18
      12
      13
      19
      17
      14
      19
      11
      11
      14
      12
      16
       9
       8
      14
      13
      19
      14
      18
      14
      18
      11
      11
      16
       8
      17
      17
      16
      24
      19
      23
      23
      11
      18
      10
      16
      12
       7
      15
       9
      14
      14
       9
      19
      20
      19
      13
      12
       9
      10
      17
      15
      12
      12
      15
       6
      10
      13
      12
       6
       9
      22
      14
      13
      16
      20
      12
       7
       8
      11
      12
       7
       9
      16
      13
      11
      19
      31
      28
      21
      13
      10
      15
      11
      10
      18
      18
      12
      17
      12
      10
      11
      16
       6
      14
      13
       7
      11
      13
      13
      16
      11
      17
      32
      27
      16
      15
      11
       6
      13
      10
      11
       6
       8
      14
      11
      12
      16
       9
       8
      15
       5
      10
      19
      16
      16
      11
      18
      15
      13
      26
      25
      15
      17
      10
      14
      12
      12
      12
      21
      11
      17
       9
      10
      12
      18
      11
      12
      13
      11
      15
      11
       9
      14
       7
      10
      10
       5
       7
       9
      11
      12
       6
      12
       2
      10
      12
      31
      34
      34
      28
      13
      16
      11
      13
      11
      12
      12
      14
       8
      14
      12
      11
      13
      24
      68
     153
     223
     217
     104
      45
      30
       7
      15
       6
      10
      10
       7
      11
       4
      12
       7
      11
      13
      10
      26
      28
      18
      15
      15
       6
      12
      12
       4
      12
      16
      10
       8
       4
      10
      11
      13
       8
       8
      13
      11
       8
      13
       8
       9
      13
      13
       7
      12
       9
       8
       9
      11
       9
       7
       7
       4
      12
       9
      13
      13
       7
       6
      10
       3
       7
      26
      38
      54
      34
      31
      22
      15
       8
      11
       6
       6
      10
      12
       7
       9
       9
      13
       9
       7
       8
       4
       9
       8
       6
       8
       3
       8
      10
       6
       9
       8
       6
       6
       8
       8
       6
      10
      12
       7
       3
       9
       5
      11
       5
       6
      15
       4
       4
       5
       5
       7
      10
      12
       8
       5
       5
       5
       8
       4
      15
       8
       5
       8
      10
       6
       9
       7
      10
       8
      12
      16
       9
      11
      10
      13
      11
       7
       8
       5
      11
      11
      10
      11
      11
       8
      11
      10
       6
       6
       9
       5
       2
       6
       8
       8
       8
       6
       5
       4
      11
       2
      12
       6
       5
       3
       7
       5
       6
       9
       7
       5
       6
       6
       7
       5
       4
       6
       7
       7
       4
       6
      13
       6
       6
      12
       6
       6
       7
      13
       4
       8
       8
       8
       7
       8
       7
       7
      20
      12
      24
      13
      20
      13
       8
       6
      10
       7
       8
       6
       4
       4
       1
       7
       7
       4
       3
       7
       8
       2
       5
       6
       8
       4
       9
       9
       6
       2
       8
       7
       9
       8
       7
       7
       3
       2
       3
       3
       8
       8
       4
       4
       4
       6
       4
       6
      11
       6
      11
       6
       2
       8
      14
      14
      17
      18
       5
      15
       8
       6
       8
       4
       3
       6
       3
       3
       8
       6
       6
       5
       6
       9
       9
       5
      11
       6
       5
       7
       5
       7
       4
       6
       5
       2
       7
       2
       7
       7
       2
       5
       2
       1
       7
       5
       5
       3
       7
       6
       4
       5
       6
       3
       4
       1
       5
       4
       7
       8
       9
       8
       4
       9
       6
       8
      11
      11
       3
       8
       6
       4
       2
       4
       9
      30
      56
     140
     139
     118
      67
      23
       6
       7
       6
       7
       4
       7
       5
       7
       4
      10
       1
      12
      14
      13
       9
       9
      12
      15
      31
      74
      88
      84
      72
      24
      13
      10
       9
       7
       5
       8
       7
       5
       7
       3
       3
       1
       5
       4
       3
       5
       8
       4
       1
       6
      12
       4
       3
       2
       7
      10
       8
       2
       5
       9
       8
       5
       8
       8
       4
       6
       2
       2
       1
       6
       5
       7
       3
       4
       4
       0
       6
       5
       4
       4
       5
       3
       2
       2
       3
       7
       8
       6
       3
       5
       3
       2
       4
       3
       3
       2
       8
       6
       2
       0
       6
       3
       5
       5
       3
       2
       3
       5
       1
       3
       4
       2
       1
       3
       2
       5
       2
       3
       5
       5
       2
       4
       5
       4
       9
       4
      11
      10
       5
       6
       6
       4
       2
       0
       4
       6
       5
       3
       5
       3
       1
       4
       2
       0
       1
       2
       6
       2
       5
       4
       2
       4
       4
       3
       2
       2
       8
       2
       2
       2
       4
       2
       3
       9
      12
      18
      15
       4
      10
       7
      11
      12
       8
       2
       2
       6
       6
       6
      10
      10
       7
      13
       8
       4
       5
       4
       4
       5
       4
       5
       2
       9
       4
       2
       4
       3
       2
       3
       4
       5
       4
       3
       5
       2
       5
       4
       6
      10
      10
      21
      18
      12
      11
       4
       7
       5
       5
      17
      48
      90
      99
     100
      61
      29
      16
       6
       5
       2
       7
       4
       2
       1
       7
       6
       5
       8
      10
      15
      10
       7
       6
       4
       6
       3
       4
       3
       2
       2
       4
       2
       3
       1
       4
      13
      11
       9
       5
       9
       2
       5
       1
       5
       3
       4
       2
       4
       2
       4
       4
       4
       3
       0
       3
       5
       4
       7
       2
       5
       5
       6
       3
       8
       1
       2
       3
       5
       3
       6
       3
       6
       3
       9
      13
      35
      41
      85
      67
      45
      24
       6
       7
       8
       3
       6
       3
       2
       3
       7
       4
       5
       4
       1
       3
       1
       4
       6
       4
       2
       6
       2
       4
       6
       4
       3
       3
       0
       5
       4
       3
       4
       1
       2
       2
       3
       4
       5
       0
       0
       4
       3
       2
       3
       6
       1
       2
       0
       4
       7
       4
       3
       8
       4
       9
       6
       3
       9
       1
       4
       2
       3
       1
       3
       5
       4
       2
       3
       3
       1
       2
       7
       1
       4
       2
       2
       9
       3
       1
       1
       5
       2
       1
       3
       4
       3
       4
       1
       4
       2
       5
       5
       4
       3
       6
       1
       5
       3
       6
       8
       7
       7
       4
       1
       4
       5
       5
       8
       9
       5
       5
       1
       3
       1
       4
       0
       0
       1
       2
       1
       6
       3
       1
       1
       3
       0
       1
       3
       2
       2
       2
       3
       1
       2
       5
       1
       3
       3
       2
       0
       3
       1
       5
       3
       3
       5
       0
       3
       1
       2
       1
       2
       3
       4
       2
       1
       1
       1
       3
       3
       2
       2
       6
       3
       3
       1
       2
       6
       0
       1
       4
       2
       0
       0
       4
       3
       2
       2
       2
       1
       0
       3
       5
       2
       5
       3
       2
       4
       3
       5
       2
       1
       3
       1
       2
       1
       1
       2
       0
       1
       3
       6
       5
       3
       3
       3
       3
       2
       6
       3
       4
       4
       5
       4
       6
       3
       1
       4
       1
       2
       3
       4
       4
       2
       4
       1
       3
       0
       1
       3
       1
       0
       3
       2
       6
       1
       1
       0
       6
       3
       3
       6
       2
       3
       3
       1
       2
       3
       6
       3
       6
       0
       1
       2
       1
       7
       1
       1
       4
       5
       7
       9
       6
       6
       0
       2
       0
       5
       6
      10
      12
      14
      12
       5
       1
       1
       1
       1
       4
       2
       5
       2
       0
       0
       2
       3
       0
       4
       1
       2
       2
       2
       3
       5
       5
       7
       8
       7
       1
       2
       4
       1
       0
       2
       1
       3
       2
       2
       3
       1
       0
       1
       2
       0
       2
       3
       0
       1
       2
       4
       3
       0
       1
       2
       3
       2
       0
       0
       2
       3
       3
       3
       3
       2
       1
       1
       0
       1
       4
       3
       2
       1
       1
       3
       3
       2
       3
       0
       7
       4
       4
       5
      10
       8
       5
       6
       3
       1
       3
       0
       4
       2
       1
       4
       2
       5
       2
       3
       0
       2
       3
       0
       0
       5
       3
       1
       2
       2
       3
       1
       2
       2
       2
       2
       1
       4
       5
       5
       1
       3
       3
       4
       3
       1
       2
       2
       4
       2
       0
       2
       1
       3
       0
       1
       5
       0
       1
       2
       0
       1
       3
       3
       3
       1
       1
       0
       3
       1
       2
       1
       2
       5
       1
       2
       0
       3
       3
       2
       2
       3
       0
       4
       2
       3
       2
       1
       1
       1
       4
       4
       4
       1
       2
       4
       2
       4
       4
       2
       2
       2
       1
       1
       2
       0
       3
       2
       1
       3
       4
       2
       1
       4
       6
      14
      20
      10
       5
       4
       1
       1
       3
       1
       0
       3
       0
       0
       3
       1
       3
       2
       4
       2
       3
       5
       7
       5
       2
       6
       7
       4
       7
       5
       8
      12
       6
       6
       3
       6
       2
       2
       5
       3
       2
       2
       5
       2
       3
       2
       4
       1
       0
       2
       1
       6
       4
       1
       2
       1
       2
       2
       2
       4
       1
       0
       0
       2
       2
       2
       1
       2
       2
       4
       2
       1
       1
       2
       2
       3
       3
       1
       3
       2
       2
       2
       2
       1
       0
       2
       1
       4
       3
       2
       3
       2
       0
       1
       4
       3
       0
       1
       3
       1
       0
       1
       1
       1
       1
       0
       2
       2
       0
       1
       2
       3
       1
       0
       0
       3
       1
       0
       0
       3
       1
       4
       4
       1
       2
       2
       0
       3
       2
       0
       0
       1
       3
       0
       3
       3
       2
       0
       1
       1
       0
       3
       0
       2
       2
       2
       4
       0
       0
       1
       3
       3
       2
       4
       1
       2
       4
       0
       1
       0
       1
       0
       3
       0
       2
       1
       0
       1
       2
       1
       1
       3
       1
       3
       2
       0
       2
      12
       7
       9
      14
       7
       8
       3
       2
       4
       5
       1
       0
       1
       5
       3
       1
       3
       0
       1
       1
       1
       1
       0
       1
       1
       1
       1
       1
       4
       0
       0
       2
       1
       0
       2
       2
       1
       2
       4
       0
       1
       3
       0
       4
       0
       1
       3
       0
       0
       0
       3
       2
       0
       0
       3
       2
       4
       1
       1
       2
       0
       1
       2
       0
       0
       0
       2
       3
       3
       0
       0
       0
       1
       2
       6
       1
       2
       0
       1
       1
       1
       2
       0
       1
       0
       1
       0
       0
       3
       2
       3
       2
       0
       3
       4
       3
       1
       1
       3
       0
       2
       1
       1
       1
       2
       1
       1
       3
       0
       1
       1
       2
       1
       1
       1
       3
       1
       3
       1
       2
       3
       3
       0
       2
       1
       4
       5
       2
       1
       0
       3
       4
       2
       3
       1
       1
       2
       2
       2
       2
       0
       3
       1
       2
       1
       2
       3
       0
       0
       1
       1
       3
       0
       1
       3
       2
       4
       3
       3
       0
       2
       4
       0
       3
       0
       3
       0
       3
       2
       1
       5
       0
       0
       0
       0
       1
       0
       2
       0
       4
       4
       1
       1
       1
       2
       3
       0
       1
       0
       2
       1
       5
       0
       3
       1
       1
       1
       3
       1
       2
       2
       1
       2
       2
       2
       1
       0
       1
       3
       3
       3
       1
       2
       1
       2
       1
       2
       2
       1
       4
       1
       0
       1
       2
       3
       3
       2
       0
       1
       0
       2
       0
       0
       2
       2
       1
       3
       3
       1
       0
       6
       2
       5
       2
       1
       3
       7
       9
       7
       6
       5
       2
       2
       1
       1
       2
       4
       1
       3
       1
       2
       0
       1
       2
       0
       1
       0
       3
       1
       2
       0
       0
       2
       1
       3
       3
       3
       4
       2
       4
       3
       0
       1
       2
       1
       0
       3
       2
       3
       2
       2
       1
       4
       1
       2
       1
       0
       2
       0
       1
       0
       0
       0
       0
       0
       2
       3
       1
       2
       0
       0
       0
       2
       2
       3
       1
       0
       1
       5
       7
       3
       4
       2
       0
       4
       0
       2
       0
       3
       1
       0
       2
       2
       1
       1
       2
       1
       1
       0
       3
       1
       1
       0
       2
       2
       1
       2
       2
       1
       3
       0
       0
       2
       0
       2
       1
       0
       1
       1
       2
       0
       1
       4
       1
       2
       1
       2
       0
       1
       1
       1
       1
       1
       1
       0
       2
       1
       2
       2
       3
       2
       3
       6
       5
       7
       5
       8
       6
       1
       4
       2
       0
       1
       1
       6
      10
       5
       2
       1
       4
       2
       1
       2
       1
       0
       2
       0
       1
       1
       0
       2
       2
       0
       6
       3
       2
       2
       2
       1
       2
       1
       0
       1
       2
       2
       1
       0
       2
       2
       0
       1
       1
       0
       0
       4
       1
       1
       0
       2
       1
       1
       2
       1
       3
       0
       1
       1
       1
       1
       0
       2
       0
       3
       2
       0
       1
       2
       1
       3
       0
       2
       0
       1
       1
       0
       1
       2
       0
       2
       2
       2
       0
       0
       1
       0
       1
       0
       1
       0
       3
       1
       1
       2
       0
       1
       1
       1
       3
       0
       0
       0
       0
       2
       2
       3
       2
       2
       1
       1
       1
       1
       1
       1
       1
       0
       1
       1
       0
       0
       0
       1
       1
       1
       1
       1
       1
       0
       2
       1
       0
       3
       0
       2
       2
       5
       2
       2
       0
       2
       0
       2
       0
       2
       1
       1
       0
       2
       0
       0
       0
       0
       2
       1
       3
       3
       1
       4
       5
       3
       0
       6
       5
       4
       1
       0
       0
       2
       0
       0
       1
       3
       0
       1
       0
       3
       1
       0
       2
       1
       0
       0
       0
       2
       1
       2
       1
       0
       2
       2
       0
       0
       1
       1
       0
       0
       0
       3
       4
       0
       2
       0
       1
       0
       2
       0
       1
       3
       0
       2
       0
       3
       0
       0
       2
       1
       0
       0
       3
       5
       5
       1
       3
       1
       0
       0
       1
       2
       0
       1
       4
       2
       1
       1
       0
       0
       1
       0
       1
       0
       2
       1
       0
       0
       2
       0
       1
       3
       7
       1
       1
       5
       4
       0
       0
       0
       2
       3
       3
       3
       0
       3
       3
       2
       1
       0
       2
       0
       3
       1
       1
       2
       1
       1
       1
       2
       0
       1
       0
       1
       0
       0
       0
       0
       0
       0
       1
       0
       1
       0
       1
       0
       0
       3
       1
       0
       4
       0
       1
       1
       2
       0
       1
       1
       1
       1
       1
       1
       0
       1
       1
       2
       3
       5
       4
       2
       4
       2
       4
       2
       2
       1
       1
       1
       0
       0
       1
       2
       0
       2
       0
       1
       1
       0
       0
       0
       1
       2
       0
       0
       1
       2
       2
       3
       0
       1
       1
       0
       1
       1
       2
       5
       1
       1
       1
       1
       1
       1
       1
       1
       0
       0
       0
       2
       0
       0
       0
       0
       1
       2
       0
       0
       5
       0
       0
       0
       0
       0
       0
       2
       1
       1
       2
       1
       2
       4
       3
       0
       0
       0
       4
       1
       1
       0
       0
       1
       1
       1
       0
       1
       4
       7
       4
       1
       1
       6
       3
       1
       0
       1
       1
       0
       1
       1
       2
       1
       0
       2
       1
       2
       1
       0
       1
       0
       0
       1
       0
       1
       0
       0
       0
       2
       1
       0
       0
       0
       0
       0
       0
       1
       0
       1
       0
       0
       2
       1
       1
       1
       1
       2
       0
       2
       0
       0
       0
       3
       0
       0
       1
       2
       0
       0
       0
       0
       0
       1
       1
       0
       3
       2
       0
       1
       1
       0
       0
       0
       1
       1
       2
       1
       2
       2
       0
       1
       0
       1
       1
       1
       0
       1
       0
       1
       0
       1
       0
       0
       0
       1
       1
       0
       1
       1
       2
       1
       0
       0
       0
       2
       2
       0
       1
       0
       1
       0
       1
       2
       0
       4
       1
       2
       0
       0
       2
       0
       0
       1
       0
       0
       1
       0
       0
       0
       0
       0
       0
       2
       2
       0
       0
       0
       0
       0
       0
       0
       1
       1
       0
       0
       0
       0
       0
       0
       0
       2
       0
       0
       1
       1
       0
       0
       0
       0
       1
       1
       2
       0
       2
       0
       1
       0
       1
       0
       1
       2
       3
       1
       0
       1
       0
       0
       0
       0
       0
       1
       0
       0
       0
       2
       0
       0
       0
       1
       0
       0
       0
       5
       1
       2
       1
       0
       1
       1
       1
       0
       1
       1
       0
       0
       1
       1
       2
       0
       0
       2
       0
       1
       0
       0
       0
       0
       0
       0
       0
       0
       0
       2
       0
       1
       1
       0
       0
       0
       0
       1
       1
       2
       0
       2
       1
       2
       0
       1
       1
       0
       0
       0
       0
       0
       0
       0
       2
       0
       0
       0
       0
       0
       0
       0
       0
       0
       2
       0
       2
       0
       0
       1
       0
       0
       0
       0
       0
       0
       0
       0
       0
       1
       1
       2
       0
       1
       2
       1
       1
       2
       2
       0
       1
       0
       0
       2
       1
       1
       1
       0
       0
       1
       1
       0
       1
       0
       0
       0
       1
       0
       0
       0
       0
       0
       0
       1
       0
       0
       0
       0
       2
       1
       0
       0
       1
       0
       1
       2
       2
       1
       1
       2
       1
       5
       6
       7
      16
      21
      17
      18
       6
       6
       2
       1
       1
       0
       0
       3
       0
       1
       0
       0
       0
       0
       1
       0
       0
       0
       1
       0
       0
       2
       0
       0
       1
       0
       0
       0
       1
       0
       0
       0
       1
       0
       0
       0
       0
       0
       1
       0
       1
       1
       0
       0
       0
       1
       0
       0
       0
       0
       0
       0
       0
       0
       0
       0
       0
       0
       0
       0
       0
       0
       0
       0
       0
       0
       2
       0
       1
       1
       2
       0
       2
       1
       0
       0
       0
       1
       0
       0
       0
       0
       0
       0
       0
       1
       1
       1
       1
       0
       1
       1
       0
       0
       0
       0
       0
       1
       2
       1
       0
       0
       0
       0
       0
       2
       0
       0
       0
       1
       0
       0
       0
       0
       0
       0
       0
       1
       0
       2
       1
       1
       0
       1
       0
       0
       0
       0
       0
       0
       0
       0
       0
       0
       0
       0
       0
       0
       1
       1
       0
       0
       0
       1
       1
       0
       0
       0
       0
       1
       0
       0
       0
       1
       0
       1
       0
       0
       0
       1
       1
       0
       3
       0
       0
       1
       0
       0
       0
       0
       0
       0
       0
       0
       1
       0
       0
       0
       0
       2
       0
       0
       1
       0
       0
       0
       0
       1
       0
       1
       0
       0
       0
       0
       1
       0
       1
       1
       0
       0
       0
       0
       0
       0
       0
       1
       0
       0
       0
       0
       0
       0
       0
       0
       0
       0
       0
       1
       0
       2
       0
       0
       0
       0
       1
       0
       0
       1
       0
       0
       0
       0
       0
       0
       0
       0
       1
       0
       0
       1
       1
       1
       1
       1
       0
       0
       0
       1
       1
       0
       0
       0
       0
       0
       0
       0
       0
       0
       0
       0
       1
       0
       0
       0
       0
       0
       1
       0
       0
       1
       0
       0
       0
       0
       0
       0
       0
       0
       0
       0
       0
       0
       1
       0
       0
       0
       1
       0
       0
       0
       0
       0
       0
       0
       1
       0
       0
       0
       1
       1
       0
       1
       0
       0
       0
       3
       0
       0
       0
       0
       0
       1
       0
       1
       0
       0
       0
       1
       1
       0
       0
       2
       0
       2
       0
       0
       0
       2
       0
       0
       0
       0
       1
       0
       0
       0
       0
       0
       1
       2
       3
       1
       7
      11
      10
       4
      14
       6
       1
       2
       1
       0
       0
       0
       0
       0
       0
       0
       0
       0
       0
       0
       1
       0
       0
       0
       0
       0
       0
       0
       0
       0
       0
       0
       0
       0
       0
       0
       0
       0
       0
       0
       0
       1
       0
       0
       0
       0
       0
       0
       0
       0
       1
       0
       0
       0
       0
       0
       0
       1
       0
       1
       0
       0
       0
       0
       1
       1
       1
       0
       0
       0
       0
       0
       0
       1
       0
       0
       0
       0
       1
       0
       1
       0
       2
       0
       0
       0
       1
       1
       0
       0
       1
       0
       0
       0
       1
       0
       0
       1
       0
       0
       0
       0
       0
       0
       0
       0
       0
       0
       0
       1
       1
       0
       1
       0
       1
       0
       0
       0
       0
       0
       0
       1
       1
       1
       0
       0
       0
       2
       0
       0
       0
       0
       1
       0
       1
       1
       0
       0
       1
       1
       0
       1
       0
       1
       1
       0
       0
       0
       0
       1
       0
       1
       0
       0
       0
       0
       0
       0
       0
       0
       0
       0
       0
       0
       0
       0
       1
       0
       1
       0
       0
       0
       0
       0
       0
       0
       0
       0
       0
       0
       1
       0
       1
       1
       1
       0
       0
       0
       0
       1
       0
       1
       0
       0
       0
       0
       0
       0
       0
       1
       0
       0
       0
       0
       2
       0
       0
       0
       0
       0
       0
       0
       2
       0
       1
       1
       0
       0
       0
       0
       0
       0
       0
       0
       0
       1
       0
       0
       0
       1
       0
       0
       0
       0
       0
       0
       0
       0
       0
       0
       4
       0
       0
       0
       0
       1
       0
       0
       1
       0
       0
       0
       0
       0
       1
       0
       0
       0
       0
       0
       0
       0
       0
       0
       0
       1
       1
       0
       1
       0
       0
       0
       0
       0
       0
       0
       0
       0
       1
       0
       1
       0
       0
       1
       0
       0
       1
       0
       0
       0
       0
       0
       0
       0
       0
       0
       0
       0
       0
       0
       0
       0
       0
       1
       0
       0
       0
       1
       0
       0
       0
       0
       0
       0
       0
       0
       0
       0
       0
       0
       0
       0
       0
       0
       0
       0
       1
       0
       0
       0
       0
       0
       0
       0
       0
       0
       0
       0
       0
       0
       0
       0
       0
       0
       2
       0
       0
       0
       1
       0
       0
       0
       0
       0
       0
       0
       0
       0
       0
       0
       0
       0
       0
       0
       0
       0
       0
       0
       0
       0
       0
       1
       0
       0
       0
       0
       0
       0
       0
       0
       0
       0
       0
       0
       0
       0
       0
       0
       1
       1
       0
       0
       0
       0
       0
       2
       1
       0
       0
       0
       0
       0
       1
       0
       0
       1
       0
       0
       0
       0
       0
       0
       0
       0
       0
       0
       0
       0
       0
       0
       0
       0
       0
       0
       0
       1
       0
       0
       0
       0
       0
       1
       3
       2
       1
       2
       0
       1
       1
       0
       0
       1
       0
       0
       0
       1
       0
       0
       0
       0
       1
       0
       0
       1
       0
       0
       0
       0
       0
       0
       0
       0
       0
       0
       0
       0
       0
       0
       0
       0
       0
       0
       0
       1
       0
       0
       0
       1
       0
       0
       0
       0
       0
       1
       0
       0
       0
       0
       0
       0
       0
       0
       0
       0
       0
       0
       0
       0
       0
       1
       1
       0
       0
       0
       0
       0
       1
       0
       0
       0
       0
       0
       0
       0
       1
       0
       0
       0
       0
       0
       0
       0
       0
       0
       0
       0
       0
       0
       1
       0
       1
       0
       0
       0
       1
       0
       1
       0
       2
       0
       0
       1
       0
       0
       0
       0
       0
       0
       0
       0
       0
       0
       0
       0
       0
       0
       1
       0
       0
       0
       0
       0
       0
       0
       0
       1
       0
       0
       0
       0
       0
       0
       0
       1
       0
       0
       0
       0
       0
       0
       0
       0
       0
       1
       0
       1
       0
       0
       0
       0
       0
       0
       0
       0
       0
       0
       0
       0
       0
       0
       0
       1
       0
       0
       0
       0
       1
       0
       0
       0
       0
       0
       0
       0
       0
       0
       0
       0
       0
       0
       0
       0
       0
       0
       0
       0
       2
       0
       0
       0
       0
       0
       0
       0
       0
       0
       0
       0
       0
       1
       0
       0
       0
       0
       2
       0
       2
       0
       0
       0
       0
       0
       0
       0
       0
       0
       0
       0
       0
       0
       0
       0
       0
       0
       0
       0
       0
       0
       0
       0
       0
       0
       0
       0
       0
       0
       0
       0
       0
       2
       0
       1
       0
       0
       0
       0
       1
       0
       0
       0
       1
       0
       0
       0
       1
       1
       0
       0
       0
       0
       0
       0
       0
       0
       1
       0
       0
       0
       0
       0
       0
       0
       0
       0
       0
       0
       0
       0
       1
       0
       0
       0
       0
       0
       0
       0
       0
       0
       0
       0
       1
       0
       0
       0
       1
       0
       1
       0
       0
       0
       0
       0
       0
       0
       0
       0
       0
       0
       0
       0
       0
       1
       0
       0
       1
       0
       0
       0
       0
       1
       1
       1
       0
       0
       0
       0
       0
       0
       0
       0
       0
       0
       0
       0
       1
       0
       0
       0
       0
       1
       0
       0
       0
       0
       0
       0
       0
       0
       0
       1
       0
       0
       0
       0
       0
       0
       0
       0
       0
       0
       0
       0
       0
       0
       0
       0
       0
       0
       0
       0
       0
       0
       0
       0
       0
       0
       1
       0
       0
       0
       0
       1
       0
       0
       0
       0
       2
       1
       0
       0
       0
       1
       1
       0
       0
       0
       0
       0
       0
       0
       0
       0
       1
       0
       0
       0
       0
       0
       0
       1
       0
       0
       0
       0
       0
       0
       0
       0
       0
       0
       0
       0
       0
       0
       0
       0
       0
       0
       0
       0
       1
       0
       0
       0
       0
       0
       1
       0
       0
       0
       0
       0
       0
       0
       1
       0
       0
       0
       0
       0
       0
       0
       0
       0
       0
       0
       0
       0
       0
       0
       1
       0
       0
       0
       0
       0
       0
       0
       0
       0
       0
       0
       0
       0
       0
       0
       0
       0
       0
       0
       0
       0
       0
       0
       0
       1
       0
       0
       1
       0
       0
       0
       0
       0
       0
       0
       0
       0
       0
       0
       0
       1
       0
       0
       0
       0
       1
       0
       0
       0
       0
       0
       0
       0
       0
       0
       0
       0
       0
       0
       0
       0
       1
       0
       0
       0
       1
       0
       0
       0
       0
       0
       0
       0
       0
       0
       0
       0
       1
       0
       0
       0
       0
       0
       0
       1
       0
       0
       0
       0
       0
       0
       0
       0
       0
       1
       0
       0
       0
       0
       0
       0
       0
       0
       0
       1
       0
       0
       0
       0
       0
       0
       0
       0
       1
       0
       0
       0
       0
       0
       0
       0
       0
       1
       0
       0
       0
       1
       0
       0
       0
       0
       0
       0
       0
       0
       0
       0
       0
       0
       0
       1
       0
       0
       0
       1
       0
       0
       0
       0
       0
       0
       0
       0
       0
       0
       0
       1
       1
       0
       0
       0
       2
       0
       0
       0
       0
       0
       0
       0
       0
       0
       0
       0
       0
       0
       0
       0
       0
       0
       0
       0
       0
       1
       0
       1
       0
       0
       0
       0
       0
       1
       0
       0
       0
       0
       0
       0
       0
       0
       0
       0
       1
       0
       2
       0
       0
       0
       0
       0
       0
       0
       0
       0
       0
       1
       0
       0
       0
       0
       0
       0
       0
       0
       0
       0
       0
       0
       0
       0
       0
       1
       0
       0
       1
       0
       0
       0
       0
       0
       1
       0
       0
       0
       0
       0
       0
       0
       0
       0
       0
       0
       0
       0
       0
       0
       0
       0
       0
       0
       0
       0
       1
       0
       0
       0
       0
       0
       0
       0
       0
       0
       0
       0
       0
       0
       0
       0
       0
       0
       0
       0
       0
       0
       0
       1
       0
       0
       0
       0
       0
       0
       0
       0
       0
       0
       0
       0
       0
       0
       0
       0
       0
       0
       1
       0
       0
       0
       0
       0
       0
       0
       0
       0
       0
       0
       0
       0
       0
       0
       0
       0
       0
       0
       0
       0
       0
       0
       0
       0
       0
       0
       0
       0
       0
       0
       0
       0
       0
       0
       0
       1
       0
       0
       0
       0
       0
       0
       0
       0
       1
       0
       0
       0
       0
       0
       0
       0
       0
       0
       0
       0
       0
       0
       0
       0
       0
       0
       0
       0
       0
       0
       0
       0
       0
       0
       0
       0
       0
       0
       0
       1
       0
       0
       1
       0
       0
       0
       0
       0
       0
       0
       0
       0
       0
       0
       0
       0
       0
       0
       0
       1
       0
       1
       0
       0
       0
       1
       0
       0
       0
       0
       0
       0
       0
       0
       0
       0
       0
       0
       0
       0
       0
       0
       0
       0
       1
       0
       0
       0
       0
       0
       0
       0
       0
       0
       0
       0
       1
       1
       0
       0
       0
       2
       0
       0
       0
       0
       0
       0
       0
       0
       0
       0
       0
       0
       0
       0
       0
       0
       0
       0
       0
       0
       1
       0
       1
       0
       0
       0
       0
       0
       0
       0
       0
       0
       0
       0
       0
       0
       0
       0
       0
       0
       0
       0
       0
       0
       0
       0
       0
       0
       1
       0
       0
       0
       0
       0
       0
       0
       0
       0
       0
       0
       0
       1
       0
       0
       0
       0
       0
       0
       0
       0
       0
       0
       0
       0
       0
       0
       0
       0
       0
       0
       0
       0
       0
       0
       0
       0
       0
       0
       1
       0
       0
       0
       0
       0
       0
       0
       0
       0
       0
       0
       0
       0
       0
       0
       0
       0
       0
       0
       0
       0
       0
       0
       0
       0
       0
       0
       0
       0
       1
       0
       0
       0
       0
       0
       0
       0
       0
       0
       0
       0
       0
       0
       0
       0
       0
       0
       0
       0
       0
       0
       0
       0
       0
       0
       0
       0
       0
       0
       0
       0
       0
       0
       0
       0
       0
       0
       0
       0
       0
       0
       0
       0
       0
       0
       0
       0
       0
       0
       0
       0
       0
       0
       0
       0
       0
       0
       0
       0
       0
       0
       0
       0
       0
       0
       0
       0
       0
       0
       0
       1
       0
       0
       0
       0
       0
       1
       0
       1
       0
       0
       0
       0
       0
       0
       0
       0
       0
       0
       0
       0
       0
       0
       1
       2
       0
       1
       3
       1
       0
       0
       1
       0
       0
       0
       0
       0
       0
       0
       0
       0
       0
       0
       0
       0
       0
       0
       0
       0
       0
       0
       0
       0
       0
       0
       0
       0
       0
       0
       0
       0
       1
       0
       0
       0
       0
       0
       0
       0
       0
       0
       0
       0
       0
       0
       0
       0
       0
       0
       0
       0
       0
       0
       0
       0
       0
       0
       0
       0
       0
       0
       0
       0
       0
       0
       0
       0
       0
       0
       0
       0
       0
       0
       0
       0
       0
       0
       0
       0
       0
       0
       1
       0
       0
       0
       0
       0
       1
       0
       0
       0
       0
       0
       0
       0
       1
       0
       0
       0
       0
       0
       0
       0
       0
       0
       0
       0
       0
       0
       0
       0
       0
       0
       0
       0
       0
       0
       0
       0
       1
       0
       0
       0
       0
       0
       0
       0
       1
       0
       1
       0
       0
       0
       0
       0
       0
       0
       1
       0
       1
       0
       0
       0
       0
       0
       0
       0
       0
       2
       0
       0
       0
       0
       0
       0
       0
       0
       0
       0
       0
       0
       0
       1
       0
       0
       0
       0
       0
       0
       0
       0
       0
       0
       0
       0
       1
       0
       0
       0
       0
       0
       0
       0
       0
       0
       0
       0
       0
       0
       1
       0
       0
       0
       0
       0
       0
       0
       0
       0
       0
       0
       0
       0
       0
       0
       0
       0
       0
       0
       0
       0
       0
       0
       0
       0
       0
       0
       0
       0
       1
       0
       0
       0
       0
       0
       0
       0
       0
       0
       0
       0
       1
       0
       0
       0
       0
       0
       0
       1
       0
       0
       0
       0
       0
       0
       0
       0
       0
       0
       0
       0
       0
       0
       0
       0
       0
       0
       0
       0
       0
       0
       0
       0
       0
       0
       0
       2
       0
       0
       0
       0
       0
       0
       0
       0
       0
       0
       1
       0
       0
       0
       0
       0
       0
       0
       0
       0
       0
       0
       0
       0
       0
       0
       0
       0
       0
       0
       1
       0
       0
       0
       0
       0
       0
       0
       0
       0
       0
       0
       0
       0
       0
       0
       0
       0
       0
       0
       0
       0
       0
       0
       1
       0
       1
       0
       0
       0
       0
       0
       0
       0
       0
       0
       0
       0
       0
       0
       0
       0
       1
       0
       0
       0
       0
       0
       0
       0
       0
       0
       0
       0
       0
       0
       0
       0
       0
       0
       0
       0
       0
       0
       0
       0
       0
       0
       1
       0
       0
       0
       0
       0
       0
       0
       0
       0
       0
       0
       0
       0
       0
       0
       0
       1
       0
       0
       0
       0
       0
       0
       0
       0
       0
       0
       0
       1
       0
       0
       0
       0
       0
       0
       0
       0
       0
       0
       0
       0
       0
       0
       0
       0
       0
       0
       0
       0
       0
       0
       0
       0
       0
       0
       0
       0
       0
       0
       0
       0
       0
       0
       1
       0
       0
       0
       0
       0
       0
       0
       0
       0
       0
       0
       0
       0
       0
       0
       0
       0
       0
       0
       0
       0
       0
       0
       0
       0
       1
       0
       0
       0
       0
       0
       1
       0
       0
       0
       0
       0
       0
       0
       0
       0
       0
       0
       0
       0
       0
       0
       0
       0
       0
       0
       0
       1
       0
       0
       0
       0
       0
       0
       0
       0
       0
       0
       0
       0
       0
       0
       0
       0
       0
       0
       0
       0
       0
       0
       0
       0
       0
       0
       0
       0
       0
       0
       0
       0
       0
       0
       0
       0
       0
       0
       0
       0
       0
       0
       0
       0
       0
       0
       0
       0
       0
       0
       0
       0
       0
       0
       0
       0
       0
       1
       0
       0
       1
       0
       0
       0
       0
       0
       0
       0
       0
       0
       0
       0
       0
       0
       0
       0
       0
       0
       0
       0
       1
       0
       0
       0
       0
       0
       0
       0
       1
       0
       0
       0
       0
       0
       0
       0
       0
       0
       0
       0
       0
       0
       0
       0
       0
       0
       0
       0
       0
       0
       0
       0
       1
       1
       0
       0
       0
       0
       0
       1
       0
       0
       0
       0
       0
       0
       0
       0
       0
       0
       0
       0
       0
       0
       0
       0
       0
       1
       0
       0
       0
       0
       0
       0
       0
       0
       0
       1
       0
       0
       0
       0
       0
       0
       0
       0
       0
       0
       0
       0
       0
       0
       0
       0
       0
       0
       0
       0
       0
       0
       0
       0
       0
       0
       0
       0
       0
       0
       0
       0
       1
       0
       0
       0
       0
       0
       0
       0
       1
       0
       0
       0
       0
       0
       0
       0
       0
       0
       0
       0
       0
       0
       0
       0
       0
       0
       0
       0
       0
       0
       0
       0
       0
       0
       0
       0
       0
       0
       0
       0
       0
       0
       0
       0
       0
       0
       0
       0
       0
       0
       0
       0
       0
       0
       0
       0
       0
       0
       0
       0
       0
       0
       0
       0
       0
       0
       0
       0
       0
       0
       0
       0
       0
       0
       0
       1
       0
       0
       0
       0
       0
       0
       0
       0
       0
       0
       0
       0
       0
       0
       0
       0
       0
       0
       0
       0
       0
       0
       0
       0
       0
       0
       0
       0
       0
       0
       0
       0
       0
       0
       0
       0
       0
       0
       0
       0
       0
       0
       0
       0
       0
       0
       0
       0
       0
       0
       0
       0
       0
       0
       0
       0
       0
       0
       0
       0
       0
       0
       0
       0
       0
       0
       0
       0
       0
       0
       1
       0
       0
       0
       0
       0
       0
       0
       0
       0
       0
       0
       0
       0
       0
       0
       0
       0
       0
       0
       0
       0
       0
       0
       0
       0
       0
       0
       0
       0
       0
       0
       0
       0
       0
       0
       0
       0
       0
       0
       0
       0
       0
       0
       0
       0
       0
       0
       0
       0
       0
       0
       0
       0
       0
       0
       0
       1
       0
       0
       0
       0
       0
       0
       0
       0
       0
       0
       0
       0
       0
       0
       0
       0
       0
       0
       0
       0
       0
       0
       0
       0
       1
       0
       0
       0
       0
       0
       0
       0
       0
       0
       0
       0
       0
       0
       0
       0
       0
       0
       0
       0
       0
       0
       0
       0
       0
       0
       0
       0
       0
       0
       0
       0
       0
       0
       0
       0
       0
       0
       0
       0
       0
       0
       0
       0
       0
       0
       0
       0
       1
       0
       0
       0
       0
       0
       0
       0
       0
       0
       0
       0
       0
       0
       0
       0
       0
       0
       0
       0
       0
       0
       0
       0
       0
       0
       0
       0
       0
       0
       0
       0
       0
       0
       0
       0
       0
       0
       0
       0
       0
       0
       0
       0
       0
       0
       0
       0
       0
       0
       0
       0
       0
       0
       0
       0
       0
       0
       0
       0
       0
       0
       0
       0
       0
       0
       0
       0
       0
       0
       0
       0
       0
       0
       0
       0
       0
       0
       0
       0
       0
       0
       0
       0
       0
       0
       0
       0
       0
       0
       0
       0
       0
       0
       0
       0
       0
       0
       0
       0
       0
       0
       0
       0
       1
       0
       1
       0
       2
       1
       1
       0
       0
       0
       0
       0
       0
       0
       0
       0
       0
       0
       0
       0
       0
       0
       0
       0
       0
       0
       0
       0
       0
       0
       0
       0
       0
       0
       0
       0
       0
       0
       0
       0
       0
       0
       0
       0
       0
       0
       0
       0
       0
       0
       0
       0
       0
       0
       0
       0
       0
       0
       0
       0
       0
       0
       0
       0
       0
       0
       0
       0
       0
       0
       0
       0
       0
       0
       0
       0
       0
       0
       0
       0
       0
       0
       0
       0
       0
       0
       0
       0
       0
       0
       0
       0
       0
       0
       0
       0
       0
       0
       0
       0
       0
       0
       0
       0
       0
       0
       0
       0
       0
       0
       0
       0
       0
       0
       0
       0
       0
       0
       0
       0
       0
       0
       0
       0
       0
       0
       0
       0
       0
       0
       0
       0
       0
       0
       0
       0
       0
       0
       0
       0
       0
       0
       0
       0
       0
       0
       0
       0
       0
       0
       0
       0
       0
       0
       0
       0
       0
       0
       0
       0
       0
       0
       0
       0
       0
       0
       0
       0
       0
       0
       0
       0
       0
       0
       0
       0
       0
       0
       0
       0
       0
       0
       0
       0
       0
       0
       0
       0
       0
       0
       0
       0
       0
       0
       0
       0
       0
       0
       0
       0
       0
       0
       0
       0
       0
       0
       0
       0
       0
       0
       0
       0
       0
       0
       0
       0
       0
       0
       0
       0
       0
       0
       0
       0
       0
       0
       0
       0
       0
       0
       0
       0
       0
       0
       0
       0
       0
       0
       0
       0
       0
       0
       0
       0
       0
       0
       0
       0
       0
       0
       0
       0
       0
       0
       0
       0
       0
       0
       0
       0
       0
       0
       0
       0
       0
       0
       0
       0
       0
       0
       0
       0
       0
       0
       0
       0
       0
       0
       0
       0
       0
       0
       0
       0
       0
       0
       0
       0
       0
       0
       0
       0
       0
       0
       0
       0
       0
       0
       0
       0
       0
       0
       0
       0
       0
       0
       0
       0
       0
       0
       0
       0
       0
       0
       0
       0
       0
       0
       0
       0
       0
       0
       0
       0
       0
       0
       0
       0
       0
       0
       0
       0
       0
       0
       0
       0
       0
       0
       0
       0
       0
       0
       0
       0
       0
       0
       0
       0
       1
       0
       0
       0
       0
       0
       0
       0
       0
       0
       0
       0
       0
       1
       0
       0
       0
       0
       0
       0
       0
       0
       0
       0
       0
       0
       0
       0
       0
       0
       0
       0
       0
       0
       0
       0
       0
       0
       0
       0
       0
       0
       0
       0
       0
       0
       0
       0
       0
       0
       0
       0
       0
       0
       0
       0
       0
       0
       0
       0
       0
       0
       0
       0
       0
       0
       0
       0
       0
       0
       0
       0
       0
       0
       0
       0
       0
       0
       0
       0
       0
       0
       0
       0
       0
       0
       0
       0
       0
       0
       0
       0
       0
       0
       0
       0
       0
       0
       0
       0
       0
       0
       0
       0
       0
       0
       0
       0
       0
       0
       0
       0
       0
       0
       0
       0
       0
       0
       0
       0
       0
       0
       0
       0
       0
       0
       0
       0
       0
       0
       0
       0
       0
       0
       0
       0
       0
       0
       0
       0
       0
       0
       0
       0
       0
       0
       0
       0
       0
       0
       0
       0
       0
       0
       0
       0
       0
       0
       0
       0
       0
       0
       0
       0
       0
       1
       0
       0
       0
       0
       0
       0
       0
       0
       0
       0
       0
       0
       0
       0
       0
       0
       0
       0
       0
       0
       0
       0
       0
       0
       1
       0
       0
       0
       0
       0
       0
       0
       0
       0
       0
       0
       0
       0
       0
       0
       0
       0
       0
       0
       0
       0
       0
       0
       0
       0
       0
       0
       0
       0
       0
       0
       0
       0
       0
       0
       0
       0
       0
       0
       0
       0
       0
       0
       0
       0
       0
       0
       0
       0
       0
       0
       0
       0
       0
       0
       0
       0
       0
       0
       0
       0
       0
       0
       0
       0
       0
       0
       0
       0
       0
       0
       1
       0
       0
       0
       0
       0
       0
       0
       0
       0
       0
       0
       0
       0
       0
       0
       0
       0
       0
       0
       0
       0
       0
       0
       0
       0
       0
       0
       0
       0
       0
       0
       0
       0
       0
       0
       0
       0
       0
       0
       0
       0
       0
       0
       0
       0
       0
       0
       0
       0
       0
       0
       0
       0
       0
       0
       0
       0
       0
       0
       0
       0
       0
       0
       0
       0
       0
       0
       0
       0
       0
       0
       0
       0
       0
       0
       0
       0
       0
       0
       0
       0
       0
       0
       0
       0
       0
       0
       0
       0
       0
       0
       0
       0
       0
       0
       0
       0
       0
       0
       0
       0
       0
       0
       0
       0
       0
       0
       0
       0
       0
       0
       0
       0
       0
       0
       0
       0
       0
       0
       0
       0
       0
       0
       0
       0
       0
       0
       0
       0
       0
       0
       0
       0
       0
       0
       0
       1
       0
       0
       0
       0
       0
       0
       0
       0
       0
       0
       0
       0
       0
       0
       0
       0
       0
       0
       0
       0
       0
       0
       0
       0
       0
       0
       0
       0
       0
       0
       0
       0
       0
       0
       0
       0
       0
       0
       0
       0
       0
       0
       0
       0
       0
       0
       0
       0
       0
       0
       0
       0
       0
       0
       0
       0
       0
       0
       0
       0
       0
       0
       0
       0
       0
       0
       0
       0
       0
       0
       0
       0
       0
       0
       0
       0
       0
       0
       0
       0
       0
       0
       0
       0
       0
       0
       0
       0
       0
       0
       0
       0
       0
       0
       0
       0
       0
       0
       0
       1
       0
       0
       0
       0
       0
       0
       0
       0
       0
       0
       0
       0
       0
       0
       0
       0
       0
       0
       0
       0
       0
       0
       0
       0
       0
       0
       0
       0
       0
       0
       0
       0
       0
       0
       0
       0
       0
       0
       0
       0
       0
       0
       0
       0
       0
       0
       0
       0
       0
       0
       0
       0
       0
       0
       0
       0
       0
       0
       0
       0
       0
       0
       0
       0
       0
       0
       0
       0
       0
       0
       0
       0
       0
       0
       0
       0
       0
       0
       0
       0
       0
       0
       0
       0
       0
       0
       0
       0
       0
       0
       0
       0
       0
       0
       0
       0
       0
       0
       0
       0
       0
       0
       0
       0
       0
       0
       0
       0
       0
       0
       0
       0
       0
       0
       0
       0
       0
       0
       0
       0
       0
       0
       0
       0
       0
       0
       0
       0
       0
       0
       0
       0
       0
       0
       0
       0
       0
       0
       0
       0
       0
       0
       0
       0
       0
       0
       0
       0
       0
       0
       0
       0
       0
       0
       0
       0
       0
       0
       0
       0
       0
       0
       0
       0
       0
       0
       0
       0
       0
       0
       0
       0
       0
       0
       0
       0
       0
       0
       0
       0
       0
       0
       0
       0
       0
       0
       0
       0
       0
       0
       0
       0
       0
       0
       0
       0
       0
       0
       0
       0
       0
       0
       0
       0
       0
       0
       0
       0
       0
       0
       0
       0
       0
       0
       0
       0
       0
       0
       0
       0
       0
       0
       0
       0
       0
       0
       0
       0
       0
       0
       0
       0
       0
       0
       0
       0
       0
       0
       0
       0
       0
       0
       0
       0
       0
       0
       0
       0
       0
       0
       0
       0
       0
       0
       0
       0
       0
       0
       0
       0
       0
       0
       0
       0
       0
       0
       0
       0
       0
       0
       0
       0
       0
       0
       0
       0
       0
       0
       0
       0
       0
       0
       0
       0
       0
       0
       0
       0
       0
       0
       0
       0
       0
       0
       0
       0
       0
       0
       0
       0
       0
       0
       0
       0
       0
       0
       0
       0
       0
       0
       0
       0
       0
       0
       0
       0
       0
       0
       0
       0
       0
       0
       0
       0
       0
       0
       0
       0
       0
       0
       0
       0
       0
       0
       0
       0
       0
       0
       0
       0
       0
       0
       0
       0
       0
       0
       0
       0
       0
       0
       0
       0
       0
       0
       0
       0
       0
       0
       0
       0
       0
       0
       0
       0
       0
       0
       0
       0
       0
       0
       0
       0
       0
       0
       0
       0
       0
       0
       0
       0
       0
       0
       0
       0
       0
       0
       0
       0
       0
       0
       0
       0
       0
       0
       0
       0
       0
       0
       0
       0
       0
       0
       0
       0
       0
       0
       0
       0
       0
       0
       0
       0
       0
       0
       0
       0
       0
       0
       0
       0
       0
       0
       0
       0
       0
       0
       0
       0
       0
       0
       0
       0
       0
       0
       0
       0
       0
       0
       0
       0
       0
       0
       0
       0
       0
       0
       0
       0
       0
       0
       0
       0
       0
       0
       0
       0
       0
       0
       0
       0
       0
       0
       0
       0
       0
       0
       0
       0
       0
       0
       0
       0
       0
       0
       0
       0
       0
       0
       0
       0
       0
       0
       0
       0
       0
       0
       0
       0
       0
       0
       0
       0
       0
       0
       0
       0
       0
       0
       0
       0
       0
       0
       0
       0
       0
       0
       0
       0
       0
       0
       0
       0
       0
       0
       0
       0
       0
       0
       0
       0
       0
       0
       0
       0
       0
       0
       0
       0
       0
       0
       0
       0
       0
       0
       0
       0
       0
       0
       0
       0
       0
       0
       0
       0
       0
       0
       0
       0
       0
       0
       0
       0
       0
       0
       0
       0
       0
       0
       0
       0
       0
       0
       0
       0
       0
       0
       0
       0
       0
       0
       0
       0
       0
       0
       0
       0
       0
       0
       0
       0
       0
       0
       0
       0
       0
       0
       0
       0
       0
       0
       0
       0
       0
       0
       0
       0
       0
       0
       0
       0
       0
       0
       0
       0
       0
       0
       0
       0
       0
       0
       0
       0
       0
       0
       0
       0
       0
       0
       0
       0
       0
       0
       0
       0
       0
       0
       0
       0
       0
       0
       0
       0
       0
       0
       0
       0
       0
       0
       0
       0
       0
       0
       0
       0
       0
       0
       0
       0
       0
       0
       0
       0
       0
       0
$ROI:
0
$PRESETS:
Real Time
180
0
$ENER_FIT:
0.888569 0.390988
$MCA_CAL:
3
8.885689E-001 3.909876E-001 3.191953E-008 keV
$SHAPE_CAL:
3
0.000000E+000 0.000000E+000 0.000000E+000
