$SPEC_ID:
1
$SPEC_REM:
DET# 2
DETDESC# MCB 130 Normal
AP# Maestro Version 7.01
$DATE_MEA:
09/25/2019 17:53:09
$MEAS_TIM:
177 180
$DATA:
0 8191
       0
       0
       0
       0
       0
       0
       0
       0
       0
       0
       0
       0
       0
       0
       0
       0
       0
       0
       0
       0
       0
       0
       0
       0
       0
       0
      14
     412
     128
      69
      90
     134
     134
     190
     161
     117
     112
     111
     127
     179
     183
     164
     125
     148
     145
     136
      99
      86
     115
      95
     118
      94
     106
      97
     101
      79
      80
     100
      96
     138
      91
      77
      88
      87
      95
     102
      88
     102
     118
     169
     214
     251
     177
     126
     118
     152
     185
     213
     148
     112
     115
     127
     114
     106
     108
     101
     114
     150
     286
     410
     440
     259
     152
      83
      87
      89
     103
      95
      95
     111
     118
     166
     170
     156
      94
     119
      91
      75
      76
      91
      77
      91
      80
      97
      96
      95
      95
      97
      67
      75
     100
      72
      80
      84
     132
     148
     130
      90
      94
      75
      99
     101
      90
      98
      77
     118
      94
      89
      92
      90
     103
     105
     110
     114
     220
     233
     168
     115
     109
      90
     107
     100
     118
      91
     115
     114
     117
      99
     115
     112
     105
     107
      95
     104
     150
     121
     103
     128
     144
     107
     111
     116
      89
     127
     108
     108
     124
     102
     113
     135
     104
     132
     104
     121
     148
     139
     135
     124
     124
     181
     175
     166
     148
     129
     114
     146
     165
     113
     125
     125
     127
     154
     160
     139
     215
     308
     264
     211
     155
     139
     121
     127
     149
     140
     182
     174
     133
     150
     151
     167
     174
     187
     148
     138
     139
     143
     150
     142
     155
     141
     174
     162
     167
     153
     149
     142
     157
     151
     155
     194
     223
     183
     200
     142
     165
     143
     130
     140
     155
     198
     257
     241
     292
     328
     262
     178
     131
     143
     134
     149
     142
     163
     251
     313
     357
     258
     170
     146
     225
     360
     436
     286
     180
     127
     128
     118
     148
     120
     122
     120
     126
     141
     151
     173
     167
     150
     136
     135
     146
     126
     142
     143
     133
     136
     137
     159
     162
     171
     154
     165
     130
     128
     118
     131
     114
     130
     140
     153
     156
     137
     136
     120
     110
     128
     115
     129
     115
     135
     108
     119
     118
     123
     126
     119
     132
     121
     109
     130
     107
     118
     129
     121
     114
     113
     101
     108
     115
     131
     131
     108
     137
     103
     113
     108
     129
     120
     125
     106
     130
     109
     113
      87
     109
     107
     112
     113
     253
     607
     780
     592
     273
     122
      99
     100
      93
     105
      94
     113
     117
     129
     152
     134
     135
      79
      92
     101
      89
      86
      93
      98
      99
      89
     101
     112
      94
     114
      98
      91
      94
      99
      85
      81
      81
     106
      93
     102
      95
      96
      93
      95
      99
      88
      80
     100
      99
      91
      83
      77
      68
      72
      78
      77
      96
      95
      90
     103
     100
      82
      90
      71
      81
      91
      79
      57
      80
      80
      85
      80
      90
      83
      71
      78
      82
      87
      88
      70
      76
      86
      92
      90
      91
      89
      68
      79
      83
      82
      94
      87
      80
      68
      90
      83
      98
      69
      70
      85
      90
      58
      69
      84
      85
     109
     104
     105
      94
      75
      64
      78
      86
      73
      88
      85
      59
      77
      84
      69
      77
      79
      67
      70
      68
      74
      72
      64
      67
      68
      85
      87
      60
      69
      64
      70
      86
      65
      69
      76
      87
      63
      60
      52
      73
      74
      70
      67
      73
      62
      48
      52
      65
      56
      80
      68
      78
      62
      57
      73
      64
      61
      58
      55
      66
      76
      67
      60
      62
      57
      59
      56
      62
      59
      69
      65
      56
      65
      78
     100
      74
      73
      72
      56
      58
      63
      63
      49
      70
      54
      83
      75
      53
      50
      53
      56
      66
      57
      65
      62
      46
      48
      63
      56
      45
      64
      54
      60
      72
      61
      61
      54
      57
      57
      58
      58
      55
      54
      48
      50
      57
      59
      49
      62
      69
     172
     385
     428
     307
     134
      67
      55
      54
      72
      63
      69
      72
      62
      49
      58
      53
      44
      52
      46
      48
      64
      52
      51
      47
      53
      61
      56
      55
      82
      64
      59
      57
      54
      56
      60
      52
      51
      45
      55
      42
      49
      53
      54
      47
      52
      40
      41
      50
      51
      45
      42
      50
      28
      41
     104
     307
     772
     885
     605
     258
      82
      42
      54
      37
      30
      37
      47
      48
      51
      46
      49
      51
      44
      42
      30
      31
      43
      37
      48
      35
      50
      32
      41
      40
      43
      32
      39
      29
      46
      53
      49
      53
      50
      41
      36
      42
      36
      37
      47
      65
      84
      69
      51
      42
      36
      37
      40
      26
      51
      53
      39
      45
      38
      31
      47
      47
      44
      43
      49
      43
      39
      45
      48
      45
      39
      45
      69
     101
     120
     116
      61
      54
      35
      35
      45
      38
      41
      28
      37
      42
      45
      36
      33
      26
      29
      36
      32
      39
      46
      55
      41
      35
      42
      35
      31
      42
      43
      43
      35
      37
      41
      37
      41
      41
      38
      50
      84
     179
     293
     258
     141
      78
      48
      51
      72
      39
      50
      45
      32
      49
      32
      64
      63
      43
      39
      39
      38
      34
      45
      26
      31
      30
      23
      31
      34
      37
      42
      36
      38
      33
      28
      40
      35
      48
      35
      41
      34
      57
      47
      32
      32
      28
      39
      29
      40
      28
      26
      28
      28
      23
      33
      33
      34
      38
      33
      30
      56
      72
      71
      43
      54
      24
      35
      41
      44
      47
      36
      32
      32
      40
      27
      21
      30
      29
      26
      25
      28
      27
      24
      28
      29
      29
      22
      23
      23
      27
      37
      30
      31
      38
      49
      35
      31
      33
      26
      27
      24
      32
      26
      34
      34
      32
      38
      39
      41
      35
      30
      31
      40
      28
      25
      27
      37
      31
      30
      29
      24
      32
      28
      32
      31
      27
      23
      26
      28
      29
      29
      35
      30
      29
      34
      34
      35
      24
      22
      42
      17
      20
      30
      32
      29
      22
      26
      39
      39
      40
      45
      42
      38
      42
      30
      22
      33
      22
      30
      32
      24
      31
      19
      26
      33
      30
      23
      23
      26
      24
      26
      24
      21
      24
      29
      25
      29
      27
      39
      23
      22
      23
      35
      50
      80
      80
      68
      33
      30
      21
      41
      17
      19
      26
      15
      19
      25
      21
      28
      20
      24
      12
      30
      15
      22
      21
      23
      20
      18
      25
      22
      19
      16
      22
      31
      27
      25
      20
      22
      24
      23
      24
      19
      18
      22
      23
      15
      18
      23
      12
      23
      24
      28
      28
      28
      22
      21
      14
      18
      18
      20
      17
      18
      27
      17
      32
      33
      17
      23
      20
      19
      19
      28
      16
      15
      18
      18
      20
      21
      16
      19
       9
      24
      13
      11
      22
      20
       9
      23
      15
      17
      19
      18
      18
      20
      18
      21
      26
      21
      16
      14
      23
      20
      18
      20
      22
      27
      19
      23
      21
      18
      18
      18
      16
      25
      23
      31
      18
      17
      24
      19
      19
      20
      19
      26
      18
      16
      22
      17
      27
      27
      22
      17
      16
      29
      11
      22
      16
      21
      17
      29
      36
      24
      19
      18
      15
      25
      12
      16
      23
      21
      31
      18
      10
      22
      22
      21
      14
      15
      16
      27
      16
      20
      24
      23
      19
      18
      18
      20
      25
      18
      15
      20
      18
      14
      15
      23
      18
      19
      16
      21
      26
      25
      18
      18
      10
      18
      22
      23
      21
      14
      22
      26
      24
      19
      18
      27
      12
      14
      16
      22
      22
      14
      21
      15
      26
      22
      24
      21
      24
      18
      18
      10
      15
      28
      21
      20
      24
      22
      14
      22
      17
      16
      19
      17
      16
      18
      28
      20
      25
      28
      22
      15
      16
      16
      18
      21
      21
      18
      23
      18
      21
      17
      22
      21
      17
      25
      24
      18
      20
      15
      19
       9
      22
      18
      20
      21
      26
      17
      19
      23
      18
      16
      13
      16
      27
      15
      25
      24
      26
      32
      32
      20
      17
      16
      13
      20
       7
      14
      18
      17
      24
      12
      19
      10
      20
      16
      18
      10
      12
      16
      14
      18
      20
      15
      18
      17
      21
      22
      11
      16
      17
      16
      17
      16
      17
      20
      15
      15
      16
      17
      12
       7
      19
      15
      17
      24
      29
      24
      33
      29
      20
      13
      14
      17
      13
      21
      24
      17
      22
      15
      12
      24
      13
      16
      17
       8
      14
      20
      21
      16
      14
      26
      27
      31
      36
      16
      19
      21
      13
      10
      17
      12
      14
      12
      19
      10
      12
      18
      22
      15
      12
      19
      14
      16
      17
      25
      19
      13
      19
      19
      30
      43
      19
      23
      18
      15
      22
      25
      32
      14
      18
      22
      14
      21
      16
      14
      20
      14
      15
      13
       7
      18
       7
      20
      14
      11
      14
      22
      19
      16
      16
      15
      12
      13
       9
      19
      20
      32
      35
      25
      34
      21
      16
      24
      16
      22
      18
      22
      29
      35
      25
      21
      24
      16
      38
      78
     195
     306
     319
     196
     103
      29
      22
      13
      16
      21
      11
      20
      14
      18
      10
      13
      16
      11
      18
      24
      25
      28
      28
      21
      22
      14
      12
       9
       6
       5
      15
      12
      12
      13
      14
      10
       8
      14
      14
      15
      13
      11
      14
      20
      22
      22
      15
      26
       7
       9
      13
       7
      15
      11
       9
       9
      14
      15
      15
      11
      13
      14
      16
      19
      16
      45
      76
     102
     113
      61
      33
      16
      11
       9
      13
       8
       9
      10
      12
       8
      16
       8
      12
       8
      16
      13
      11
      12
      14
      14
      14
       6
      10
      14
      14
      12
      12
      10
       7
      10
      10
       8
      11
      14
      11
       7
       7
      16
      12
       4
       6
       8
       8
      11
       6
      11
       9
       8
      15
       6
       8
      10
       8
      10
       5
      10
      11
       8
      10
      10
       5
       6
      13
      19
       8
       9
       6
      14
      14
      17
      10
       8
       8
       7
       6
       9
       5
      13
       4
      11
       5
       5
       9
      11
       4
      11
       6
       7
      12
      14
      12
       9
       8
      10
       7
       6
       6
       6
       9
       3
      12
       9
      11
      10
       7
       8
       2
      10
      10
       5
      14
      11
      12
       9
      12
      12
      10
      13
      17
      10
       9
       9
      15
      10
      11
       7
       9
       9
       7
      10
       9
      17
      23
      28
      34
      28
      11
      12
      14
       7
       6
       6
       7
       4
      10
       7
       7
       8
      10
       5
       6
       9
       7
       9
       8
       9
       5
       9
       9
       9
       6
      11
       6
      12
      15
      11
      11
       5
       3
       5
      12
       7
       8
       6
       7
       6
       5
       9
       8
      11
       6
       3
       2
       4
       7
       8
      16
      27
      18
      20
      17
      14
       9
       6
       5
       5
       7
       7
       4
       7
       5
       8
       5
       8
      16
      11
       8
       8
      12
       7
       3
      11
       5
      12
       8
       7
       6
       4
       2
      12
       6
       6
       8
      11
       9
       9
       7
       6
      13
       4
       2
      12
       4
       8
       8
      10
       6
       5
       8
       9
       5
       7
       7
       7
      18
      14
      24
      24
      20
      10
      13
      10
       3
       7
       4
       7
      18
      46
     130
     244
     209
     169
      89
      49
      19
       4
       4
      13
      11
       7
       4
      12
       9
      12
      10
      16
      16
      15
      19
       8
      12
      26
      29
      91
     104
      96
      71
      42
      17
      15
      13
      10
       8
       6
      15
      14
       6
       7
       4
       4
       7
       5
       4
      10
       5
       2
       2
       4
       3
       2
       4
       1
       4
       4
       7
       6
       4
       6
       4
       4
       4
       2
      10
       4
       4
       7
       2
       5
      10
       4
       7
       4
       5
       8
       7
       7
       6
       6
       5
       4
       5
       4
       4
       5
       4
       8
       1
       2
       3
       3
       6
       6
       7
      11
       5
       4
       7
       4
       6
       6
       3
       7
       8
       3
       9
       4
       6
       5
       5
       5
       9
       6
       6
       5
       9
       4
       4
       7
       6
       5
      11
       4
       6
       8
       9
      12
       8
       6
       6
       5
       6
       5
       4
       2
       7
       3
       5
       3
       4
       8
       6
       5
       8
       5
       4
       6
      10
       7
       7
       7
       4
       9
       5
       4
       6
       5
       4
       4
       7
      15
       6
       9
       8
      18
      12
       8
       7
       5
      10
      10
       8
      10
       7
       6
       5
      11
      14
      11
       6
       8
      11
       3
      10
      10
       3
       6
       5
       7
       7
       4
       3
       3
       3
       4
       4
       1
       4
       4
       9
       4
       5
       8
       7
       4
       6
       9
      19
      14
      22
      21
      18
       8
       4
       5
      14
      35
      77
     144
     182
     157
      97
      43
      20
       5
       4
       8
       5
       9
       4
       2
       8
      12
      15
      33
      23
      23
      21
      16
       9
       9
       4
       7
       4
       5
       3
       3
       5
       4
       4
       9
       8
       4
      10
      13
      12
       5
       5
       6
      10
       6
       4
       3
       2
       8
       4
       4
       8
       5
       7
       4
       4
       8
       5
       4
       6
       2
       4
       5
       4
       9
       4
       8
       3
       4
       7
       5
       6
       5
       6
       6
       9
      41
      61
      93
      74
      58
      20
      19
       5
       5
       2
       3
       5
       4
       3
       6
       8
       8
       7
       6
       4
       8
       5
       6
       1
       4
       7
       6
       2
       5
       6
       5
       3
       1
       6
       1
       6
       6
       1
       5
       6
       0
       3
       5
       4
       5
       5
       0
       2
       4
       2
       4
       5
       3
       3
       3
       2
       5
       4
       8
       4
       2
      10
       3
       6
       6
       3
       3
       4
       1
       4
       4
       3
       4
       5
       4
       2
       3
       2
       3
       6
       4
       1
       8
       7
       4
       4
       2
       1
       2
       7
       3
       4
       4
       4
       1
       3
       6
       7
       5
       5
       4
       4
       5
      12
       8
       6
      11
       6
       4
       6
       9
       6
       4
       7
       9
       6
       3
       5
       2
       6
       5
       4
       4
       1
       3
       9
       3
       4
       3
       2
       2
       4
       6
       8
       0
       3
       5
       1
       5
       4
       1
       4
       0
       4
       6
       2
       5
       2
       6
       3
       2
       4
       7
       5
       3
       2
       6
       4
       4
       4
       1
       3
       4
       5
       3
       9
       5
       6
       7
       1
       2
       4
       3
       1
       4
       3
       2
       2
       6
       1
       2
       4
       1
       5
       8
       3
       7
       4
       7
       6
       2
       2
       6
       5
       5
       3
       7
       4
       2
       2
       4
       2
       4
       2
       1
       9
       3
       7
       8
       5
       3
       2
       5
       4
       3
       8
       5
       7
       6
       5
       4
       3
       3
       3
       2
       2
       2
       2
       1
       5
       4
       5
       9
       4
       3
       6
       2
       4
       3
       4
       2
       2
       3
       3
       2
      12
       4
       4
       7
       3
       4
       4
       6
       2
       5
       2
       2
       6
       3
       7
       3
       6
       9
       7
      13
       9
       9
      11
       6
       3
       1
       3
       7
      10
       7
      12
      25
      13
      14
       7
       3
       6
       5
       1
       2
       5
       2
       4
       4
       4
       4
       2
       0
       2
       5
       2
       5
       8
       4
       5
       9
       6
      11
       4
       5
       3
       7
       2
       6
       5
       1
       1
       1
       4
       4
       3
       1
       3
       4
       4
       2
       4
       3
       1
       3
       4
       4
       2
       2
       2
       1
       4
       5
       1
       3
       6
       4
       3
       2
       3
       2
       4
       1
       2
       4
       3
       5
       6
       3
       2
       3
       3
       3
       4
       9
       9
       8
       5
       6
       4
       3
       4
       3
       4
       3
       3
       4
       3
       1
       3
       0
       2
       3
       3
       2
       2
       2
       5
       3
       1
       6
       1
       4
       0
       4
       2
       7
       4
       4
       1
       1
       4
       3
       2
       8
       5
       4
       2
       7
       3
       2
       5
       4
       4
       3
       3
       4
       1
       3
       1
       1
       4
       6
       1
       1
       7
       7
       3
       2
       3
       2
       1
       4
       3
       5
       1
       2
       3
       4
       5
       0
       4
       1
       3
       5
       2
       3
       2
       0
       4
       2
       3
       3
       1
       3
       6
       3
       4
       5
       6
       3
       5
       1
       4
       4
       2
       2
       1
       4
       2
       6
       5
       1
       1
       2
       2
       9
      18
       9
      11
       9
       6
       5
       0
       3
       0
       4
       0
       1
       4
       1
       3
       2
       6
       3
       5
       3
       6
       6
       6
       6
       2
       3
       4
       7
       7
       7
       7
      12
      12
       4
       5
       6
       4
       1
       5
       3
       3
       4
       0
       4
       2
       1
       7
       8
       1
       2
       1
       2
       1
       4
       4
       1
       3
       1
       2
       2
       2
       2
       2
       4
       2
       3
       2
       1
       3
       2
       3
       5
       3
       0
       2
       3
       5
       2
       2
       1
       2
       2
       3
       2
       2
       2
       3
       4
       3
       2
       1
       0
       5
       2
       4
       1
       0
       5
       3
       5
       5
       6
       3
       3
       3
       4
       6
       3
       3
       1
       5
       1
       1
       2
       4
       1
       1
       2
       1
       2
       3
       4
       5
       4
       3
       5
       2
       3
       7
       2
       2
       0
       3
       2
       6
       2
       3
       2
       1
       2
       1
       3
       3
       5
       4
       1
       3
       3
       2
       2
       3
       1
       4
       2
       2
       5
       1
       2
       1
       2
       1
       3
       2
       2
       3
       1
       4
       1
       1
       3
       4
       6
       6
       8
       4
       6
       8
      17
      22
      27
      26
      29
      14
       8
       3
       3
       4
       3
       3
       1
       1
       2
       2
       1
       2
       1
       4
       0
       4
       0
       2
       2
       1
       5
       1
       0
       3
       2
       5
       3
       2
       0
       3
       2
       1
       2
       4
       8
       5
       2
       5
       1
       1
       1
       2
       3
       1
       6
       5
       1
       2
       1
       1
       0
       2
       2
       2
       1
       3
       3
       5
       4
       4
       1
       1
       2
       3
       5
       3
       3
       3
       2
       2
       4
       0
       2
       3
       3
       3
       2
       2
       4
       3
       1
       3
       1
       2
       1
       2
       5
       7
       2
       2
       2
       3
       1
       1
       2
       4
       1
       3
       1
       1
       2
       2
       2
       3
       1
       3
       2
       0
       3
       3
       1
       0
       0
       2
       3
       1
       0
       1
       0
       0
       3
       2
       5
       2
       0
       5
       2
       2
       4
       0
       2
       2
       0
       3
       1
       3
       1
       3
       3
       4
       0
       2
       3
       2
       3
       2
       0
       3
       4
       2
       5
       0
       3
       0
       3
       3
       2
       2
       2
       4
       2
       1
       2
       2
       3
       2
       2
       0
       3
       0
       2
       1
       3
       2
       1
       0
       2
       1
       5
       0
       0
       2
       3
       0
       2
       6
       1
       7
       2
       4
       2
       3
       3
       2
       3
       2
       2
       3
       2
       3
       5
       3
       0
       3
       2
       1
       3
       2
       5
       1
       1
       4
       2
       1
       2
       1
       1
       2
       3
       4
       4
       3
       2
       2
       4
       3
       1
       1
       4
       5
       5
       4
       1
       7
       4
       2
       1
       3
       2
       4
      10
      10
       8
       4
      10
       7
       3
       2
       2
       5
       0
       4
       3
       4
       2
       1
       3
       4
       1
       2
       2
       1
       4
       1
       3
       1
       1
       3
      10
       6
       5
       7
       6
       2
       4
       2
       1
       2
       4
       4
       2
       2
       6
       3
       0
       2
       1
       2
       1
       2
       2
       4
       3
       2
       2
       3
       2
       2
       3
       3
       4
       3
       4
       2
       4
       3
       4
       2
       2
       6
       3
       6
       7
       6
       8
       3
       6
       6
       2
       0
       2
       1
       2
       4
       0
       1
       1
       2
       1
       2
       2
       3
       0
       1
       2
       1
       1
       1
       2
       3
       2
       0
       1
       0
       1
       2
       1
       0
       2
       2
       1
       0
       2
       1
       2
       3
       1
       0
       2
       2
       2
       0
       0
       2
       1
       2
       3
       2
       4
       2
       0
       2
       2
       0
       1
       8
       6
       9
       3
      10
       6
       4
       2
       0
       3
       1
       1
       3
       4
       0
       5
       5
      12
       5
       0
       4
       1
       1
       1
       2
       1
       0
       2
       2
       0
       1
       2
       3
       1
       4
       1
       3
       3
       2
       1
       2
       3
       0
       1
       0
       2
       0
       3
       1
       0
       1
       1
       0
       0
       2
       1
       1
       1
       3
       3
       2
       2
       1
       2
       4
       2
       2
       0
       1
       1
       4
       1
       2
       2
       3
       1
       3
       4
       1
       0
       3
       0
       3
       2
       4
       1
       1
       3
       0
       1
       1
       3
       2
       0
       0
       3
       1
       0
       0
       0
       0
       2
       0
       1
       0
       3
       1
       3
       2
       0
       1
       4
       5
       3
       2
       1
       4
       2
       0
       1
       2
       3
       1
       0
       3
       1
       1
       0
       1
       3
       1
       3
       3
       3
       2
       4
       1
       1
       0
       2
       3
       1
       0
       2
       1
       2
       2
       2
       0
       3
       3
       1
       2
       1
       4
       0
       2
       2
       1
       1
       0
       2
       2
       4
       1
       2
       6
       5
       2
       5
       3
       3
       5
       2
       3
       3
       2
       2
       2
       2
       0
       3
       0
       2
       3
       1
       3
       2
       1
       0
       0
       4
       0
       1
       3
       2
       2
       1
       1
       1
       1
       1
       0
       0
       0
       0
       3
       0
       0
       3
       3
       1
       2
       1
       2
       0
       2
       1
       0
       0
       1
       1
       1
       3
      10
       8
      11
      16
       8
       3
       4
       2
       1
       0
       0
       0
       0
       1
       0
       1
       1
       0
       1
       2
       2
       0
       2
       0
       2
       0
       1
       1
       2
       1
       1
       2
       6
       2
       1
       1
       2
       2
       2
       3
       2
       1
       0
       3
       3
       3
       2
       2
       2
       3
       0
       0
       2
       0
       1
       2
       2
       3
       0
       1
       2
       6
       1
       1
       0
       0
       0
       0
       3
       0
       1
       0
       0
       2
       1
       0
       0
       1
       2
       4
       0
       5
       3
       1
       1
       2
       2
       1
       1
       1
       1
       6
       2
       2
       0
       3
       2
       2
       2
       4
       2
       1
       3
       0
       0
       1
       0
       0
       1
       0
       0
       3
       1
       1
       2
       3
       0
       1
       0
       1
       2
       6
       2
       1
       1
       2
       2
       1
       1
       3
       2
       1
       2
       1
       0
       2
       1
       0
       4
       1
       0
       0
       0
       3
       2
       0
       0
       2
       1
       1
       1
       0
       2
       1
       1
       1
       1
       0
       0
       1
       0
       2
       1
       0
       1
       0
       1
       0
       1
       1
       1
       2
       1
       0
       3
       2
       1
       0
       1
       4
       0
       4
       0
       3
       5
       4
       2
       6
       2
       5
       3
       1
       1
       1
       0
       2
       1
       0
       2
       3
       1
       1
       0
       1
       0
       1
       1
       2
       1
       2
       1
       0
       2
       1
       1
       0
       2
       3
       0
       1
       1
       1
       0
       3
       2
       0
       0
       1
       2
       2
       2
       3
       1
       4
       0
       3
       0
       1
       1
       2
       0
       1
       0
       1
       1
       1
       0
       0
       1
       0
       1
       3
       0
       1
       1
       1
       2
       0
       1
       0
       2
       3
       2
       1
       1
       3
       3
       2
       0
       1
       3
       1
       1
       1
       0
       1
       0
       0
       2
       3
       2
       1
       4
       1
       1
       2
       0
       3
       1
       2
       2
       3
       0
       0
       2
       1
       1
       1
       1
       4
       0
       2
       3
       0
       3
       0
       1
       1
       0
       1
       0
       2
       1
       4
       0
       0
       0
       0
       2
       2
       0
       0
       1
       2
       0
       0
       0
       1
       0
       0
       0
       0
       1
       3
       2
       0
       0
       0
       2
       1
       1
       2
       1
       1
       0
       0
       1
       0
       0
       1
       1
       0
       3
       2
       3
       4
       2
       5
       3
       3
       1
       1
       0
       0
       1
       0
       1
       1
       2
       0
       1
       0
       1
       1
       0
       3
       0
       0
       1
       1
       1
       2
       1
       0
       1
       1
       4
       0
       2
       1
       2
       4
       2
       1
       1
       0
       1
       0
       0
       1
       0
       0
       1
       3
       1
       1
       1
       2
       1
       2
       0
       1
       0
       0
       1
       0
       0
       0
       0
       0
       1
       1
       2
       0
       0
       0
       1
       0
       2
       1
       1
       1
       0
       0
       0
       0
       1
       4
       1
       0
       1
       0
       1
       0
       0
       0
       2
       0
       1
       0
       1
       0
       0
       0
       1
       0
       1
       0
       1
       1
       0
       0
       0
       0
       2
       2
       3
       0
       0
       2
       0
       1
       1
       1
       1
       1
       1
       0
       2
       1
       0
       1
       0
       0
       2
       0
       0
       0
       2
       2
       2
       4
       0
       0
       1
       1
       0
       2
       3
       1
       2
       1
       0
       0
       1
       4
       3
       2
       4
       6
       3
       3
      10
      16
      14
      25
      18
      12
      18
       0
       0
       4
       0
       1
       2
       0
       2
       1
       1
       1
       0
       0
       0
       2
       1
       0
       1
       0
       1
       2
       1
       1
       1
       0
       0
       1
       1
       1
       0
       0
       1
       0
       0
       1
       0
       0
       1
       1
       0
       1
       2
       0
       0
       1
       0
       1
       0
       0
       1
       0
       1
       0
       1
       0
       0
       0
       0
       3
       2
       0
       0
       0
       1
       0
       0
       0
       0
       0
       1
       2
       0
       0
       0
       0
       0
       0
       1
       0
       0
       0
       0
       0
       0
       0
       1
       0
       2
       0
       0
       0
       1
       2
       1
       0
       1
       0
       0
       0
       0
       1
       1
       0
       2
       0
       0
       1
       2
       3
       0
       0
       1
       0
       1
       1
       1
       2
       2
       0
       1
       0
       1
       0
       0
       0
       2
       0
       0
       0
       1
       1
       1
       0
       0
       1
       0
       0
       0
       0
       0
       0
       0
       0
       0
       0
       0
       0
       0
       1
       3
       0
       0
       1
       0
       0
       0
       0
       0
       1
       1
       0
       0
       2
       0
       1
       0
       0
       0
       0
       0
       0
       0
       0
       1
       1
       0
       0
       1
       1
       0
       0
       0
       0
       0
       0
       0
       0
       0
       1
       0
       0
       1
       0
       1
       0
       1
       0
       0
       1
       0
       0
       1
       1
       1
       0
       0
       0
       1
       0
       1
       1
       0
       3
       0
       0
       0
       0
       1
       0
       0
       0
       1
       0
       0
       2
       0
       0
       1
       0
       1
       0
       0
       1
       1
       1
       0
       2
       1
       0
       0
       0
       0
       1
       1
       0
       1
       1
       0
       1
       0
       0
       1
       0
       0
       0
       0
       0
       2
       1
       0
       0
       0
       0
       1
       0
       2
       1
       1
       1
       0
       1
       0
       0
       0
       0
       0
       0
       1
       1
       0
       0
       0
       0
       0
       0
       0
       0
       1
       1
       0
       2
       0
       0
       0
       0
       1
       0
       0
       1
       0
       2
       0
       0
       0
       0
       0
       0
       0
       1
       1
       1
       0
       0
       0
       0
       1
       1
       0
       0
       1
       2
       2
       0
       0
       0
       1
       1
       1
       0
       1
       0
       0
       1
       2
       0
       2
       0
       0
       2
       2
       1
       5
      11
       4
       5
       6
       2
       1
       0
       0
       0
       0
       0
       0
       0
       0
       0
       2
       0
       0
       0
       1
       0
       0
       0
       0
       1
       1
       1
       0
       0
       0
       0
       1
       0
       0
       1
       0
       2
       0
       0
       0
       1
       0
       0
       0
       0
       0
       0
       1
       1
       1
       0
       0
       0
       1
       1
       0
       0
       0
       4
       0
       0
       1
       0
       3
       1
       0
       0
       0
       1
       0
       1
       0
       0
       0
       0
       0
       0
       0
       0
       0
       0
       0
       0
       1
       0
       0
       0
       0
       0
       0
       1
       0
       0
       0
       0
       0
       0
       0
       0
       1
       0
       2
       0
       0
       0
       0
       1
       0
       0
       0
       0
       0
       1
       1
       0
       0
       0
       0
       0
       0
       0
       0
       0
       1
       0
       0
       1
       0
       0
       0
       0
       0
       0
       1
       0
       0
       1
       0
       0
       0
       1
       0
       0
       0
       0
       1
       0
       0
       0
       1
       0
       0
       0
       0
       0
       0
       0
       2
       0
       0
       1
       0
       0
       0
       2
       1
       0
       0
       1
       0
       1
       0
       0
       1
       0
       0
       0
       1
       1
       0
       1
       2
       1
       0
       0
       0
       1
       0
       0
       0
       0
       0
       0
       0
       0
       0
       0
       0
       0
       0
       0
       1
       0
       0
       1
       1
       1
       0
       2
       5
       2
       0
       5
       0
       0
       0
       0
       0
       0
       0
       2
       1
       1
       1
       0
       0
       1
       0
       1
       0
       0
       0
       0
       0
       1
       0
       0
       0
       0
       0
       0
       0
       0
       1
       0
       1
       0
       0
       0
       1
       0
       0
       0
       0
       0
       2
       0
       0
       1
       0
       1
       0
       0
       1
       1
       2
       0
       0
       0
       0
       0
       1
       1
       0
       0
       1
       1
       0
       0
       0
       0
       2
       0
       0
       5
       1
       1
       0
       2
       0
       0
       0
       0
       0
       0
       1
       0
       0
       0
       0
       0
       0
       0
       0
       0
       0
       0
       0
       0
       0
       0
       0
       0
       0
       0
       1
       0
       0
       0
       0
       1
       1
       0
       1
       1
       0
       0
       0
       0
       0
       0
       0
       0
       0
       1
       0
       0
       0
       0
       2
       1
       1
       2
       1
       0
       2
       0
       1
       0
       0
       0
       0
       0
       0
       0
       0
       2
       0
       0
       1
       0
       0
       0
       0
       0
       0
       0
       0
       1
       1
       1
       0
       1
       0
       0
       0
       0
       0
       1
       0
       0
       0
       0
       0
       0
       0
       0
       0
       1
       1
       0
       1
       0
       0
       3
       0
       0
       2
       0
       1
       0
       1
       0
       0
       0
       0
       1
       0
       1
       1
       0
       0
       0
       0
       0
       0
       0
       0
       0
       1
       0
       0
       0
       0
       0
       0
       0
       1
       0
       1
       3
       0
       3
       2
       1
       1
       0
       0
       0
       0
       0
       0
       0
       0
       0
       0
       1
       0
       0
       0
       0
       1
       0
       1
       0
       0
       0
       0
       0
       0
       0
       0
       0
       0
       0
       2
       0
       0
       0
       0
       0
       0
       0
       0
       0
       0
       0
       0
       0
       0
       0
       0
       1
       0
       0
       1
       0
       0
       0
       1
       0
       0
       1
       1
       0
       0
       0
       2
       0
       1
       0
       3
       2
       0
       1
       0
       1
       0
       0
       1
       0
       0
       1
       1
       0
       0
       0
       0
       0
       1
       0
       0
       0
       1
       0
       0
       0
       1
       1
       0
       1
       0
       0
       0
       0
       0
       0
       1
       2
       0
       0
       0
       0
       0
       0
       0
       0
       0
       0
       0
       1
       0
       0
       0
       0
       0
       0
       0
       0
       0
       0
       0
       0
       0
       1
       0
       0
       0
       0
       0
       0
       0
       0
       0
       0
       0
       0
       0
       0
       0
       0
       1
       0
       0
       0
       0
       0
       0
       0
       0
       0
       0
       0
       1
       0
       0
       0
       0
       0
       0
       2
       0
       0
       0
       0
       1
       0
       0
       1
       0
       0
       0
       0
       1
       0
       0
       0
       1
       1
       0
       0
       0
       0
       0
       0
       1
       0
       0
       1
       2
       1
       0
       0
       0
       0
       0
       0
       0
       0
       0
       0
       0
       0
       0
       0
       0
       1
       0
       0
       1
       0
       0
       0
       1
       1
       1
       0
       0
       0
       0
       0
       0
       0
       0
       0
       0
       0
       0
       0
       0
       0
       0
       1
       0
       0
       0
       0
       0
       0
       0
       0
       1
       0
       0
       0
       0
       0
       1
       0
       0
       0
       0
       0
       0
       0
       0
       0
       0
       0
       0
       0
       0
       0
       0
       0
       0
       1
       0
       0
       0
       0
       0
       0
       0
       1
       0
       0
       0
       0
       0
       0
       0
       1
       0
       0
       1
       1
       0
       0
       0
       0
       0
       1
       0
       1
       0
       0
       0
       0
       0
       0
       0
       0
       0
       0
       0
       0
       0
       0
       0
       0
       0
       1
       0
       0
       0
       1
       0
       0
       0
       0
       0
       0
       0
       0
       0
       0
       0
       0
       0
       0
       0
       0
       0
       0
       0
       0
       0
       0
       0
       2
       0
       0
       0
       3
       0
       1
       0
       0
       0
       0
       0
       0
       0
       0
       1
       0
       0
       0
       0
       0
       1
       0
       0
       0
       0
       1
       0
       0
       1
       0
       0
       0
       0
       1
       0
       0
       1
       0
       0
       0
       0
       0
       0
       1
       2
       1
       0
       1
       0
       0
       0
       0
       1
       0
       0
       0
       0
       1
       0
       0
       0
       0
       1
       0
       1
       0
       1
       0
       0
       0
       0
       0
       1
       0
       2
       0
       0
       0
       0
       0
       1
       0
       0
       0
       0
       0
       0
       0
       1
       0
       0
       0
       1
       0
       0
       0
       0
       0
       0
       1
       0
       0
       1
       0
       0
       1
       0
       0
       0
       0
       0
       0
       0
       0
       0
       0
       0
       0
       0
       0
       1
       0
       0
       0
       0
       0
       0
       0
       0
       0
       0
       0
       1
       0
       0
       0
       1
       0
       0
       0
       0
       0
       0
       0
       0
       0
       0
       1
       0
       0
       0
       0
       0
       0
       0
       0
       0
       0
       0
       0
       0
       0
       0
       0
       0
       0
       0
       0
       0
       0
       0
       0
       0
       0
       0
       0
       0
       0
       0
       0
       0
       0
       0
       0
       0
       1
       0
       0
       0
       0
       0
       0
       0
       0
       0
       0
       0
       0
       0
       0
       0
       1
       0
       0
       0
       0
       0
       1
       0
       0
       0
       0
       0
       0
       0
       0
       0
       0
       0
       0
       0
       0
       0
       0
       0
       0
       0
       0
       0
       0
       0
       1
       0
       0
       0
       0
       0
       0
       0
       0
       0
       0
       0
       0
       0
       0
       0
       0
       0
       1
       0
       0
       0
       0
       0
       0
       0
       1
       0
       0
       1
       0
       0
       0
       0
       0
       0
       0
       0
       0
       0
       0
       0
       0
       0
       0
       0
       0
       0
       0
       0
       0
       1
       0
       0
       0
       0
       0
       0
       0
       0
       0
       1
       0
       0
       0
       0
       0
       0
       0
       1
       0
       0
       0
       0
       0
       0
       0
       0
       0
       0
       0
       0
       0
       0
       0
       0
       1
       0
       0
       0
       0
       0
       0
       0
       0
       0
       1
       0
       0
       0
       0
       0
       0
       1
       0
       0
       0
       1
       0
       0
       0
       0
       1
       0
       0
       1
       0
       0
       0
       0
       0
       0
       0
       0
       0
       0
       0
       0
       0
       0
       0
       0
       0
       1
       0
       0
       0
       0
       0
       0
       0
       2
       0
       0
       0
       0
       0
       0
       0
       0
       0
       0
       0
       1
       0
       0
       0
       0
       0
       0
       0
       0
       0
       0
       0
       1
       0
       0
       0
       0
       0
       0
       0
       0
       0
       0
       0
       0
       1
       0
       0
       0
       0
       0
       0
       0
       0
       0
       0
       0
       0
       0
       0
       0
       0
       0
       0
       0
       0
       0
       0
       0
       0
       0
       0
       0
       1
       0
       0
       0
       0
       0
       0
       0
       0
       0
       0
       0
       0
       0
       0
       0
       0
       0
       0
       0
       0
       0
       0
       0
       0
       0
       1
       0
       0
       0
       0
       0
       0
       0
       0
       0
       0
       0
       0
       0
       1
       0
       0
       0
       0
       0
       1
       0
       0
       0
       0
       0
       0
       0
       0
       0
       0
       0
       0
       1
       0
       0
       0
       0
       0
       0
       0
       0
       0
       0
       0
       0
       0
       2
       0
       0
       0
       0
       1
       0
       0
       0
       0
       0
       2
       0
       1
       0
       0
       0
       0
       0
       0
       1
       0
       1
       1
       0
       0
       0
       0
       0
       0
       0
       1
       1
       0
       1
       0
       1
       0
       0
       0
       0
       0
       0
       0
       0
       0
       1
       0
       0
       0
       1
       1
       0
       0
       0
       0
       0
       0
       0
       0
       0
       0
       0
       0
       0
       0
       0
       0
       0
       0
       0
       0
       0
       0
       0
       0
       1
       0
       0
       0
       0
       0
       1
       0
       0
       0
       0
       1
       0
       1
       0
       0
       0
       0
       0
       0
       0
       0
       0
       0
       0
       0
       0
       0
       0
       0
       0
       0
       0
       0
       0
       0
       0
       0
       0
       0
       0
       0
       0
       0
       0
       0
       1
       0
       0
       0
       0
       0
       1
       0
       0
       0
       0
       0
       0
       0
       0
       0
       0
       1
       0
       0
       0
       0
       0
       0
       0
       0
       0
       0
       0
       0
       0
       0
       0
       0
       0
       0
       0
       0
       0
       0
       0
       0
       0
       0
       0
       0
       0
       0
       0
       0
       0
       0
       0
       0
       0
       1
       0
       0
       0
       0
       0
       0
       0
       1
       0
       0
       0
       0
       0
       0
       0
       0
       0
       1
       0
       0
       1
       0
       0
       0
       0
       0
       0
       0
       0
       0
       0
       0
       0
       0
       0
       0
       0
       0
       0
       0
       1
       0
       1
       0
       0
       0
       0
       0
       0
       0
       0
       0
       0
       0
       0
       0
       0
       1
       0
       0
       0
       0
       0
       0
       0
       0
       0
       0
       0
       0
       0
       0
       0
       0
       0
       0
       0
       0
       0
       0
       0
       0
       0
       0
       1
       0
       0
       1
       0
       3
       2
       0
       0
       0
       0
       0
       0
       0
       0
       0
       0
       0
       0
       0
       0
       0
       0
       0
       0
       0
       1
       0
       0
       0
       0
       0
       1
       0
       0
       0
       0
       0
       0
       0
       0
       0
       0
       0
       0
       0
       0
       0
       0
       0
       0
       0
       0
       0
       0
       0
       0
       0
       0
       0
       0
       0
       0
       0
       0
       0
       0
       0
       0
       0
       0
       0
       0
       1
       0
       0
       0
       0
       0
       0
       0
       0
       0
       0
       0
       0
       0
       0
       0
       0
       0
       0
       0
       0
       0
       0
       0
       0
       0
       0
       0
       0
       0
       0
       0
       0
       0
       0
       0
       0
       0
       0
       0
       0
       0
       0
       1
       0
       0
       0
       0
       0
       0
       0
       0
       0
       0
       0
       0
       0
       0
       0
       0
       0
       0
       0
       0
       0
       0
       0
       0
       0
       0
       0
       0
       0
       0
       0
       0
       0
       0
       0
       0
       0
       0
       0
       0
       0
       0
       0
       0
       0
       0
       0
       0
       0
       0
       0
       0
       0
       0
       0
       1
       0
       1
       0
       0
       0
       1
       0
       0
       0
       0
       0
       0
       0
       0
       0
       0
       0
       1
       0
       0
       0
       0
       0
       0
       0
       0
       1
       0
       0
       0
       0
       1
       0
       0
       0
       0
       0
       0
       0
       1
       0
       0
       0
       1
       0
       0
       0
       0
       0
       0
       0
       0
       0
       0
       0
       0
       0
       0
       0
       0
       0
       0
       0
       0
       1
       0
       0
       0
       0
       0
       0
       0
       0
       0
       0
       0
       0
       0
       0
       0
       0
       0
       0
       0
       0
       0
       0
       0
       0
       0
       0
       0
       0
       0
       0
       0
       0
       0
       1
       0
       0
       0
       0
       0
       0
       0
       0
       0
       0
       0
       0
       1
       0
       0
       0
       0
       0
       0
       0
       0
       0
       0
       0
       0
       0
       0
       0
       0
       0
       0
       1
       0
       0
       0
       0
       0
       0
       0
       0
       0
       0
       0
       0
       0
       0
       0
       0
       0
       0
       0
       0
       0
       0
       0
       0
       0
       0
       1
       0
       0
       0
       0
       0
       0
       0
       1
       0
       0
       0
       0
       0
       0
       0
       0
       0
       0
       0
       0
       0
       0
       0
       0
       0
       0
       0
       0
       1
       0
       0
       0
       0
       1
       0
       1
       0
       1
       0
       0
       0
       0
       0
       0
       1
       1
       0
       0
       0
       0
       0
       0
       0
       0
       0
       0
       0
       0
       0
       0
       0
       0
       0
       0
       0
       0
       0
       0
       0
       0
       0
       0
       0
       0
       0
       0
       0
       0
       0
       0
       0
       0
       0
       0
       0
       0
       0
       0
       0
       0
       0
       0
       0
       0
       0
       2
       0
       0
       0
       0
       1
       0
       0
       0
       0
       0
       0
       0
       0
       0
       0
       1
       1
       1
       0
       0
       0
       0
       0
       0
       0
       0
       1
       0
       0
       0
       0
       0
       0
       0
       1
       0
       0
       0
       0
       1
       0
       0
       0
       0
       0
       0
       0
       0
       0
       0
       1
       0
       0
       0
       0
       0
       0
       0
       0
       0
       0
       0
       0
       0
       0
       0
       0
       0
       0
       0
       0
       0
       0
       0
       0
       0
       0
       0
       1
       1
       0
       0
       1
       0
       0
       0
       0
       0
       0
       0
       0
       0
       0
       0
       0
       0
       0
       0
       1
       2
       1
       0
       0
       0
       2
       0
       0
       0
       0
       0
       0
       0
       0
       0
       0
       0
       0
       0
       0
       0
       0
       0
       0
       0
       0
       0
       0
       0
       0
       0
       0
       0
       0
       0
       0
       0
       0
       0
       0
       0
       0
       0
       0
       0
       1
       0
       0
       0
       0
       0
       0
       0
       0
       0
       0
       1
       0
       0
       0
       0
       0
       0
       0
       0
       0
       0
       0
       0
       0
       0
       0
       0
       0
       0
       0
       0
       0
       0
       0
       0
       0
       0
       0
       0
       0
       0
       0
       0
       0
       0
       0
       0
       0
       1
       1
       0
       0
       0
       0
       0
       0
       0
       0
       1
       0
       0
       0
       0
       0
       0
       0
       0
       0
       0
       0
       0
       0
       0
       0
       0
       0
       0
       0
       0
       0
       0
       0
       0
       0
       1
       0
       1
       0
       0
       0
       1
       0
       0
       0
       0
       0
       0
       0
       0
       0
       0
       0
       0
       0
       0
       0
       0
       0
       0
       0
       0
       0
       0
       0
       0
       0
       0
       0
       0
       0
       0
       0
       0
       0
       0
       0
       0
       0
       0
       0
       0
       0
       0
       0
       0
       0
       0
       0
       1
       0
       0
       0
       0
       0
       0
       0
       0
       0
       0
       0
       0
       0
       0
       0
       0
       0
       0
       0
       0
       0
       0
       0
       0
       0
       0
       0
       0
       0
       0
       0
       0
       0
       0
       0
       0
       0
       0
       0
       0
       0
       0
       0
       0
       0
       0
       0
       0
       0
       0
       0
       0
       0
       0
       0
       0
       0
       0
       0
       0
       0
       0
       0
       0
       0
       0
       0
       0
       0
       0
       0
       0
       0
       0
       0
       0
       0
       0
       0
       0
       0
       0
       0
       0
       0
       0
       0
       0
       0
       0
       0
       0
       0
       0
       0
       0
       0
       0
       0
       0
       0
       0
       0
       0
       0
       0
       0
       0
       1
       0
       0
       0
       0
       0
       0
       0
       0
       0
       0
       0
       0
       0
       0
       0
       0
       0
       0
       0
       0
       0
       0
       0
       0
       0
       0
       0
       0
       0
       0
       0
       0
       0
       0
       0
       0
       0
       0
       0
       0
       0
       0
       0
       0
       0
       0
       0
       0
       0
       0
       0
       0
       0
       0
       0
       0
       0
       0
       0
       0
       0
       0
       1
       0
       0
       0
       0
       0
       0
       0
       0
       0
       0
       0
       0
       0
       0
       0
       0
       0
       0
       0
       0
       0
       0
       0
       0
       0
       0
       0
       0
       0
       0
       0
       0
       0
       0
       0
       0
       0
       0
       0
       0
       0
       1
       0
       0
       0
       0
       0
       0
       0
       0
       0
       1
       0
       0
       0
       0
       0
       0
       0
       0
       0
       0
       0
       0
       0
       0
       0
       0
       0
       0
       0
       0
       0
       0
       0
       0
       0
       0
       0
       0
       0
       0
       0
       0
       0
       0
       0
       0
       0
       0
       1
       0
       0
       0
       0
       0
       0
       0
       0
       0
       0
       0
       0
       0
       0
       0
       0
       0
       0
       0
       0
       0
       0
       0
       0
       0
       0
       0
       0
       0
       0
       0
       0
       0
       0
       0
       0
       0
       0
       0
       0
       0
       0
       0
       0
       0
       0
       0
       0
       0
       0
       0
       0
       0
       0
       0
       0
       0
       0
       0
       0
       0
       0
       0
       0
       0
       0
       0
       0
       0
       0
       0
       0
       0
       0
       0
       0
       0
       0
       2
       1
       4
       4
       2
       0
       0
       0
       1
       0
       0
       0
       0
       0
       0
       0
       0
       0
       0
       0
       0
       0
       0
       0
       0
       0
       0
       0
       0
       0
       0
       0
       0
       0
       0
       0
       0
       0
       0
       0
       0
       0
       0
       0
       0
       0
       0
       1
       0
       0
       0
       0
       0
       0
       0
       0
       0
       0
       0
       0
       0
       0
       0
       0
       0
       0
       0
       0
       0
       0
       0
       0
       1
       0
       0
       0
       0
       0
       0
       0
       0
       0
       0
       0
       0
       0
       0
       0
       0
       0
       0
       0
       0
       0
       0
       0
       0
       0
       0
       0
       0
       0
       0
       0
       0
       0
       0
       0
       0
       0
       0
       0
       0
       0
       0
       0
       0
       0
       0
       0
       0
       0
       0
       0
       0
       0
       0
       0
       0
       0
       0
       0
       0
       0
       0
       0
       0
       0
       0
       0
       0
       0
       0
       0
       0
       0
       0
       0
       0
       0
       0
       0
       0
       0
       0
       0
       0
       0
       0
       0
       0
       0
       0
       0
       0
       0
       0
       0
       0
       0
       0
       0
       0
       0
       0
       0
       0
       0
       0
       0
       0
       0
       0
       0
       0
       0
       0
       0
       0
       0
       0
       0
       0
       0
       0
       0
       0
       0
       0
       0
       0
       0
       0
       0
       0
       0
       0
       0
       0
       0
       0
       0
       0
       0
       0
       0
       0
       0
       0
       0
       0
       0
       0
       0
       0
       0
       0
       0
       0
       0
       0
       0
       0
       0
       0
       0
       0
       0
       0
       0
       0
       0
       0
       0
       0
       0
       0
       0
       0
       0
       0
       0
       0
       0
       0
       0
       0
       0
       0
       0
       0
       0
       0
       0
       0
       0
       0
       0
       0
       0
       0
       0
       0
       0
       0
       0
       0
       0
       0
       0
       0
       0
       0
       0
       0
       0
       0
       0
       0
       0
       0
       0
       0
       0
       0
       0
       0
       0
       0
       0
       0
       0
       0
       0
       0
       0
       0
       0
       0
       0
       0
       0
       0
       0
       0
       0
       0
       0
       0
       0
       0
       0
       0
       0
       0
       0
       0
       0
       0
       0
       0
       0
       0
       0
       0
       0
       0
       0
       0
       0
       0
       0
       0
       0
       0
       0
       0
       0
       0
       0
       0
       0
       0
       0
       0
       0
       0
       0
       0
       0
       0
       0
       0
       0
       0
       0
       0
       0
       0
       0
       0
       0
       0
       0
       0
       0
       0
       0
       0
       0
       0
       0
       0
       0
       0
       0
       0
       0
       0
       0
       0
       0
       0
       0
       0
       0
       0
       0
       0
       0
       0
       0
       0
       0
       0
       0
       0
       0
       0
       0
       0
       0
       0
       0
       0
       0
       0
       0
       0
       0
       0
       0
       0
       0
       0
       0
       0
       0
       0
       0
       0
       0
       0
       0
       0
       0
       0
       0
       1
       0
       0
       0
       0
       0
       0
       0
       0
       0
       0
       0
       0
       0
       0
       0
       0
       0
       0
       1
       0
       0
       0
       0
       0
       0
       0
       0
       0
       0
       0
       0
       0
       0
       0
       0
       0
       0
       0
       0
       0
       0
       0
       0
       0
       0
       0
       0
       0
       0
       0
       0
       0
       0
       0
       0
       0
       0
       0
       0
       0
       0
       0
       0
       0
       0
       0
       0
       0
       0
       0
       0
       0
       0
       0
       0
       0
       0
       0
       0
       0
       0
       0
       0
       0
       0
       0
       0
       0
       0
       0
       0
       0
       0
       0
       0
       0
       0
       0
       0
       0
       0
       0
       0
       0
       0
       0
       0
       0
       0
       0
       0
       0
       0
       0
       0
       0
       0
       0
       0
       0
       0
       0
       0
       0
       0
       0
       0
       0
       0
       0
       0
       0
       0
       0
       0
       0
       0
       0
       0
       0
       0
       0
       0
       0
       0
       0
       0
       0
       0
       0
       0
       0
       0
       0
       0
       0
       0
       0
       0
       0
       0
       0
       0
       0
       0
       0
       0
       0
       0
       0
       0
       0
       0
       0
       0
       0
       0
       0
       0
       0
       0
       0
       0
       0
       0
       0
       0
       0
       0
       0
       0
       0
       0
       0
       0
       0
       0
       0
       0
       0
       0
       0
       0
       0
       0
       0
       0
       0
       0
       0
       0
       0
       0
       0
       0
       0
       0
       0
       0
       0
       0
       0
       0
       0
       0
       0
       0
       0
       0
       0
       0
       0
       0
       0
       0
       0
       0
       0
       0
       0
       0
       0
       0
       0
       0
       0
       0
       0
       0
       0
       0
       0
       0
       0
       0
       0
       0
       0
       0
       0
       0
       0
       0
       0
       0
       0
       0
       0
       0
       0
       0
       0
       0
       0
       0
       0
       0
       0
       0
       0
       0
       0
       0
       0
       0
       0
       0
       0
       0
       0
       0
       0
       0
       0
       0
       0
       0
       0
       0
       0
       0
       0
       0
       0
       0
       0
       0
       0
       0
       0
       0
       0
       0
       0
       0
       0
       0
       0
       0
       0
       0
       0
       0
       0
       0
       0
       0
       0
       0
       0
       0
       0
       0
       0
       0
       0
       1
       0
       0
       0
       0
       0
       0
       0
       0
       0
       0
       0
       0
       0
       0
       0
       0
       0
       0
       0
       0
       0
       0
       0
       0
       0
       0
       0
       0
       0
       0
       0
       0
       0
       0
       0
       0
       0
       0
       0
       0
       0
       0
       0
       0
       0
       0
       0
       0
       0
       0
       0
       0
       0
       0
       0
       0
       0
       0
       0
       0
       0
       0
       0
       0
       0
       0
       0
       0
       0
       0
       0
       0
       0
       0
       0
       0
       0
       0
       0
       0
       0
       0
       0
       0
       0
       0
       0
       0
       0
       0
       0
       0
       0
       0
       0
       0
       0
       0
       0
       0
       0
       0
       0
       0
       0
       0
       0
       0
       0
       0
       0
       0
       0
       0
       0
       0
       0
       0
       0
       0
       0
       0
       0
       0
       0
       0
       0
       0
       0
       0
       0
       0
       0
       0
       0
       0
       0
       0
       0
       0
       0
       1
       0
       0
       0
       0
       0
       0
       0
       0
       0
       0
       0
       0
       0
       0
       0
       0
       0
       0
       0
       0
       0
       0
       0
       0
       0
       0
       0
       0
       0
       0
       0
       0
       0
       0
       0
       0
       0
       0
       0
       0
       0
       0
       0
       0
       0
       0
       0
       0
       0
       0
       0
       0
       0
       0
       0
       0
       0
       0
       0
       0
       0
       0
       0
       0
       0
       0
       0
       0
       0
       0
       0
       0
       0
       0
       0
       0
       0
       0
       0
       0
       0
       0
       0
       0
       0
       0
       0
       0
       0
       0
       0
       0
       0
       0
       0
       0
       0
       0
       0
       0
       0
       0
       0
       0
       0
       0
       0
       0
       0
       0
       0
       0
       0
       0
       0
       0
       0
       0
       0
       0
       0
       0
       0
       0
       0
       0
       0
       0
       0
       0
       0
       0
       1
       0
       0
       0
       0
       0
       0
       0
       0
       0
       0
       0
       0
       0
       0
       0
       0
       0
       0
       0
       0
       0
       0
       0
       0
       0
       0
       0
       0
       0
       0
       0
       0
       0
       0
       0
       0
       0
       0
       0
       0
       0
       0
       0
       0
       0
       0
       0
       0
       0
       0
       0
       0
       0
       0
       0
       0
       0
       0
       0
       0
       0
       0
       0
       0
       0
       0
       0
       0
       0
       0
       0
       0
       0
       0
       0
       0
       0
       0
       0
       0
       0
       0
       0
       0
       0
       0
       0
       0
       0
       0
       0
       0
       0
       0
       0
       0
       0
       0
       0
       0
       0
       0
       0
       0
       0
       0
       0
       0
       0
       0
       0
       0
       0
       0
       0
       0
       0
       0
       0
       0
       0
       0
       0
       0
       0
       0
       0
       0
       0
       0
       0
       0
       0
       0
       0
       0
       0
       0
       0
       0
       0
       0
       0
       0
       0
       0
       0
       0
       0
       0
       0
       0
       0
       0
       0
       0
       0
       0
       0
       0
       0
       0
       0
       0
       0
       0
       0
       0
       0
       0
       0
       0
       0
       0
       0
       0
       0
       0
       0
       0
       0
       0
       0
       0
       0
       0
       0
       0
       0
       0
       0
       0
       0
       0
       0
       0
       0
       0
       0
       0
       0
       0
       0
       0
       0
       0
       0
       0
       0
       0
       0
       0
       0
       0
       0
       0
       0
       0
       0
       0
       0
       0
       0
       0
       0
       0
       0
       0
       0
       0
       0
       0
       0
       0
       0
       0
       0
       0
       0
       0
       0
       0
       0
       0
       0
       0
       0
       0
       0
       0
       0
       0
       0
       0
       0
       0
       0
       0
       0
       0
       0
       0
       0
       0
       0
       0
       0
       0
       0
       0
       0
       0
       0
       0
       0
       0
       0
       0
       0
       0
       0
       0
       0
       0
       0
       0
       0
       0
       0
       0
       0
       0
       0
       0
       0
       0
       0
       0
       0
       0
       0
       0
       0
       0
       0
       0
       0
       0
       0
       0
       0
       0
       0
       0
       0
       0
       0
       0
       0
       0
       0
       0
       0
       0
       0
       0
       0
       0
       0
       0
       0
       0
       0
       0
       0
       0
       0
       0
       0
       0
       0
       0
       0
       0
       0
       0
       0
       0
       0
       0
       0
       0
       0
       0
       0
       0
       0
       0
       0
       0
       0
       0
       0
       0
       0
       0
       0
       0
       0
       0
       0
       0
       0
       0
       0
       0
       0
       0
       0
       0
       0
       0
       0
       0
       0
       0
       0
       0
       0
       0
       0
       0
       0
       0
       0
       0
       0
       0
       0
       0
       0
       0
       0
       0
       0
       0
       0
       0
       0
       0
       0
       0
       0
       0
       0
       0
       0
       0
       0
       0
       0
       0
       0
       0
       0
       0
       0
       0
       0
       0
       0
       0
       0
       0
       0
       0
       0
       0
       0
       0
       0
       0
       0
       0
       0
       0
       0
       0
       0
       0
       0
$ROI:
0
$PRESETS:
Real Time
180
0
$ENER_FIT:
0.888569 0.390988
$MCA_CAL:
3
8.885689E-001 3.909876E-001 3.191953E-008 keV
$SHAPE_CAL:
3
0.000000E+000 0.000000E+000 0.000000E+000
