$SPEC_ID:
1
$SPEC_REM:
DET# 2
DETDESC# MCB 130 Normal
AP# Maestro Version 7.01
$DATE_MEA:
09/24/2019 23:20:58
$MEAS_TIM:
175 180
$DATA:
0 8191
       0
       0
       0
       0
       0
       0
       0
       0
       0
       0
       0
       0
       0
       0
       0
       0
       0
       0
       0
       0
       0
       0
       0
       0
       0
       0
      27
     768
     206
     116
     161
     213
     266
     272
     272
     245
     202
     217
     236
     300
     296
     261
     254
     234
     222
     194
     162
     146
     185
     207
     204
     189
     186
     160
     142
     147
     153
     143
     145
     177
     168
     172
     152
     162
     198
     162
     183
     170
     206
     268
     325
     347
     255
     234
     228
     230
     267
     293
     215
     204
     193
     183
     195
     169
     198
     181
     199
     288
     427
     614
     691
     408
     218
     137
     167
     174
     170
     179
     154
     189
     181
     239
     287
     272
     197
     186
     136
     150
     158
     151
     130
     142
     163
     167
     157
     163
     162
     173
     147
     141
     157
     135
     141
     160
     208
     225
     190
     149
     149
     165
     162
     163
     142
     159
     139
     145
     139
     156
     162
     171
     170
     166
     170
     219
     302
     344
     300
     182
     168
     147
     165
     171
     149
     141
     169
     167
     188
     175
     174
     170
     165
     169
     160
     184
     168
     161
     194
     197
     179
     153
     165
     186
     150
     174
     168
     164
     173
     185
     181
     175
     199
     204
     167
     209
     220
     186
     165
     211
     211
     233
     235
     223
     182
     209
     176
     198
     197
     197
     182
     192
     211
     195
     199
     190
     259
     322
     268
     243
     232
     215
     181
     223
     226
     210
     237
     234
     213
     206
     208
     198
     230
     225
     221
     232
     206
     198
     212
     193
     214
     196
     222
     242
     199
     230
     217
     230
     212
     190
     240
     265
     365
     298
     248
     260
     194
     200
     203
     212
     269
     313
     412
     413
     418
     391
     333
     246
     220
     201
     213
     238
     227
     224
     304
     475
     535
     360
     278
     255
     311
     507
     553
     433
     262
     203
     180
     185
     186
     180
     201
     200
     186
     222
     239
     247
     225
     210
     215
     179
     196
     202
     227
     200
     208
     209
     189
     228
     211
     265
     279
     236
     224
     182
     197
     171
     169
     202
     217
     190
     175
     212
     199
     192
     178
     172
     187
     189
     177
     194
     193
     164
     188
     189
     198
     184
     188
     168
     198
     186
     170
     202
     213
     202
     184
     152
     179
     159
     184
     170
     172
     186
     184
     183
     172
     186
     167
     171
     160
     179
     192
     174
     158
     184
     189
     165
     168
     202
     284
     646
     846
     656
     322
     160
     178
     188
     159
     159
     158
     151
     151
     175
     198
     212
     172
     161
     151
     172
     130
     162
     147
     168
     171
     186
     171
     216
     261
     352
     362
     205
     189
     136
     140
     135
     120
     154
     130
     133
     158
     133
     179
     141
     147
     131
     142
     155
     143
     146
     148
     123
     141
     126
     135
     147
     124
     138
     140
     165
     170
     131
     144
     133
     118
     150
     138
     153
     152
     143
     130
     154
     151
     119
     146
     140
     163
     115
     124
     122
     128
     135
     138
     103
     116
     128
     134
     116
     128
     114
     123
     124
     143
     124
     146
     140
     132
     134
     128
     116
     123
     115
     126
     123
     168
     167
     180
     156
     138
     136
     110
     119
     122
     135
     127
     140
     134
     126
     126
     121
     135
     117
     121
     134
     139
     136
     112
     108
     106
     132
     133
     119
     130
     134
     107
     116
     124
     123
     115
     119
      97
     101
     115
     139
     174
     182
     154
     155
     144
     126
     108
     104
     115
     125
     126
     128
     137
     110
     115
     127
     131
     112
     113
     101
     104
     100
     110
     119
     105
     110
     116
     100
      94
     125
     121
     108
     105
     110
     107
     142
     129
     114
      98
     114
     102
     105
      98
     110
     111
      96
     106
     101
     101
     111
      92
     128
     110
      99
     102
     102
      93
     101
     107
     102
     121
      94
     142
     131
     149
     126
     104
     104
      99
     103
     107
     100
      90
     111
      87
     114
     111
      93
     106
     114
     128
     238
     461
     526
     411
     225
      98
      94
      98
     121
      98
     109
     110
     118
      84
     105
      90
      95
      91
      82
      90
     108
     105
      98
      86
     100
      81
      81
     100
     120
     124
     100
     110
      94
     105
      99
     103
      90
     100
      92
      90
      91
      98
      80
      92
      70
      83
      80
      94
      82
      86
      85
      92
      77
     104
     213
     704
    1581
    2066
    1482
     575
     184
      96
      75
      83
      69
      87
      84
      83
      91
      91
      90
      80
      81
      69
      64
      68
      72
      83
      79
      87
      86
      81
      79
      65
      73
      77
      91
      90
      82
      65
     112
     104
      75
      85
      77
      84
      66
      74
      92
     120
     151
     177
     156
     107
      64
      80
      74
      56
      61
      76
      70
      87
      90
      79
      92
      83
      71
      69
      86
      92
      91
      95
      94
      82
      83
      84
     105
     129
     200
     164
     121
      78
      83
      66
      67
      65
      59
      72
      71
      71
      61
      74
      82
      81
      77
      77
      64
      92
      91
      85
      74
      85
      73
      67
      84
      91
     106
      98
      79
      77
      69
      70
      90
      52
      66
      81
     126
     285
     429
     406
     247
     111
      83
      92
      86
      93
      90
      69
      72
      72
      94
      76
      87
      92
      75
      60
      61
      66
      70
      66
      57
      68
      67
      66
      75
      50
      88
      97
      93
      99
      84
      71
      74
      64
      74
      55
      71
      76
      73
      62
      75
      78
      66
      65
      60
      73
      59
      80
      67
      50
      52
      65
      68
      73
      61
      69
      90
     104
     120
      90
      79
      66
      65
      65
      71
      70
      65
      61
      62
      56
      84
      73
      64
      57
      67
      61
      50
      54
      62
      69
      63
      66
      60
      69
      49
      59
      62
      78
      65
      75
      72
      61
      60
      74
      63
      84
      66
      70
      62
      68
      51
      65
      68
      68
      71
      56
      71
      49
      70
      65
      69
      59
      52
      64
      76
      65
      55
      62
      62
      66
      57
      66
      55
      59
      58
      47
      61
      65
      63
      59
      59
      61
      68
      47
      57
      62
      62
      50
      57
      55
      60
      53
      71
      60
      81
      91
      71
      95
      85
      85
      96
      55
      57
      70
      65
      73
      53
      61
      73
      65
      54
      38
      59
      58
      59
      61
      56
      55
      51
      57
      68
      58
      59
      65
      45
      45
      54
      64
      62
      73
      84
     122
      94
      70
      50
      52
      63
      55
      59
      51
      46
      46
      46
      50
      55
      55
      47
      53
      60
      54
      46
      46
      45
      43
      52
      64
      53
      48
      52
      61
      51
      58
      47
      57
      39
      42
      50
      53
      54
      52
      48
      41
      48
      45
      33
      42
      43
      43
      52
      35
      47
      53
      65
      49
      52
      43
      42
      50
      45
      56
      50
      55
      51
      53
      58
      44
      47
      50
      45
      53
      45
      42
      41
      43
      55
      51
      47
      52
      46
      41
      45
      52
      41
      43
      51
      51
      45
      46
      53
      36
      42
      40
      36
      49
      47
      43
      46
      53
      52
      66
      39
      43
      46
      39
      42
      46
      43
      36
      51
      44
      66
      46
      57
      51
      49
      43
      41
      52
      41
      44
      49
      49
      42
      45
      47
      55
      56
      54
      39
      37
      32
      43
      39
      45
      67
      46
      75
      71
      73
      51
      50
      51
      41
      60
      37
      40
      51
      43
      51
      57
      43
      53
      37
      47
      41
      38
      42
      46
      58
      43
      46
      53
      47
      53
      30
      43
      45
      61
      35
      41
      46
      50
      41
      42
      39
      60
      39
      46
      51
      47
      49
      36
      37
      63
      42
      51
      42
      37
      33
      39
      56
      45
      44
      40
      42
      41
      59
      44
      43
      49
      44
      48
      38
      40
      45
      45
      43
      47
      48
      39
      39
      50
      47
      44
      64
      55
      59
      48
      55
      40
      46
      43
      58
      44
      54
      44
      38
      37
      39
      32
      36
      49
      35
      53
      31
      37
      43
      39
      39
      36
      42
      45
      33
      45
      44
      46
      58
      29
      36
      39
      42
      40
      36
      39
      41
      36
      44
      54
      45
      36
      36
      32
      42
      34
      38
      42
      52
      41
      58
      55
      58
      41
      42
      34
      45
      47
      40
      43
      39
      37
      36
      38
      45
      27
      45
      29
      50
      37
      29
      31
      34
      34
      51
      44
      38
      20
      33
      46
      32
      41
      33
      41
      47
      37
      39
      27
      41
      53
      34
      39
      34
      21
      30
      40
      45
      43
      40
      34
      31
      35
      32
      39
      41
      44
      49
      42
      39
      46
      41
      30
      32
      35
      33
      31
      31
      40
      32
      32
      48
      65
      45
      55
      38
      36
      38
      45
      34
      36
      34
      35
      26
      38
      27
      35
      31
      32
      31
      36
      33
      35
      26
      33
      42
      42
      41
      41
      64
      84
      65
      58
      36
      37
      50
      48
      50
      49
      51
      50
      33
      40
      29
      36
      33
      44
      20
      28
      38
      30
      29
      31
      30
      36
      29
      32
      30
      31
      32
      31
      39
      33
      33
      34
      27
      28
      62
      55
      66
      47
      39
      30
      31
      36
      41
      52
      68
      83
     123
      94
      52
      51
      52
      60
     178
     373
     588
     554
     355
     194
      76
      33
      44
      36
      28
      23
      43
      21
      23
      36
      32
      33
      48
      28
      37
      51
      46
      26
      40
      23
      38
      31
      32
      44
      39
      40
      26
      33
      27
      31
      32
      25
      37
      32
      40
      31
      42
      50
      70
      65
      72
      51
      44
      28
      27
      36
      29
      31
      30
      26
      35
      34
      22
      31
      29
      36
      21
      32
      32
      70
     176
     278
     417
     339
     239
     101
      53
      33
      29
      26
      29
      27
      40
      17
      34
      36
      42
      39
      30
      23
      27
      38
      29
      27
      27
      22
      23
      22
      25
      20
      21
      32
      25
      19
      27
      25
      20
      27
      20
      33
      33
      20
      14
      30
      23
      14
      18
      33
      23
      31
      22
      22
      33
      25
      20
      27
      18
      29
      27
      20
      23
      23
      29
      25
      27
      18
      22
      23
      30
      22
      17
      18
      32
      42
      23
      23
      27
      24
      28
      23
      24
      27
      36
      28
      26
      33
      22
      30
      26
      23
      24
      30
      27
      25
      26
      22
      12
      23
      25
      21
      24
      18
      25
      19
      28
      31
      25
      22
      24
      16
      25
      27
      21
      22
      23
      23
      31
      35
      25
      30
      24
      31
      35
      26
      25
      29
      28
      30
      28
      22
      14
      22
      30
      24
      29
      27
      36
      56
      47
      51
      54
      36
      24
      25
      19
      24
      26
      29
      19
      25
      25
      21
      20
      23
      21
      20
      21
      26
      18
      30
      29
      27
      16
      20
      29
      20
      25
      22
      32
      31
      20
      21
      16
      20
      25
      15
      15
      17
      16
      21
      18
      16
      23
      19
      13
      22
      20
      13
      24
      19
      23
      26
      34
      36
      39
      32
      16
      21
      18
      20
      21
      19
      21
      21
      25
      25
      26
      15
      11
      22
      15
      21
      21
      12
      22
      25
      15
      16
      18
      22
      19
      17
      32
      21
      22
      16
      20
      23
      16
      21
      25
      12
      20
      17
      22
      17
      20
      14
      20
      16
      15
      15
       8
      30
      21
      20
      25
      29
      32
      37
      53
      76
      77
      63
      37
      37
      24
      18
      22
      21
      22
      43
     126
     254
     428
     553
     410
     249
      96
      43
      22
      17
      16
      15
      24
      19
      23
      24
      19
      19
      29
      32
      38
      33
      29
      29
      36
      57
     107
     142
     147
     114
      63
      24
      18
      25
      21
      24
      20
      18
      26
      29
      25
      22
      12
      11
      22
      21
      23
      20
      20
      27
      25
      18
      15
      25
      23
      14
      16
      33
      17
      27
      26
      24
      33
      16
      24
      11
      15
      19
      24
      28
      21
      18
      16
      17
      22
      16
      15
      17
      13
      15
      17
      21
      16
      20
      22
      23
      19
      21
      21
      17
      17
      18
      14
      18
      11
      12
      19
      14
      14
      20
      12
      23
      16
      13
      16
      24
      12
      12
      12
      13
      17
      15
      14
      11
      16
      14
      14
      21
      26
      18
      22
      23
      19
      15
      19
      19
      23
      19
      27
      23
      22
      24
      14
      12
      12
       8
      11
      16
      15
      19
      19
      11
      11
      10
      14
      15
      19
      18
      13
      18
      17
      14
      26
      13
      12
      19
      28
      14
      15
      15
      21
      15
      20
      29
      23
      38
      28
      33
      19
      34
      37
      33
      54
      40
      26
      18
      13
      20
      22
      23
      22
      24
      15
      21
      16
      21
      18
      13
      18
      13
       9
      18
      15
      18
      13
      13
      10
      16
      13
      17
      18
      18
      14
      14
      18
      12
      14
      11
      23
      22
      27
      45
      34
      30
      23
      21
      20
      30
      79
     183
     290
     407
     356
     221
     109
      52
      19
      18
      16
      21
      18
      19
      17
      20
      31
      53
      72
      97
     116
      98
      58
      25
      17
      17
      18
      11
      19
      17
      13
      22
      24
      14
      20
      14
      23
      17
      17
      17
      17
      15
      13
      24
      21
      10
      15
      18
      12
      17
      12
      15
      15
      14
      13
      21
       9
      19
      11
      13
      23
      22
       6
       7
      13
      13
      21
      15
      19
      16
      18
      14
       9
      17
      26
      26
      44
      73
      93
      89
      76
      50
      23
      22
      15
      10
      17
      12
       5
      19
      24
      24
      23
      21
      21
      12
      10
      16
      19
      20
      18
      18
      23
      22
      16
      13
      13
       4
      19
      17
       9
      21
      16
      20
      18
      17
      15
      21
      12
       5
      12
      17
       7
      20
       8
       9
      11
      11
       7
      14
       9
      10
      20
      16
      26
      16
      15
      16
      21
      12
      18
      18
      14
      16
      13
      18
      14
      17
      11
      12
      21
      20
      16
      15
       8
      15
      23
      11
       5
      16
      13
      12
      12
      12
      22
      10
      13
      17
      20
      17
      15
      12
      19
      15
      19
      18
      21
      17
      17
      22
      17
      34
      28
      22
      17
      26
      11
      13
      20
      21
      14
      18
      14
      24
       7
      15
      14
      16
      12
      13
      14
      10
      13
      12
      18
      14
      10
      19
       8
      18
      15
      11
      10
       9
      11
      14
      18
       9
      11
      11
      12
      15
      10
       6
      16
      13
      12
      11
      17
      10
      16
      13
      11
      13
      19
      16
      19
      22
      28
      21
      16
      23
      30
      33
      30
      31
      17
      13
      10
      13
       7
      18
      17
      13
       9
       7
      14
      12
       9
      18
      18
      20
      24
      15
      24
      23
      15
      12
      10
      12
      13
      14
      11
       8
      17
      12
      15
      13
      11
      13
      15
      15
      17
      19
      14
      11
      10
       7
      12
      12
      22
      16
      23
      15
      14
      11
      15
       9
       9
      10
      13
       9
      10
      11
      13
      18
      19
      11
       9
      11
      12
      17
      11
      11
      10
       9
      12
       6
      14
      12
       9
      13
      14
      18
      12
       6
      11
      12
      16
      15
       9
      14
       8
      11
       8
      12
      12
      15
      14
      19
      25
      27
      21
      24
      17
      16
      15
      16
      14
      12
      23
      31
      28
      19
      27
      14
      15
      12
       9
      11
      15
      12
      13
       9
       7
      14
      19
      12
      11
      13
       9
      14
      12
      19
       8
      15
      17
      13
      19
      14
      11
       6
      12
      16
       9
      13
      15
      11
      14
      17
       8
      13
       9
       7
      14
      11
      13
      14
      19
      22
      15
      17
       8
       7
      12
      12
      11
      12
      12
      15
      13
      11
      14
       9
       8
      14
      12
      13
      15
      18
      17
      10
      13
      10
      10
      12
      14
      16
       8
      11
      15
      14
       8
      16
      10
      17
      21
      16
      14
      13
      13
      17
      19
      16
      22
      19
      10
      17
       9
      13
      10
      13
       7
      13
      17
       9
      16
      14
      16
      15
      11
      13
       8
       8
       7
      11
      14
      20
      21
      15
      25
      22
      25
      15
      10
      11
       3
      13
      10
       7
      14
       5
       6
      12
       9
      18
      16
       8
      11
      13
      22
      35
      67
      66
      49
      43
       5
      16
       7
      10
      11
      14
      15
      11
      14
       4
      11
       5
       9
      11
      10
      10
      14
      10
       8
       9
      10
       7
      10
      17
      13
      10
      15
      13
      14
      24
      12
      11
       9
      15
      12
      12
      15
       9
      14
      11
       9
      14
      11
      10
      13
       8
      11
      21
      22
      31
      15
      19
      17
      13
      10
      17
       3
      13
       6
       7
      14
       8
      10
      18
       4
      14
       8
      12
      21
      11
      16
       9
      10
      14
      15
      11
      21
      12
      21
      25
      14
      10
      13
      23
      16
      16
      12
       8
      11
      16
      10
      11
      14
      20
      14
       9
       7
      13
       8
      10
       6
       8
      10
      11
      11
       9
      12
       7
       6
      12
      11
       9
       6
      12
       9
       7
      10
      10
      15
       7
      12
      13
       9
       6
       9
      15
       9
      11
      10
      13
      10
      14
       9
      11
      11
       8
      13
      13
      13
      17
       9
      13
      12
      12
       4
      14
      11
      11
      12
      10
       7
       7
       8
      10
       9
      12
      15
       5
       7
       9
      10
      15
      10
      14
       9
      10
       5
       8
      11
      10
      15
       8
      13
      14
       8
       9
      15
       7
       7
      10
      11
      14
      11
       7
       7
      11
       5
      14
       5
       9
       8
      11
       8
       6
       7
      11
      11
      10
      12
       4
      10
      11
       4
       5
       9
      15
      12
       9
      10
      14
      10
      12
      10
       8
      10
       9
      16
      13
      20
       4
      10
      13
      22
      24
      51
      84
     112
      91
      78
      47
      19
       9
      10
      10
      11
       9
       7
      15
       6
      14
       9
      15
       7
       8
      10
      17
       8
      10
      10
      10
       8
       8
       4
       9
      16
       6
       7
      12
      10
       4
       8
      22
      22
      26
      33
      24
      10
      12
      10
       8
      12
      10
      10
      12
       6
      10
      14
       9
       8
       8
      15
       6
      11
       8
      13
      10
      13
      11
       9
       6
       9
      12
       4
      10
      13
       7
       9
      16
      18
      18
      12
      11
      10
       8
      14
       9
       7
       9
       6
       7
       4
      12
      10
       6
       5
      10
      11
      12
       9
      10
       7
      10
       6
      11
       9
      12
      10
       8
      11
      14
       9
       4
      13
       5
      11
       6
       8
       5
      10
       3
       8
       3
       8
       3
      11
       9
      14
      12
       6
       5
       8
       3
       5
       7
       4
       7
       8
       5
       9
       9
       5
       3
      10
      15
       8
       9
       6
       7
      16
       9
       8
       8
      11
       5
       4
      10
      11
      11
      12
      13
      10
       7
       6
       7
      12
      12
       5
       6
      10
       7
       9
      10
       8
      11
       6
      11
       9
       6
      11
      10
      10
      10
       3
       7
       7
       6
       3
       3
       9
       5
      10
       7
       7
      14
       9
       7
      14
       5
       9
       8
       8
       6
      12
      11
      19
      12
      10
      10
      10
       9
       9
      10
       9
      13
      11
       9
      11
       6
       6
       6
       8
       8
       8
       5
      10
      15
       5
       9
       8
       7
       9
       4
       9
       8
       9
       7
       7
      13
       7
      10
       9
       9
       5
       6
       9
       7
       9
      10
       6
      16
      10
      12
      13
      18
      12
      14
       9
      11
       6
       9
      11
      17
      14
      12
      17
      15
      13
      10
       8
       5
       6
       7
      10
       3
       9
       9
       8
      21
      29
      35
      34
      56
      56
      31
      28
      22
       8
       8
      13
      13
       3
      12
       9
       0
       5
      10
       9
      10
       6
       4
      10
       4
      10
       8
       8
      15
      10
       8
       9
      11
       6
      12
       7
      10
      12
      12
       7
       8
       6
       9
      11
       7
      14
      17
      14
      19
      11
       5
       5
       5
       7
       7
       7
       3
       7
      12
       7
       5
       8
      13
       7
       9
      10
       7
       1
       8
       5
       6
       6
       4
       7
       8
       5
       5
       3
       2
       6
       8
       9
       6
       8
       4
       5
       7
      11
       6
       6
      10
       6
       7
      10
       9
       8
      10
       7
       7
       8
       6
      13
       6
       7
       9
       7
       8
      10
       7
       9
       7
       7
       9
      12
       4
       7
       7
       6
       5
      12
       7
       5
       6
      15
      14
       8
      12
       8
      13
       5
       7
       5
      10
       9
       8
      10
       6
       4
       8
       6
      10
       8
       6
       2
       3
       5
       4
       8
       7
       8
       9
      10
       6
       3
       7
       7
       5
       9
       5
       7
       3
       4
       3
       3
       5
       1
       7
       7
       6
       5
       7
       6
       7
       2
       7
       9
       6
       3
       5
      11
       8
       8
       8
       6
       4
      10
       5
       6
      10
       4
       6
       6
       8
       4
       9
       7
       7
       8
      10
      13
       4
       8
       5
       3
       5
       4
       7
       5
       5
       7
       9
       3
       5
       2
      10
       3
       6
       7
       9
       4
       9
       5
      10
       0
       4
       4
       5
       9
       5
       2
       4
       9
       9
       1
       7
       4
       6
      11
       4
       2
       8
       4
       8
       5
       5
       3
       4
       7
       5
       6
       4
       5
       7
       5
       7
       6
       8
       8
       3
       8
       6
       5
       6
       4
       5
       4
       5
       7
      10
       5
       8
      12
      10
       8
       2
       9
      14
       4
       3
       7
       8
      10
       7
       5
       5
      10
       8
       7
      10
       7
       6
       5
       6
       7
       8
       6
      11
       4
       3
       2
       6
       9
       7
       4
       9
      11
       4
       8
       7
       8
       5
       2
       7
       6
       2
       3
       7
       8
       6
       6
       3
       6
       2
       4
       3
       5
       6
       9
       7
       9
      10
      25
      42
      59
      66
      50
      52
      36
      11
       7
       8
       3
       5
       8
       7
       5
       6
       7
       5
       3
       4
       7
       3
       2
       3
       9
       4
       4
       4
       5
       4
       5
       6
      12
       6
       5
       6
       4
       9
       8
      13
       4
       8
       9
       9
       8
      10
       3
       6
       6
       4
       7
       4
       6
       8
       8
       5
       5
       9
       7
       7
       5
       2
       5
       9
       2
      10
       4
       8
       6
       5
       7
       5
       6
       1
       5
       4
       4
       3
       5
       2
       6
       4
       4
       4
       6
       3
       4
      11
       6
       8
       8
       6
      12
       6
       5
       4
       6
       3
       9
       5
      14
       7
       7
       6
       6
       8
       8
       3
       4
       4
       2
       3
       9
       5
       4
       2
       5
       4
       6
       4
       6
       6
       2
       2
       4
       5
       7
       5
       7
       4
       3
       2
       6
       7
       2
       3
       6
       3
       6
       4
       8
       4
       6
       4
       5
       2
       0
       3
       1
       6
       4
       1
       4
       4
       5
       6
       4
       5
       2
       5
       5
       4
       3
       4
       4
       7
       6
       3
      10
       5
       5
       3
       1
       5
       5
       5
       6
       6
       5
       6
       3
       4
       6
       3
       4
       7
       4
      14
      10
       7
       7
       3
       6
       4
       4
       4
       4
       5
       6
       4
       3
       2
       6
       2
       4
       3
       4
       3
       5
       3
       8
       2
       4
       7
       3
       5
       3
       5
       9
       3
       3
       4
       2
       6
       3
       7
       3
       3
       3
       4
       5
       4
       5
       3
       2
       5
       2
       8
       2
       4
       3
       5
       6
       4
       3
       6
       6
       1
       3
       2
       5
       5
       7
       3
       7
       2
       2
       6
       5
       5
       3
       2
       3
       7
       4
       8
       7
      10
       4
      10
       8
       3
       9
       6
       6
       5
      11
       2
       8
       4
      10
       8
       6
       2
       6
       4
       7
       2
      11
       7
       6
       4
       2
       2
       7
       5
       6
       9
       2
       5
       7
       3
       6
       5
       3
       7
       4
       5
       5
       4
       5
       1
       2
       3
       4
      10
      14
      18
      23
      29
      35
      20
      20
       8
       5
       3
       4
       7
       6
       6
       5
       0
       5
       2
       5
       4
       7
       4
       4
       7
       4
       7
       7
       5
       2
       6
       4
       3
       5
       7
       5
       3
       6
       5
       4
       2
       7
      10
       8
       4
       8
       3
       3
       4
       4
       4
       3
       2
       2
       3
      10
       6
      13
      15
       9
      12
       6
      12
       7
       4
       4
       0
       3
       2
       4
       3
       2
       8
       3
       3
       1
       8
       1
       8
       8
       6
       3
       3
       3
       6
       2
       2
       4
       4
       7
       4
       1
       4
       7
       5
       3
       0
       3
       4
       4
       3
       2
       8
       2
       0
       3
       2
       9
       3
       4
       9
       4
       4
       3
       1
       5
       3
       3
       2
       6
       4
       6
       3
       1
       2
       4
       3
       4
       3
       2
       9
       5
       2
       1
       5
       2
       1
       2
       3
       6
       2
       2
       3
       3
       3
       1
       7
       6
       4
       7
       3
       2
       3
       1
       4
       2
      10
       3
       2
       2
       6
       3
       6
       3
       2
       3
       7
       2
       7
       2
       0
       9
       6
       4
       5
       5
       6
       9
       4
       9
       5
       5
       5
       4
       2
       3
       5
       2
       6
       7
      10
      11
      19
      16
      29
      27
       7
      10
      14
      18
      23
      22
      14
      24
      20
       8
       6
       4
       3
       6
       5
       0
       5
       4
       3
       5
       2
       3
       3
       2
       4
       3
       5
       3
       5
       4
       1
       4
       0
       7
       6
       5
       2
       4
       5
       2
       2
       2
       4
       3
       4
       2
       5
       5
       1
       3
       5
       1
       6
       8
       3
       1
       2
       3
       5
       4
       5
       5
       0
       3
       4
       2
       6
       4
       3
      11
       4
       2
       6
       2
       2
       4
       3
       2
       1
       3
       3
       3
       2
       4
       4
       3
       7
       1
       5
       3
       2
       4
       3
       4
       1
       3
       3
       5
       4
       1
       3
       3
       5
       3
       3
       0
       5
       2
       0
       5
       4
       4
       3
       3
       3
       3
       8
       1
       6
       7
       1
       5
       4
       2
       2
       6
       5
       0
       7
       3
       4
       4
       3
       6
       2
       6
       3
       1
       3
       1
       4
       4
       5
       3
       4
       2
       2
       5
       6
       2
       3
       0
       4
       5
       3
       2
       1
       4
       2
       3
       1
       6
       4
       2
       3
       3
       1
       5
       7
       0
       0
       1
       2
       3
       8
       5
       1
       4
       3
       2
       7
       5
       4
       7
       8
       5
       6
       3
       4
       6
       1
       4
       2
       2
       1
       6
       5
       2
       1
       7
       0
       2
       1
       8
       2
       4
       2
       2
       4
       2
       6
       6
       3
       1
       7
       0
       4
       3
       5
       5
       4
       3
       3
       0
       6
       4
       4
       4
       3
       4
       5
       4
       1
       3
       2
       2
       7
       1
       4
       3
       4
       3
       3
       2
       6
       4
       8
       6
       2
       1
       3
       2
       2
       2
       0
       2
       3
       1
       4
       2
       5
       8
       3
       7
       2
       3
       3
       0
       1
       1
       6
       2
       1
       3
       3
       0
       4
       4
       4
       4
       7
       2
       1
       3
       3
       1
       1
       3
       1
       3
       3
       1
       2
       2
       1
       0
       1
       1
       2
       2
       3
       1
       2
       4
       2
       1
       3
       1
       2
       2
       1
       3
       5
       3
       4
       4
       2
       3
       2
       2
       1
       6
       2
       4
       3
       1
       3
       4
       1
       4
       2
       6
       5
       2
       2
       3
       1
       3
       1
       1
       2
       3
       3
       1
       4
       2
       3
       1
       3
       4
       5
       5
       5
       5
       4
       3
       3
       2
       5
       4
       1
       2
       4
       2
       2
       5
       6
       0
       3
       5
       2
       1
       8
       1
       3
       1
       5
       6
       0
       3
       4
       1
       2
       1
       2
       5
       2
       1
       4
       4
       5
       0
       2
       1
       2
       2
       2
       2
       2
       3
       0
       0
       1
       3
       6
       3
       4
       1
       0
       5
       1
       1
       5
       4
       0
       1
       3
       0
       5
       3
       5
       5
       3
       3
       1
       1
       5
       0
       3
       2
       4
       0
       3
       1
       2
       0
       5
       0
       0
       4
       2
       5
       1
       2
       0
       2
       0
       4
       2
       4
       2
       2
       1
       4
       1
       2
       0
       2
       1
       1
       3
       0
       1
       4
       0
       2
       2
       3
       0
       1
       5
       2
       2
       1
       2
       3
       3
       0
       4
       4
       2
       2
       4
       5
       2
       1
       1
       1
       5
       1
       5
       0
       5
       4
       3
       0
       3
       2
       3
       2
       2
       2
       2
       3
       2
       2
       4
       1
       1
       0
       4
       4
       0
       0
       2
       3
       0
       1
       3
       3
       3
       1
       0
       2
       1
       3
       4
       1
       2
       2
       3
       2
       2
       0
       2
       1
       1
       3
       2
       4
       3
       2
       2
       0
       1
       2
       0
       2
       2
       0
       3
       2
       1
       4
       1
       3
       6
       5
       8
       9
      11
      11
      18
      10
       8
       4
       4
       2
       4
       2
       2
       0
       3
       1
       1
       0
       2
       1
       1
       3
       2
       2
       5
       0
       1
       5
       0
       1
       3
       0
       1
       2
       1
       1
       2
       1
       3
       3
       2
       0
       2
       0
       3
       2
       0
       0
       1
       1
       2
       5
       2
       0
       1
       3
       0
       1
       2
       2
       4
       1
       3
       4
       3
       2
       2
       3
       2
       6
       1
       0
       0
       4
       4
       8
      11
       5
       8
       8
       4
       3
       3
       2
       2
       0
       0
       2
       2
       2
       1
       0
       4
       1
       0
       4
       1
       0
       1
       4
       1
       1
       1
       3
       0
       1
       3
       1
       2
       1
       1
       3
       3
       1
       0
       2
       2
       2
       1
       1
       2
       3
       5
       3
       1
       4
       3
       1
       2
       0
       0
       2
       7
       3
       3
       2
       3
       2
       4
       1
       1
       1
       2
       1
       0
       3
       2
       1
       0
       1
       2
       3
       0
       2
       2
       2
       2
       0
       3
       1
       0
       0
       2
       1
       2
       2
       2
       3
       0
       1
       2
       1
       1
       3
       1
       2
       3
       1
       1
       2
       2
       0
       3
       4
       1
       2
       2
       2
       0
       3
       4
       2
       1
       2
       1
       3
       4
       1
       4
       1
       0
       0
       2
       1
       3
       2
       1
       4
       2
       1
       2
       1
       3
       3
       0
       2
       1
       3
       1
       1
       6
       0
       3
       3
       4
       7
       4
       3
       5
       2
       3
       0
       2
       4
       0
       0
       4
       1
       5
       0
       2
       1
       2
       1
       2
       1
       0
       6
       1
       0
       2
       2
       1
       6
       3
       0
       0
       3
       3
       2
       1
       1
       2
       1
       1
       0
       1
       2
       1
       6
       2
       2
       2
       2
       1
       3
       1
       1
       0
       2
       1
       1
       0
       4
       1
       4
       1
       3
       2
       6
       5
       7
      10
       8
       9
      10
       3
       5
       4
       5
       1
       1
       0
       2
       5
       1
       2
       1
       3
       3
       1
       2
       2
       2
       3
       0
       2
       1
       1
       3
       1
       0
       1
       0
       2
       1
       2
       1
       0
       3
       3
       2
       1
       5
       3
       2
       0
       1
       2
       1
       1
       2
       0
       1
       1
       3
       2
       3
       0
       1
       3
       1
       4
       3
       3
       1
       2
       2
       1
       1
       2
       1
       1
       1
       1
       1
       0
       0
       0
       2
       2
       3
       2
       3
       1
       2
       2
       3
       0
       2
       0
       1
       2
       1
       3
       2
       1
       2
       0
       2
       4
       2
       2
       1
       1
       1
       3
       3
       3
       4
       3
       1
       2
       1
       3
       1
       4
       5
       8
       3
       5
       3
       7
       3
       1
       0
       1
       1
       2
       2
       2
       0
       1
       2
       2
       1
       1
       2
       2
       1
       2
       1
       1
       2
       0
       1
       1
       1
       0
       2
       0
       2
       0
       1
       1
       1
       3
       3
       1
       1
       2
       0
       2
       6
       1
       1
       0
       0
       0
       0
       1
       1
       4
       2
       4
       1
       2
       1
       0
       3
       5
       2
       2
       3
       3
       1
       0
       1
       2
       2
       1
       0
       2
       1
       2
       0
       0
       2
       0
       0
       3
       2
       1
       4
       0
       0
       1
       0
       5
       1
       1
       2
       0
       1
       0
       0
       0
       0
       1
       0
       0
       4
       1
       1
       1
       1
       0
       1
       2
       1
       2
       2
       0
       2
       0
       2
       3
       0
       0
       3
       2
       2
       0
       0
       0
       4
       0
       1
       0
       0
       0
       1
       1
       2
       1
       1
       3
       0
       1
       0
       1
       1
       2
       2
       2
       1
       0
       4
       1
       1
       4
       0
       0
       1
       0
       0
       2
       1
       0
       2
       1
       0
       0
       2
       0
       1
       4
       2
       1
       1
       1
       1
       1
       0
       0
       0
       0
       1
       0
       1
       0
       0
       1
       3
       2
       2
       0
       1
       2
       1
       0
       1
       0
       1
       1
       3
       1
       0
       3
       1
       1
       3
       1
       1
       2
       3
       2
       2
       3
       4
       1
       4
       1
       1
       1
       2
       1
       3
       2
       0
       2
       1
       1
       2
       0
       2
       1
       4
       0
       2
       2
       2
       1
       2
       0
       0
       1
       0
       1
       1
       2
       2
       1
       3
       2
       0
       2
       3
       0
       0
       0
       2
       3
       1
       3
       2
       2
       1
       1
       0
       1
       1
       1
       0
       3
       2
       2
       2
       0
       0
       1
       0
       3
       1
       0
       3
       1
       2
       2
       0
       1
       1
       1
       0
       1
       1
       1
       2
       0
       0
       1
       0
       0
       0
       0
       1
       1
       2
       0
       2
       0
       0
       0
       2
       2
       1
       1
       0
       1
       1
       1
       1
       0
       0
       1
       2
       1
       2
       2
       2
       1
       0
       0
       0
       0
       0
       1
       0
       0
       1
       2
       1
       0
       1
       1
       0
       2
       2
       1
       0
       3
       0
       0
       2
       0
       0
       2
       0
       2
       2
       0
       5
       1
       1
       2
       2
       3
       1
       4
       0
       0
       3
       0
       0
       2
       0
       1
       2
       0
       1
       2
       2
       1
       0
       1
       3
       0
       2
       1
       2
       0
       2
       0
       0
       4
       0
       1
       0
       0
       2
       0
       1
       5
       1
       0
       1
       1
       2
       2
       0
       2
       0
       0
       0
       0
       1
       0
       2
       2
       1
       1
       0
       1
       3
       1
       1
       1
       1
       1
       0
       3
       2
       2
       0
       0
       0
       5
       0
       1
       0
       1
       2
       1
       0
       0
       2
       2
       0
       0
       1
       1
       0
       1
       1
       0
       2
       1
       0
       2
       0
       0
       3
       0
       3
       1
       1
       0
       1
       1
       1
       0
       1
       0
       2
       0
       1
       2
       2
       1
       0
       1
       0
       2
       0
       2
       0
       0
       0
       3
       1
       1
       2
       1
       3
       1
       1
       1
       0
       1
       1
       2
       2
       2
       0
       3
       2
       2
       0
       0
       0
       0
       1
       0
       1
       2
       2
       1
       1
       3
       2
       2
       1
       2
       1
       1
       0
       0
       1
       0
       0
       0
       2
       0
       0
       0
       1
       2
       1
       0
       1
       2
       2
       2
       2
       0
       0
       2
       0
       2
       0
       1
       2
       1
       1
       0
       2
       1
       2
       0
       0
       3
       4
       0
       1
       5
       0
       0
       2
       0
       3
       2
       0
       0
       2
       0
       3
       0
       1
       1
       2
       0
       1
       1
       0
       1
       1
       0
       0
       1
       1
       3
       0
       1
       0
       0
       2
       1
       2
       1
       0
       1
       0
       0
       0
       0
       1
       1
       1
       0
       0
       1
       0
       0
       1
       0
       2
       0
       1
       1
       2
       1
       0
       0
       0
       0
       1
       1
       1
       1
       1
       1
       2
       2
       0
       0
       1
       4
       2
       1
       3
       1
       2
       1
       1
       1
       2
       1
       0
       2
       1
       0
       1
       0
       0
       1
       1
       1
       1
       0
       1
       0
       0
       0
       1
       1
       0
       1
       0
       0
       2
       0
       0
       0
       1
       2
       1
       3
       1
       1
       1
       0
       1
       1
       3
       0
       0
       1
       2
       1
       1
       3
       1
       2
       2
       3
       0
       2
       1
       3
       0
       0
       0
       2
       0
       1
       0
       1
       0
       1
       1
       0
       0
       0
       1
       0
       2
       1
       0
       0
       0
       0
       1
       1
       1
       2
       3
       1
       2
       1
       3
       0
       2
       2
       4
       0
       1
       2
       1
       1
       0
       2
       0
       0
       0
       5
       1
       0
       1
       1
       0
       0
       1
       1
       1
       3
       1
       0
       0
       0
       0
       0
       1
       1
       1
       0
       1
       3
       1
       1
       1
       3
       0
       0
       0
       0
       0
       1
       0
       3
       1
       1
       0
       1
       1
       0
       0
       1
       0
       1
       0
       2
       2
       0
       0
       0
       1
       0
       1
       1
       0
       0
       2
       1
       0
       0
       1
       0
       2
       2
       2
       1
       1
       0
       1
       0
       1
       0
       0
       0
       1
       1
       0
       1
       0
       1
       1
       2
       0
       2
       0
       0
       2
       0
       0
       1
       0
       1
       0
       2
       0
       0
       0
       0
       0
       1
       1
       1
       0
       0
       0
       2
       1
       0
       0
       0
       2
       0
       1
       1
       2
       0
       0
       1
       0
       2
       1
       0
       1
       1
       0
       2
       0
       1
       0
       2
       0
       2
       1
       3
       0
       1
       0
       0
       0
       0
       2
       0
       0
       0
       1
       2
       1
       1
       0
       1
       1
       0
       2
       0
       0
       1
       1
       0
       1
       1
       0
       2
       1
       0
       0
       0
       0
       0
       0
       1
       1
       0
       2
       0
       0
       1
       2
       1
       1
       0
       0
       1
       2
       1
       0
       2
       3
       1
       1
       1
       1
       0
       0
       1
       2
       0
       1
       0
       1
       0
       2
       2
       0
       2
       1
       2
       2
       1
       0
       2
       0
       1
       2
       1
       4
       1
       0
       0
       2
       0
       0
       2
       0
       0
       0
       0
       0
       0
       0
       0
       0
       0
       0
       3
       0
       0
       0
       0
       0
       1
       2
       1
       1
       0
       2
       1
       0
       0
       0
       0
       0
       0
       0
       1
       1
       0
       1
       0
       3
       0
       2
       1
       0
       0
       0
       1
       2
       0
       1
       2
       1
       1
       0
       2
       1
       1
       1
       1
       1
       3
       1
       1
       1
       0
       1
       1
       2
       0
       0
       1
       0
       0
       2
       0
       1
       0
       0
       0
       0
       2
       0
       0
       0
       0
       0
       0
       3
       2
       0
       2
       1
       0
       1
       0
       0
       1
       1
       1
       2
       0
       1
       0
       2
       0
       0
       1
       1
       0
       0
       0
       1
       0
       1
       0
       1
       0
       0
       0
       2
       0
       0
       0
       1
       0
       0
       1
       0
       0
       1
       0
       1
       1
       1
       1
       0
       0
       0
       1
       1
       1
       2
       1
       0
       0
       0
       1
       0
       1
       0
       4
       0
       2
       0
       1
       0
       0
       0
       0
       1
       1
       1
       0
       0
       0
       1
       1
       0
       0
       3
       0
       1
       1
       1
       1
       0
       1
       1
       2
       1
       1
       0
       0
       2
       1
       0
       1
       0
       1
       1
       0
       1
       0
       2
       2
       0
       1
       0
       2
       1
       0
       0
       0
       0
       0
       1
       0
       0
       0
       1
       1
       0
       0
       0
       0
       0
       1
       0
       0
       0
       0
       0
       0
       1
       0
       1
       2
       0
       1
       1
       1
       0
       0
       1
       0
       1
       0
       0
       1
       0
       0
       1
       0
       1
       0
       2
       1
       0
       2
       0
       1
       0
       1
       0
       1
       0
       0
       0
       0
       0
       0
       0
       0
       1
       2
       1
       1
       1
       0
       1
       1
       0
       0
       1
       0
       0
       1
       1
       0
       1
       1
       0
       1
       1
       0
       0
       0
       2
       0
       0
       1
       0
       0
       3
       0
       0
       1
       1
       1
       1
       0
       1
       0
       1
       0
       0
       1
       0
       1
       0
       0
       0
       1
       0
       0
       1
       0
       2
       1
       0
       0
       1
       0
       1
       0
       0
       2
       2
       0
       1
       0
       0
       0
       0
       1
       1
       0
       1
       0
       0
       0
       0
       3
       2
       0
       1
       1
       1
       0
       1
       0
       0
       1
       0
       1
       0
       1
       2
       2
       0
       0
       0
       1
       1
       1
       0
       0
       1
       1
       1
       0
       0
       0
       0
       1
       1
       1
       1
       0
       0
       1
       0
       0
       0
       0
       0
       1
       1
       0
       1
       2
       2
       0
       0
       1
       0
       0
       0
       0
       0
       2
       0
       0
       1
       1
       0
       0
       0
       0
       0
       1
       0
       0
       0
       0
       1
       1
       0
       1
       0
       0
       0
       2
       0
       0
       1
       0
       1
       0
       0
       0
       0
       0
       0
       0
       1
       0
       0
       0
       0
       0
       1
       0
       0
       0
       0
       0
       1
       0
       0
       1
       1
       2
       1
       0
       0
       0
       0
       0
       2
       1
       1
       4
       0
       4
       2
       2
       4
       2
       2
       5
       4
       0
       1
       0
       1
       0
       0
       1
       2
       0
       0
       0
       0
       0
       1
       0
       0
       1
       1
       1
       1
       0
       0
       0
       0
       1
       0
       0
       0
       1
       1
       0
       0
       0
       1
       3
       0
       0
       1
       1
       1
       0
       0
       3
       0
       1
       0
       1
       0
       0
       1
       0
       0
       1
       0
       0
       0
       0
       1
       0
       0
       0
       0
       1
       0
       1
       0
       0
       0
       0
       0
       0
       0
       0
       1
       0
       0
       0
       1
       1
       1
       1
       0
       2
       0
       0
       0
       0
       2
       1
       0
       0
       0
       0
       0
       1
       0
       0
       0
       1
       0
       1
       0
       1
       0
       0
       1
       0
       0
       0
       0
       0
       0
       0
       0
       1
       1
       1
       0
       0
       0
       1
       0
       0
       1
       1
       0
       0
       1
       1
       0
       1
       1
       1
       0
       0
       0
       1
       1
       0
       0
       1
       0
       0
       0
       0
       0
       1
       0
       0
       0
       0
       1
       1
       0
       0
       0
       1
       2
       0
       0
       1
       0
       0
       1
       0
       0
       0
       0
       0
       0
       1
       0
       0
       0
       1
       0
       0
       1
       0
       0
       2
       1
       0
       0
       0
       0
       1
       1
       1
       0
       0
       1
       1
       0
       0
       0
       0
       0
       0
       0
       0
       0
       0
       0
       0
       0
       0
       0
       0
       1
       1
       0
       1
       0
       0
       0
       1
       1
       0
       1
       0
       0
       0
       1
       0
       1
       0
       0
       2
       0
       0
       1
       1
       0
       0
       0
       1
       1
       1
       0
       0
       0
       0
       0
       1
       0
       1
       0
       2
       1
       0
       0
       2
       0
       0
       0
       0
       0
       1
       0
       0
       0
       1
       0
       0
       0
       0
       0
       1
       0
       0
       0
       0
       0
       0
       0
       0
       0
       0
       0
       0
       1
       0
       0
       0
       0
       0
       1
       0
       0
       0
       1
       0
       1
       0
       0
       1
       0
       0
       0
       0
       0
       0
       0
       0
       0
       0
       0
       0
       0
       0
       0
       0
       1
       1
       1
       0
       0
       0
       0
       1
       0
       0
       0
       0
       0
       1
       1
       0
       0
       0
       4
       0
       0
       0
       0
       0
       0
       0
       0
       0
       0
       0
       1
       1
       1
       0
       0
       0
       0
       0
       0
       1
       0
       0
       1
       0
       0
       0
       0
       0
       0
       0
       0
       0
       0
       0
       1
       0
       1
       0
       0
       2
       1
       0
       0
       0
       0
       0
       0
       2
       1
       0
       1
       0
       0
       0
       0
       0
       0
       0
       0
       0
       0
       1
       0
       0
       1
       0
       0
       1
       0
       0
       0
       0
       1
       0
       1
       0
       2
       0
       0
       3
       0
       0
       1
       1
       0
       0
       0
       0
       1
       0
       0
       0
       0
       0
       1
       0
       0
       0
       1
       0
       0
       0
       0
       1
       0
       1
       0
       0
       0
       0
       2
       0
       0
       0
       0
       0
       0
       0
       0
       0
       0
       1
       0
       1
       1
       1
       0
       1
       0
       0
       0
       0
       0
       0
       0
       0
       0
       0
       1
       0
       0
       2
       0
       0
       0
       0
       0
       0
       0
       0
       0
       0
       0
       1
       0
       1
       0
       0
       0
       0
       1
       0
       0
       0
       0
       0
       0
       0
       0
       1
       1
       0
       0
       0
       0
       0
       0
       0
       1
       0
       0
       0
       0
       0
       0
       1
       0
       0
       0
       0
       0
       0
       0
       0
       0
       0
       0
       0
       1
       0
       0
       0
       0
       1
       0
       0
       0
       0
       0
       1
       0
       0
       0
       0
       0
       0
       0
       0
       1
       2
       0
       0
       0
       1
       1
       0
       0
       1
       1
       1
       3
       3
       1
       5
       1
       0
       0
       0
       1
       1
       0
       0
       0
       0
       0
       0
       0
       0
       0
       0
       0
       0
       0
       0
       0
       0
       0
       0
       0
       0
       1
       0
       0
       0
       0
       0
       1
       1
       1
       0
       0
       0
       1
       0
       1
       0
       0
       0
       0
       0
       0
       0
       1
       1
       0
       1
       0
       1
       1
       1
       0
       0
       0
       0
       1
       1
       0
       0
       0
       0
       0
       0
       0
       0
       0
       0
       0
       1
       0
       0
       0
       0
       0
       0
       0
       0
       0
       0
       0
       0
       0
       0
       1
       0
       0
       0
       0
       0
       0
       0
       0
       0
       0
       0
       0
       0
       0
       1
       0
       0
       0
       0
       1
       0
       0
       0
       0
       0
       0
       0
       0
       0
       1
       1
       1
       0
       0
       0
       0
       1
       0
       1
       0
       0
       0
       1
       0
       0
       0
       1
       0
       0
       0
       0
       0
       0
       0
       0
       0
       0
       0
       1
       0
       0
       0
       0
       0
       2
       0
       0
       0
       1
       1
       0
       0
       0
       0
       2
       0
       0
       1
       0
       0
       0
       1
       0
       0
       0
       2
       0
       0
       0
       0
       0
       0
       0
       0
       0
       0
       0
       1
       0
       0
       0
       1
       0
       0
       0
       0
       0
       0
       0
       0
       0
       0
       0
       0
       0
       0
       0
       0
       0
       0
       0
       0
       1
       0
       0
       0
       0
       0
       1
       1
       0
       0
       0
       1
       1
       0
       0
       0
       0
       0
       0
       0
       0
       0
       1
       0
       0
       0
       0
       0
       0
       0
       0
       0
       0
       0
       0
       0
       0
       1
       0
       0
       0
       0
       0
       0
       0
       0
       1
       0
       0
       0
       1
       0
       0
       0
       0
       0
       0
       1
       0
       0
       0
       0
       0
       0
       0
       0
       0
       0
       0
       0
       0
       0
       0
       0
       0
       0
       0
       1
       0
       0
       0
       0
       0
       0
       0
       0
       1
       0
       0
       0
       1
       0
       0
       0
       0
       0
       0
       0
       0
       0
       0
       0
       0
       0
       0
       0
       0
       0
       0
       0
       0
       0
       0
       0
       0
       0
       0
       0
       0
       0
       0
       0
       1
       0
       0
       0
       0
       0
       0
       0
       0
       0
       0
       0
       1
       0
       0
       0
       0
       1
       0
       0
       0
       0
       2
       1
       0
       2
       1
       0
       0
       0
       0
       0
       0
       0
       0
       0
       0
       0
       0
       1
       1
       0
       1
       0
       0
       0
       0
       0
       0
       0
       1
       0
       0
       1
       0
       0
       0
       0
       0
       0
       0
       0
       0
       0
       0
       0
       0
       0
       0
       0
       0
       1
       0
       0
       0
       0
       1
       0
       0
       0
       0
       0
       0
       0
       0
       0
       0
       0
       0
       0
       0
       0
       0
       0
       0
       0
       0
       1
       0
       0
       0
       1
       0
       0
       1
       1
       0
       0
       0
       0
       0
       1
       0
       0
       0
       0
       0
       0
       0
       0
       0
       0
       0
       1
       0
       0
       0
       0
       0
       0
       0
       0
       0
       0
       0
       0
       0
       0
       0
       0
       0
       0
       0
       0
       0
       0
       0
       1
       0
       0
       0
       0
       0
       0
       0
       0
       0
       0
       1
       0
       0
       0
       0
       1
       0
       0
       0
       0
       0
       0
       0
       0
       0
       0
       0
       0
       0
       0
       0
       0
       0
       0
       0
       0
       0
       0
       0
       0
       0
       0
       0
       0
       2
       0
       0
       0
       0
       0
       0
       1
       0
       0
       0
       1
       1
       0
       1
       0
       0
       0
       0
       0
       0
       1
       0
       1
       0
       0
       0
       0
       0
       0
       0
       0
       0
       1
       0
       0
       0
       0
       0
       0
       0
       0
       0
       1
       0
       1
       1
       0
       0
       0
       1
       1
       0
       0
       0
       1
       0
       0
       0
       0
       0
       0
       0
       0
       0
       0
       0
       0
       0
       0
       0
       1
       1
       0
       0
       0
       0
       0
       0
       0
       0
       0
       0
       0
       0
       0
       0
       0
       0
       0
       0
       0
       0
       0
       0
       0
       1
       0
       0
       0
       1
       0
       0
       0
       0
       0
       0
       0
       0
       0
       0
       1
       0
       0
       0
       0
       0
       0
       0
       0
       1
       0
       0
       0
       0
       0
       0
       0
       0
       0
       0
       1
       0
       0
       0
       1
       1
       0
       1
       0
       0
       0
       0
       0
       0
       0
       0
       0
       0
       0
       0
       0
       0
       0
       0
       0
       0
       0
       0
       0
       0
       0
       0
       0
       0
       0
       1
       0
       0
       0
       0
       0
       0
       0
       0
       1
       0
       0
       0
       1
       0
       0
       0
       0
       0
       0
       0
       0
       0
       0
       0
       0
       0
       0
       0
       0
       0
       0
       0
       1
       0
       0
       0
       0
       1
       0
       0
       0
       0
       0
       0
       0
       0
       0
       0
       0
       0
       0
       0
       0
       0
       0
       0
       0
       0
       0
       0
       0
       0
       1
       0
       0
       0
       0
       0
       0
       0
       0
       0
       0
       0
       0
       0
       0
       0
       0
       0
       0
       0
       1
       0
       0
       0
       1
       0
       0
       0
       0
       0
       0
       0
       0
       1
       0
       0
       1
       0
       0
       0
       0
       0
       0
       0
       0
       0
       0
       0
       0
       0
       0
       0
       0
       0
       2
       0
       0
       0
       0
       1
       0
       1
       0
       1
       0
       1
       0
       0
       1
       1
       0
       1
       0
       0
       1
       0
       0
       0
       0
       0
       1
       0
       0
       0
       0
       0
       0
       0
       0
       1
       0
       0
       0
       0
       0
       0
       0
       0
       0
       0
       0
       0
       0
       0
       0
       1
       1
       0
       0
       0
       0
       0
       0
       0
       0
       1
       0
       0
       0
       0
       0
       0
       0
       0
       0
       0
       0
       0
       0
       0
       0
       0
       0
       0
       1
       0
       0
       0
       0
       0
       0
       0
       0
       0
       0
       0
       0
       0
       0
       1
       0
       0
       0
       0
       0
       0
       0
       0
       1
       2
       0
       0
       0
       0
       0
       1
       0
       0
       0
       0
       0
       0
       0
       0
       0
       0
       1
       0
       0
       0
       0
       0
       0
       0
       0
       0
       0
       0
       0
       0
       0
       0
       0
       0
       0
       1
       1
       0
       0
       0
       0
       0
       0
       0
       1
       0
       0
       0
       0
       0
       0
       0
       0
       0
       0
       0
       0
       0
       0
       0
       0
       0
       1
       1
       0
       0
       0
       0
       1
       0
       0
       0
       0
       0
       1
       1
       1
       0
       0
       0
       0
       0
       0
       0
       0
       0
       0
       0
       0
       0
       0
       0
       0
       0
       1
       1
       0
       0
       0
       0
       0
       0
       0
       0
       0
       0
       1
       0
       0
       0
       0
       0
       0
       0
       0
       0
       0
       0
       0
       0
       0
       0
       0
       0
       0
       0
       0
       0
       0
       0
       0
       0
       0
       0
       0
       1
       0
       0
       0
       0
       1
       0
       0
       0
       0
       0
       0
       0
       0
       0
       0
       0
       0
       0
       0
       0
       0
       0
       0
       0
       0
       0
       0
       0
       0
       0
       1
       1
       0
       0
       0
       0
       0
       0
       0
       0
       0
       0
       0
       0
       0
       0
       0
       0
       0
       0
       0
       0
       0
       0
       0
       0
       0
       0
       0
       0
       0
       0
       0
       0
       0
       0
       0
       0
       0
       0
       0
       0
       0
       0
       0
       0
       0
       0
       0
       0
       0
       0
       1
       0
       0
       0
       0
       0
       1
       0
       0
       0
       0
       0
       1
       0
       0
       0
       0
       0
       1
       0
       0
       0
       0
       0
       0
       0
       1
       0
       0
       0
       0
       0
       0
       0
       0
       0
       0
       0
       0
       0
       0
       0
       0
       1
       0
       1
       0
       0
       1
       0
       0
       0
       0
       0
       0
       0
       0
       0
       0
       0
       0
       0
       0
       0
       1
       0
       0
       0
       0
       0
       0
       0
       1
       0
       0
       0
       0
       0
       0
       0
       0
       0
       0
       0
       0
       0
       0
       0
       0
       0
       0
       0
       0
       0
       0
       0
       0
       0
       0
       0
       0
       0
       0
       0
       0
       0
       0
       0
       0
       0
       0
       0
       0
       0
       0
       1
       0
       0
       0
       0
       0
       0
       0
       0
       0
       0
       0
       0
       0
       0
       0
       0
       0
       0
       0
       0
       0
       0
       0
       0
       0
       0
       0
       0
       0
       1
       0
       0
       0
       0
       0
       0
       0
       0
       0
       0
       0
       0
       0
       0
       0
       0
       0
       0
       0
       0
       0
       0
       0
       0
       0
       0
       1
       0
       0
       0
       0
       0
       1
       0
       0
       0
       0
       0
       0
       0
       0
       0
       0
       0
       0
       0
       0
       0
       0
       0
       0
       0
       1
       0
       0
       0
       0
       0
       0
       0
       0
       0
       0
       0
       0
       0
       0
       1
       0
       0
       0
       0
       0
       0
       0
       0
       0
       0
       0
       0
       0
       0
       0
       0
       1
       1
       0
       1
       1
       0
       0
       0
       0
       0
       0
       0
       0
       0
       0
       0
       0
       0
       0
       0
       0
       0
       0
       0
       0
       0
       0
       0
       0
       0
       0
       0
       0
       0
       0
       0
       0
       0
       0
       0
       0
       0
       0
       0
       0
       0
       0
       0
       0
       0
       0
       0
       0
       0
       0
       0
       0
       0
       0
       0
       0
       0
       0
       0
       0
       0
       0
       0
       0
       0
       0
       0
       0
       0
       0
       0
       0
       0
       0
       0
       0
       0
       0
       0
       0
       0
       0
       0
       0
       0
       0
       0
       0
       0
       0
       0
       0
       0
       0
       0
       0
       0
       0
       0
       0
       0
       0
       0
       0
       0
       0
       0
       0
       0
       0
       0
       0
       0
       0
       0
       0
       0
       0
       0
       0
       0
       0
       0
       0
       0
       0
       0
       0
       0
       0
$ROI:
0
$PRESETS:
Real Time
180
0
$ENER_FIT:
0.888569 0.390988
$MCA_CAL:
3
8.885689E-001 3.909876E-001 3.191953E-008 keV
$SHAPE_CAL:
3
0.000000E+000 0.000000E+000 0.000000E+000
