$SPEC_ID:
1
$SPEC_REM:
DET# 2
DETDESC# MCB 130 Normal
AP# Maestro Version 7.01
$DATE_MEA:
09/25/2019 17:38:08
$MEAS_TIM:
177 180
$DATA:
0 8191
       0
       0
       0
       0
       0
       0
       0
       0
       0
       0
       0
       0
       0
       0
       0
       0
       0
       0
       0
       0
       0
       0
       0
       0
       0
       0
      19
     427
     120
      69
      84
     129
     137
     175
     146
     126
     111
     125
     123
     155
     175
     159
     130
     121
     169
     134
      96
      98
     103
     118
     104
      81
     109
      91
      84
      88
      92
      84
      93
     112
     104
      96
      94
      94
      65
      88
     118
      84
     134
     158
     229
     267
     169
     137
     136
     167
     184
     198
     169
     124
     137
     148
     119
     107
     106
     105
     121
     197
     276
     391
     408
     263
     108
      76
      86
      93
     106
     104
     101
     106
     115
     153
     186
     145
     109
     138
      83
      69
      64
      91
      88
      85
      64
      81
      99
      99
      91
      87
      81
      82
      93
      92
      98
     107
     129
     149
     127
     112
      91
      94
      90
      90
      91
      78
      92
      82
      85
     104
      79
     105
      97
     102
     102
     148
     211
     228
     175
     100
      88
      91
     114
      94
      87
     125
     120
     113
     119
     107
     105
     120
     110
     112
     102
      98
     117
     124
     125
     110
      98
     110
     118
     104
      92
     106
     126
     113
     119
     118
     116
     115
     116
     119
     132
     107
     148
     137
     132
     154
     149
     157
     170
     140
     129
     142
     146
     156
     138
     117
     141
     140
     127
     124
     148
     144
     206
     301
     286
     176
     148
     118
     136
     109
     131
     152
     158
     152
     150
     128
     130
     145
     147
     177
     143
     154
     138
     132
     160
     129
     149
     138
     165
     156
     176
     133
     142
     160
     146
     152
     159
     154
     241
     219
     189
     159
     142
     163
     154
     144
     151
     220
     284
     259
     294
     287
     238
     173
     137
     153
     128
     154
     146
     155
     252
     354
     353
     282
     168
     194
     224
     332
     429
     304
     162
     134
     128
     117
     124
     119
     132
     130
     124
     139
     150
     168
     150
     162
     127
     111
     129
     144
     133
     159
     120
     154
     122
     147
     143
     189
     215
     164
     157
     120
     121
     119
     122
     123
     132
     144
     135
     136
     123
     124
     111
     131
     153
     123
     110
     112
     120
     116
     103
     112
     113
     125
     105
     114
     116
     105
     109
     121
     100
     120
     124
     125
     135
     111
     118
     122
      98
     133
     131
     116
     110
     123
     122
     112
     104
     112
     135
     103
     118
     115
      96
     110
     114
     126
     263
     623
     856
     545
     241
     113
      99
     108
      99
      95
      93
      93
     109
     138
     129
     120
     112
     103
      86
      96
     101
      97
      91
     101
      93
      93
     100
     113
     108
     108
     100
      96
      96
      94
      94
     103
      89
     102
      83
     104
      92
      89
      92
      84
      85
      97
      97
      87
      76
      81
      90
      66
      99
      76
      91
      89
      89
      87
     103
     114
      96
      96
      82
      94
      76
      86
      94
      81
      82
      78
      85
     100
      85
      95
      82
      76
      79
      80
      74
      85
      80
     100
      78
      98
      69
      90
      99
      88
      81
      77
      70
      75
      86
      89
      85
      97
      85
      84
      67
      72
      86
      74
      71
      72
      73
     104
     114
      89
      83
      83
      79
      71
      73
      72
      70
      86
      77
      67
     103
      74
      69
      73
      77
      76
      63
      75
      74
      68
      62
      65
      81
      64
      68
      95
      59
      61
      62
      77
      53
      87
      76
      78
      74
      68
      81
      82
      78
      68
      79
      61
      66
      66
      63
      60
      71
      74
      69
      76
      70
      70
      74
      72
      63
      62
      74
      60
      51
      63
      66
      60
      54
      71
      57
      56
      61
      68
      51
      66
      82
      95
      80
      52
      47
      45
      66
      60
      71
      60
      55
      74
      61
      52
      67
      57
      60
      85
      49
      62
      67
      47
      52
      50
      60
      51
      52
      57
      55
      74
      50
      76
      54
      64
      50
      61
      37
      58
      59
      67
      55
      55
      58
      51
      54
      55
      90
     214
     379
     471
     317
     143
      80
      67
      54
      53
      70
      60
      58
      55
      48
      52
      47
      48
      70
      58
      51
      48
      40
      47
      53
      42
      51
      39
      65
      67
      67
      66
      72
      63
      53
      62
      48
      62
      55
      63
      48
      35
      41
      48
      43
      54
      41
      48
      43
      45
      48
      38
      41
      41
      41
     107
     335
     667
     891
     592
     246
      69
      49
      45
      43
      49
      48
      40
      46
      51
      55
      50
      38
      42
      41
      40
      35
      40
      44
      43
      38
      34
      45
      35
      39
      33
      56
      39
      42
      50
      62
      62
      54
      40
      41
      43
      41
      43
      35
      42
      46
      66
      70
      65
      39
      35
      36
      45
      36
      39
      44
      35
      38
      31
      39
      40
      42
      40
      35
      38
      49
      42
      52
      46
      40
      39
      31
      62
     102
     112
     116
      55
      33
      38
      36
      28
      30
      41
      27
      29
      35
      37
      39
      39
      42
      40
      52
      39
      51
      33
      39
      36
      42
      28
      34
      35
      40
      48
      55
      29
      38
      30
      33
      34
      32
      31
      51
      79
     195
     301
     252
     148
      69
      33
      47
      44
      58
      48
      40
      27
      22
      39
      60
      56
      55
      41
      30
      31
      31
      26
      38
      43
      42
      25
      34
      26
      30
      18
      34
      38
      37
      40
      33
      36
      31
      29
      32
      46
      34
      31
      29
      42
      33
      27
      31
      31
      32
      30
      29
      24
      17
      25
      27
      37
      26
      34
      41
      46
      69
      60
      63
      42
      25
      38
      44
      48
      42
      47
      32
      32
      26
      28
      34
      26
      32
      32
      27
      27
      29
      23
      31
      21
      34
      26
      38
      22
      39
      30
      30
      39
      44
      31
      30
      29
      30
      21
      29
      35
      27
      33
      37
      37
      33
      39
      36
      36
      42
      28
      27
      34
      24
      32
      32
      47
      35
      32
      28
      36
      27
      29
      30
      39
      34
      37
      29
      19
      28
      31
      25
      32
      22
      26
      29
      33
      26
      26
      31
      26
      21
      28
      30
      36
      32
      22
      32
      44
      46
      44
      50
      42
      43
      27
      21
      24
      29
      25
      33
      30
      36
      27
      33
      33
      22
      19
      29
      21
      33
      34
      26
      33
      33
      22
      22
      33
      32
      34
      28
      19
      29
      28
      48
      71
      66
      60
      36
      27
      30
      16
      23
      31
      22
      19
      29
      20
      27
      17
      17
      28
      19
      26
      17
      27
      28
      19
      22
      25
      26
      27
      25
      17
      25
      19
      16
      32
      19
      21
      14
      19
      24
      28
      23
      22
      19
      24
      23
      30
      18
      23
      22
      19
      25
      22
      20
      17
      28
      23
      14
      25
      16
      23
      19
      28
      17
      14
      21
      24
      24
      22
      19
      21
      20
      24
      26
      22
      29
      23
      22
      16
      25
      20
      22
      19
      18
      30
      20
      19
      26
      17
      12
      16
      15
      18
      28
      22
      16
      13
      25
      19
      23
      19
      26
      16
      24
       9
      24
      19
      17
      27
      21
      23
      12
      13
      15
      17
      25
      17
      23
      20
      27
      19
      21
      12
      19
      26
      22
      24
      17
      14
      16
      22
      22
      14
      11
      18
      13
      25
      19
      23
      21
      26
      24
      21
      14
      17
      22
      25
      23
      10
      20
      21
      23
      22
      19
      29
      23
      21
      22
      18
      26
      18
      28
      25
      25
      26
      10
      17
      16
      21
       8
      15
      23
      22
      15
      33
      21
      18
      15
      24
      18
      21
      23
      17
      21
      16
      20
      20
      24
      18
      18
      26
      27
      25
      22
      27
      20
      17
      24
      25
      23
      13
      23
      15
      13
      19
      15
      12
      19
      18
      13
      16
      22
      14
      17
      23
      24
      19
      26
      20
      20
      21
      24
      16
      28
      20
      20
      25
      25
      28
      20
      21
      25
      26
      17
      18
      25
      19
      21
      22
      15
      21
      19
      14
      14
      15
      19
      28
      17
      28
      20
      20
      19
      33
      29
      20
      19
      26
      12
      26
      21
      15
      24
      19
      14
      18
       9
      29
      29
      31
      26
      21
      10
      19
      13
      13
      15
      27
      21
      15
      30
      19
      14
      15
      19
      16
      10
      16
      12
      21
      14
      21
      16
      21
      11
      14
      13
      21
      16
      24
      17
      15
      11
      19
      14
      20
      18
      20
      13
      22
      13
      19
      14
      17
      11
      19
      23
      18
      38
      28
      29
      21
      25
      21
      19
      19
      19
      22
      21
      17
      19
      12
      16
      13
      14
      19
      17
      14
      17
      13
      18
      19
      28
      38
      33
      28
      14
      18
      17
      20
      12
      17
      15
      11
      18
      15
      16
       8
      18
      14
      13
      14
      13
      16
      19
      19
      27
      16
      17
      14
      25
      27
      21
      18
      14
      17
      13
      11
      30
      28
      22
      20
      11
      14
      23
      15
      16
      14
      22
      17
      13
      14
       9
      19
      20
       9
      12
      15
      18
      17
       9
      14
      17
       8
      17
      19
      24
      22
      33
      35
      26
      25
      16
      14
      10
      15
      14
      21
      29
      35
      18
      17
      13
      17
      43
     124
     245
     337
     307
     173
      80
      28
      19
      11
      11
      13
      14
      10
      13
      10
       8
      13
      12
      18
      19
      26
      17
      26
      28
      21
      13
      12
      14
      13
      10
       9
      10
      12
      18
      15
      12
      14
      11
      15
      14
      15
      14
      17
      12
      17
      18
      22
      15
      13
      11
      15
       8
      15
      16
       8
      12
      14
      15
      17
      10
      17
      14
      11
      17
      10
      28
      46
      73
     102
      83
      59
      30
      16
      11
       8
      10
       7
      21
      11
      11
      20
      14
      12
      10
      10
      11
      11
      13
      16
      11
       8
       9
      14
      11
       9
       9
      14
      15
       9
      11
       9
      10
       7
      10
       6
       8
      10
       4
       6
      11
       9
      11
      15
      12
       9
       7
      17
      13
      11
      13
       5
      10
      12
       9
      11
      11
       7
      10
       8
       5
       6
      10
      11
      14
       9
       3
      15
      13
      12
      14
      13
      19
       6
      11
      10
       8
       5
       9
      13
       9
      12
      11
      16
      11
      16
      10
       5
      12
      10
      14
      10
       9
       7
      11
       8
      11
       6
      10
       7
       9
      10
      14
      10
       8
       5
       5
      14
      12
       8
      11
       8
      12
       5
      12
       8
       9
      13
      11
      10
      13
      15
      14
      17
       7
      11
      11
       9
       9
       8
      11
      12
      16
      16
      22
      31
      26
      39
      25
      16
      12
       9
      13
       3
      10
       7
      12
       8
       4
      13
       7
       8
      12
       8
       9
       2
       3
       8
      10
      14
       9
       7
       9
       3
      11
       7
       8
      12
       6
      11
       6
       8
       3
      13
       5
       4
       6
       7
       8
       5
       9
      13
       5
       6
       5
       9
      11
      10
      12
      10
      25
      17
      15
      13
      10
       5
       7
       5
      10
       6
       3
       8
       7
       8
       9
       6
      13
      10
      11
       6
       2
       5
       7
       4
       7
       6
       6
       6
       4
       5
       5
       3
       4
       8
       6
       4
       7
       8
       8
       1
       5
       5
      12
       5
       7
       8
       3
      10
       3
       6
       8
       6
      10
      11
       9
       8
      12
      13
      22
      17
      15
       9
      10
       4
      12
      10
       6
       9
      15
      40
     116
     186
     229
     218
      99
      33
      11
       7
      10
       8
       6
      11
       9
       5
       7
      14
       6
      16
      29
      27
      10
      10
      11
      19
      30
      84
      98
     117
      59
      44
      18
       7
       7
       9
      13
      10
      12
       8
      12
       8
       4
       4
       4
       6
       5
       7
       6
       5
       1
       8
       5
       2
       6
       8
       6
       4
       9
       7
       5
       9
      10
       3
       6
      10
       7
       5
       4
      12
       5
       8
       8
       5
       6
      11
       5
       6
      10
       7
       7
       7
       7
       5
       4
       4
       4
       9
      10
       6
       3
       4
       4
       7
       5
       5
       3
       4
       5
       2
       4
       7
       3
       7
       5
       2
       5
       3
       5
       2
       6
       2
       5
       5
       6
       3
       4
       5
       8
       2
       8
       8
       5
       6
       6
       5
       9
       8
       8
      12
       4
       3
       5
       6
       6
       6
       3
       3
      11
       6
       3
       7
       5
       4
       3
       8
       4
       5
       5
      10
       8
       4
       6
      11
       8
       6
       6
       7
       5
       6
       8
       4
       4
       2
      10
      11
      16
      17
      13
       8
      11
       9
      14
      13
       9
       9
       5
       8
      15
      10
      14
      11
      11
      11
       6
       8
       2
       6
       5
       2
       5
       4
       3
       3
       4
       8
       3
       7
       6
       3
       8
       6
       5
       6
       2
      10
       5
      11
       8
       8
       5
      21
      21
      27
      14
       8
       6
       8
      17
      38
      81
     151
     180
     162
      99
      47
      18
       7
       5
       5
       2
       8
       9
       7
       7
       4
      20
      24
      29
      29
      17
      15
      16
       7
       8
       3
       5
       3
       4
       4
       6
       4
       5
       2
       9
      11
       9
       7
       5
       4
       7
       6
       3
       3
       3
       3
       3
      10
       4
       3
       6
       9
       6
       3
       6
       3
       2
       9
       3
       7
       9
       5
       5
       8
       3
       6
       4
       9
       5
       7
       2
       5
       5
       7
      18
      26
      53
      72
      75
      42
      28
      13
       9
       2
       3
       5
       2
       6
       4
       2
      13
      11
      13
       6
       4
       4
       7
       3
       3
       4
       4
       9
       5
      11
       4
       3
       2
       4
       5
       8
       4
       4
       4
       5
       3
       6
       6
       2
       3
       5
      11
       4
       8
       4
       6
       7
       3
       2
       4
       3
       6
       8
       4
       5
       5
       1
       6
       5
       5
       9
       9
       2
       6
       6
       2
       6
       2
       4
       2
       7
       2
       4
       6
       2
       7
       6
       3
       5
       3
       9
       3
       3
       4
       3
       7
       3
       6
       1
       3
       1
       5
       3
       8
       7
       3
       8
       8
       7
       8
       7
       8
       6
       6
       4
       1
       7
       4
      10
       8
       6
       5
       3
       3
       7
       5
       3
       3
       2
       3
       5
       2
       6
       7
       3
       6
       4
       5
       2
       4
       4
       3
       3
       5
       6
       4
       7
       1
       6
       3
       4
       4
       3
       3
       2
       7
       5
       3
       4
       5
       5
       1
       2
       3
       4
       7
       2
       4
       3
       4
       1
       6
       4
       3
       3
       7
       4
       7
       1
       2
       6
       4
       8
       8
       0
       3
       3
       5
       3
       2
       4
       6
       1
       1
       5
       0
       4
       1
       1
       2
       4
       4
       4
       3
       3
       1
       3
       4
       2
       5
       3
       6
       5
       4
       7
       3
       0
       8
       2
       5
       5
       6
       6
       5
       9
       3
       4
       3
       0
       2
       3
       1
       5
       4
       3
       3
       2
       4
       4
       5
       4
       1
       2
       3
       3
       2
       8
       3
       5
       2
       3
       3
       5
       2
       3
       4
       2
       3
       6
       3
       8
       5
       5
       3
       3
       0
       1
       5
       6
       4
      15
      13
      11
      13
       8
       4
       3
       4
       6
       7
      10
      16
      18
      14
       6
       6
       4
       3
       1
       3
       2
       4
       2
       1
       1
       2
       3
       1
       3
       6
       2
       3
       2
       5
       3
       2
       6
       6
       2
       7
       7
       8
       6
       5
       3
       3
       3
       6
       5
       1
       0
       0
       5
       2
       4
       4
       3
       6
       1
       4
       3
       3
       3
       7
       5
       2
       3
       3
       4
       2
       4
       2
       2
       3
       4
       6
       1
       2
       1
       0
       4
       3
       0
       1
       5
       3
       4
       3
       7
       5
       8
       8
       8
       3
       2
       4
       6
       4
       3
       2
       2
       2
       2
       5
      10
       4
       4
       4
       0
       2
       7
       2
       4
       2
       4
       1
       2
       2
       3
       5
       2
       4
       1
       2
       4
       2
       4
       5
       4
       7
       4
       6
       8
       3
       7
       3
       3
       1
       1
       3
       1
       3
       3
       3
       3
       4
       4
       4
       5
       2
       4
       3
       5
       3
       8
       5
       2
       3
       5
       2
       2
       2
       5
       0
       4
       3
       3
       2
       0
       1
       3
       3
       4
       6
       5
       3
       1
       4
       2
       1
       3
       2
       2
       4
       2
       6
       6
       2
       4
       1
       5
       2
       5
       3
       2
       2
       3
       1
       3
       3
       5
       6
      12
      10
      11
      18
      11
       7
       3
       1
       4
       2
       1
       2
       0
       3
       4
       2
       1
       1
       2
       3
       5
       1
       1
       5
       3
       4
       2
       4
       3
       7
       9
      11
       9
      12
      10
       6
       4
       7
       2
       6
       6
       5
       0
       5
       5
       3
       4
       1
       4
       5
       2
       4
       3
       2
       2
       1
       4
       5
       1
       3
       2
       1
       3
       4
       1
       3
       0
       7
       0
       2
       2
       5
       2
       5
       2
       2
       1
       3
       3
       4
       3
       2
       3
       4
       2
       4
       2
       6
       1
       2
       0
       0
       3
       7
       1
       0
       5
       1
       0
       5
       2
       2
       0
       4
       2
       2
       3
       2
       1
       1
       4
       4
       3
       2
       3
       2
       1
       2
       1
       4
       2
       3
       1
       6
       0
       3
       5
       4
       3
       0
       3
       2
       5
       0
       2
       2
       4
       3
       7
       1
       1
       1
       1
       1
       2
       5
       4
       3
       3
       1
       7
       1
       3
       2
       0
       2
       3
       4
       3
       3
       0
       1
       0
       0
       4
       3
       4
       3
       2
       4
       4
       4
       0
       3
       2
       1
       3
       7
      12
      29
      34
      33
      22
      28
       5
       6
       1
       3
       1
       2
       2
       1
       2
       3
       3
       0
       2
       8
       3
       4
       7
       3
       1
       2
       2
       1
       1
       2
       2
       3
       5
       3
       4
       5
       4
       1
       0
       3
       8
       6
       3
       7
       3
       3
       3
       3
       4
       3
       2
       2
       1
       0
       5
       3
       1
       4
       1
       4
       4
       0
       3
       3
       2
       2
       4
       0
       0
       1
       3
       4
       4
       1
       4
       2
       2
       3
       3
       2
       2
       4
       3
       5
       2
       5
       0
       2
       1
       4
       2
       2
       0
       5
       2
       4
       2
       2
       2
       4
       3
       0
       4
       0
       3
       5
       1
       7
       0
       3
       1
       6
       0
       1
       2
       3
       2
       2
       4
       2
       3
       1
       3
       4
       0
       0
       1
       0
       5
       0
       0
       0
       4
       2
       2
       3
       0
       2
       2
       2
       1
       2
       1
       2
       3
       1
       4
       2
       1
       2
       4
       0
       1
       2
       2
       0
       1
       3
       3
       2
       4
       6
       3
       3
       1
       1
       0
       4
       1
       4
       1
       0
       5
       4
       1
       0
       1
       1
       2
       1
       2
       4
       0
       1
       2
       0
       0
       2
       3
       2
       1
       2
       0
       0
       1
       0
       2
       2
       1
       3
       2
       3
       3
       3
       4
       4
       1
       4
       2
       4
       1
       4
       2
       3
       0
       3
       1
       0
       2
       0
       3
       4
       1
       2
       2
       3
       1
       3
       1
       3
       1
       0
       3
       2
       1
       2
       1
       2
       2
       1
       1
       3
       2
       2
       3
       1
       8
       6
       5
       7
      10
       5
       1
       4
       1
       2
       5
       1
       4
       7
       3
       2
       0
       2
       2
       2
       1
       1
       1
       0
       5
       3
       5
       2
       3
       5
       2
       6
       8
       9
       5
       6
       1
       2
       3
       0
       0
       1
       2
       4
       0
       3
       3
       4
       1
       1
       0
       0
       5
       3
       1
       3
       3
       3
       0
       3
       5
       2
       5
       3
       3
       3
       1
       0
       2
       2
       1
       2
       2
       6
       4
       4
       6
       2
       2
       0
       3
       1
       1
       2
       1
       2
       4
       2
       1
       1
       2
       4
       0
       1
       1
       2
       2
       6
       2
       3
       3
       2
       1
       1
       1
       2
       4
       2
       2
       0
       1
       1
       3
       4
       3
       0
       2
       1
       2
       2
       1
       1
       1
       1
       1
       0
       2
       2
       3
       0
       0
       1
       2
       1
       3
       8
       8
       5
       6
       9
       6
       2
       1
       1
       1
       1
       3
       1
       6
       3
       7
       5
       7
       2
       0
       1
       1
       1
       0
       4
       1
       0
       0
       0
       1
       0
       2
       3
       2
       1
       1
       4
       1
       1
       3
       2
       2
       0
       1
       1
       1
       2
       1
       1
       2
       5
       2
       4
       2
       1
       0
       0
       3
       1
       5
       1
       1
       1
       0
       1
       1
       1
       3
       3
       3
       3
       4
       2
       2
       2
       1
       2
       4
       3
       3
       3
       1
       2
       1
       2
       4
       6
       5
       3
       1
       3
       4
       0
       1
       1
       1
       0
       1
       3
       4
       1
       2
       3
       1
       2
       1
       2
       0
       0
       2
       3
       1
       0
       2
       0
       2
       1
       0
       3
       1
       0
       0
       4
       1
       2
       0
       0
       1
       2
       2
       0
       3
       1
       1
       1
       3
       1
       1
       0
       1
       1
       3
       2
       1
       2
       0
       2
       0
       2
       2
       2
       1
       0
       2
       2
       1
       1
       1
       2
       3
       2
       3
       2
       5
       3
       3
       4
       5
       4
       3
       8
       2
       1
       4
       3
       2
       0
       5
       0
       0
       3
       0
       1
       2
       2
       2
       1
       0
       1
       0
       2
       1
       1
       0
       3
       1
       2
       3
       4
       1
       0
       0
       0
       2
       2
       1
       0
       1
       4
       3
       1
       0
       1
       3
       0
       2
       1
       2
       0
       0
       1
       3
       2
       5
      10
      12
       3
       9
       8
       5
       5
       2
       2
       0
       0
       2
       0
       0
       0
       2
       0
       1
       1
       1
       1
       2
       1
       0
       4
       1
       2
       1
       2
       2
       4
       4
       2
       3
       2
       1
       1
       1
       1
       2
       2
       2
       0
       2
       3
       2
       0
       4
       2
       2
       0
       1
       1
       2
       4
       1
       1
       5
       3
       0
       1
       0
       0
       0
       1
       0
       1
       2
       2
       1
       0
       1
       1
       2
       3
       1
       2
       0
       1
       1
       6
       3
       5
       2
       1
       0
       2
       2
       2
       1
       1
       5
       3
       1
       1
       1
       2
       2
       4
       5
       3
       6
       3
       2
       3
       1
       1
       1
       1
       1
       0
       1
       0
       1
       2
       1
       0
       1
       3
       0
       1
       2
       1
       3
       1
       6
       0
       3
       1
       1
       2
       2
       2
       0
       0
       2
       3
       1
       3
       1
       1
       0
       0
       2
       0
       0
       1
       1
       0
       0
       1
       3
       1
       0
       4
       0
       1
       1
       1
       1
       2
       1
       1
       0
       2
       1
       1
       1
       1
       1
       2
       0
       3
       2
       1
       1
       6
       1
       0
       1
       0
       1
       2
       0
       2
       3
       4
       8
       4
       7
       3
       1
       0
       0
       2
       1
       1
       0
       1
       0
       2
       1
       1
       0
       1
       1
       3
       0
       0
       2
       4
       2
       2
       2
       1
       1
       3
       0
       1
       0
       1
       0
       1
       1
       3
       1
       3
       1
       0
       1
       1
       0
       1
       0
       4
       1
       1
       0
       0
       2
       0
       1
       2
       1
       1
       2
       1
       1
       1
       1
       1
       0
       1
       1
       1
       0
       0
       0
       0
       3
       1
       0
       2
       1
       4
       3
       2
       4
       1
       4
       0
       1
       0
       1
       1
       1
       1
       2
       2
       0
       0
       0
       0
       1
       2
       0
       1
       1
       0
       1
       3
       2
       0
       1
       2
       1
       1
       1
       0
       2
       2
       1
       1
       1
       1
       2
       0
       0
       2
       1
       0
       2
       1
       3
       2
       0
       2
       0
       1
       0
       0
       0
       2
       0
       1
       1
       0
       0
       0
       0
       0
       1
       2
       1
       1
       1
       0
       3
       1
       0
       2
       0
       0
       1
       1
       0
       0
       0
       1
       0
       0
       0
       1
       0
       2
       3
       1
       2
       2
       1
       2
       4
       1
       3
       1
       0
       3
       0
       2
       0
       0
       1
       0
       2
       1
       0
       1
       0
       1
       0
       1
       3
       1
       2
       2
       1
       0
       0
       1
       1
       0
       0
       1
       0
       0
       2
       0
       0
       1
       2
       1
       0
       2
       0
       2
       1
       0
       1
       0
       0
       2
       2
       1
       0
       1
       0
       0
       2
       0
       0
       1
       0
       1
       0
       1
       0
       2
       0
       2
       0
       0
       2
       0
       1
       2
       1
       0
       0
       0
       2
       3
       1
       1
       0
       3
       2
       0
       1
       0
       1
       1
       2
       0
       3
       0
       2
       0
       2
       0
       1
       0
       0
       1
       0
       0
       0
       4
       1
       0
       3
       0
       3
       1
       0
       0
       1
       1
       1
       2
       2
       0
       1
       1
       1
       0
       1
       0
       0
       1
       0
       1
       1
       1
       1
       1
       0
       1
       0
       1
       1
       1
       2
       1
       1
       4
       1
       3
       1
       2
       4
       8
       4
      13
      20
      19
      23
      20
      25
      11
       3
       1
       0
       0
       0
       1
       0
       0
       0
       0
       2
       2
       0
       2
       2
       2
       0
       3
       0
       2
       0
       1
       0
       0
       0
       0
       2
       2
       0
       1
       1
       0
       0
       0
       1
       0
       0
       3
       1
       1
       2
       0
       0
       0
       0
       1
       2
       0
       0
       2
       0
       0
       1
       0
       0
       0
       1
       1
       0
       0
       0
       1
       1
       1
       0
       0
       0
       0
       1
       0
       0
       0
       1
       0
       1
       1
       2
       1
       0
       0
       0
       0
       0
       1
       1
       2
       0
       0
       1
       0
       1
       0
       0
       0
       0
       0
       1
       1
       1
       0
       0
       1
       2
       0
       1
       1
       2
       0
       0
       1
       1
       2
       0
       1
       1
       1
       1
       0
       0
       2
       0
       1
       0
       0
       0
       1
       1
       0
       0
       1
       0
       1
       0
       1
       0
       2
       1
       1
       0
       0
       1
       0
       1
       0
       1
       0
       1
       0
       1
       0
       0
       0
       1
       1
       0
       1
       1
       1
       0
       0
       0
       2
       1
       0
       1
       0
       2
       1
       1
       0
       0
       2
       1
       0
       0
       2
       0
       0
       1
       1
       0
       1
       0
       2
       1
       1
       2
       0
       0
       1
       0
       0
       1
       2
       1
       1
       0
       0
       0
       1
       0
       1
       1
       0
       1
       0
       0
       1
       0
       1
       0
       1
       0
       1
       1
       0
       1
       2
       0
       0
       0
       2
       0
       1
       0
       0
       0
       0
       0
       0
       0
       0
       0
       1
       0
       0
       3
       0
       0
       1
       1
       0
       1
       1
       0
       0
       1
       1
       0
       0
       0
       0
       0
       1
       1
       0
       0
       0
       0
       0
       1
       0
       0
       1
       1
       2
       0
       0
       1
       1
       0
       0
       0
       1
       1
       1
       0
       0
       0
       1
       1
       0
       0
       0
       1
       2
       0
       0
       0
       0
       1
       1
       0
       1
       1
       0
       1
       0
       0
       0
       0
       0
       1
       0
       1
       0
       1
       1
       1
       2
       0
       0
       0
       0
       1
       0
       0
       0
       0
       0
       0
       2
       1
       0
       0
       0
       0
       1
       0
       0
       0
       0
       1
       0
       0
       0
       1
       0
       1
       0
       3
       7
       4
       6
       8
       6
       6
       0
       2
       0
       1
       0
       0
       1
       0
       0
       0
       0
       0
       0
       1
       0
       1
       1
       0
       1
       0
       0
       1
       0
       0
       0
       0
       0
       0
       1
       0
       0
       0
       0
       1
       0
       0
       1
       0
       0
       0
       0
       0
       0
       0
       0
       0
       1
       0
       1
       1
       0
       0
       0
       2
       1
       3
       0
       2
       1
       0
       0
       0
       4
       0
       0
       2
       0
       1
       0
       2
       0
       2
       0
       0
       1
       0
       0
       0
       0
       0
       0
       0
       0
       0
       0
       0
       0
       0
       0
       0
       0
       0
       1
       0
       0
       1
       0
       0
       0
       0
       0
       0
       1
       0
       0
       0
       1
       1
       1
       0
       0
       0
       1
       0
       0
       0
       0
       0
       1
       3
       0
       0
       1
       0
       1
       1
       1
       2
       0
       0
       0
       0
       0
       0
       0
       1
       0
       0
       0
       0
       2
       1
       1
       1
       0
       0
       0
       0
       1
       0
       0
       0
       0
       0
       0
       0
       0
       0
       1
       0
       0
       1
       0
       0
       0
       0
       0
       0
       0
       0
       0
       0
       0
       1
       2
       0
       0
       0
       0
       0
       2
       0
       0
       0
       1
       0
       0
       0
       0
       0
       0
       0
       1
       0
       0
       0
       1
       0
       0
       0
       0
       0
       1
       0
       0
       2
       2
       0
       1
       1
       0
       2
       1
       0
       1
       0
       1
       0
       0
       1
       0
       0
       0
       0
       0
       0
       0
       0
       0
       0
       1
       0
       2
       0
       0
       1
       0
       1
       1
       0
       1
       0
       0
       1
       0
       1
       0
       0
       0
       1
       1
       0
       0
       0
       1
       0
       0
       1
       0
       1
       0
       0
       0
       1
       1
       0
       0
       1
       0
       0
       0
       0
       0
       0
       0
       0
       1
       2
       0
       1
       1
       0
       0
       0
       1
       1
       1
       1
       1
       1
       0
       0
       1
       0
       0
       0
       0
       0
       1
       0
       0
       0
       0
       0
       1
       0
       0
       0
       0
       1
       0
       0
       0
       0
       1
       0
       0
       0
       0
       0
       0
       0
       0
       0
       0
       0
       2
       0
       0
       0
       0
       1
       0
       1
       0
       0
       0
       0
       1
       0
       0
       0
       0
       0
       0
       0
       0
       0
       0
       1
       1
       0
       0
       1
       0
       1
       0
       0
       0
       0
       1
       2
       0
       0
       0
       0
       0
       2
       0
       0
       0
       0
       1
       0
       0
       0
       0
       0
       0
       0
       0
       0
       0
       1
       1
       0
       0
       0
       0
       0
       2
       0
       1
       1
       0
       0
       0
       1
       0
       0
       0
       0
       1
       0
       0
       0
       0
       0
       0
       1
       0
       0
       0
       1
       0
       0
       0
       1
       0
       0
       0
       0
       0
       1
       4
       1
       4
       0
       2
       4
       5
       1
       0
       0
       1
       0
       0
       0
       0
       0
       0
       0
       0
       0
       1
       1
       0
       0
       0
       0
       0
       0
       0
       0
       0
       1
       1
       1
       0
       0
       0
       0
       0
       0
       1
       0
       0
       0
       0
       0
       0
       0
       0
       0
       0
       1
       0
       1
       1
       0
       0
       0
       0
       0
       0
       0
       0
       0
       1
       0
       0
       2
       1
       2
       4
       3
       2
       1
       1
       1
       1
       0
       0
       0
       0
       0
       0
       0
       0
       0
       0
       0
       0
       0
       0
       0
       1
       0
       0
       0
       0
       0
       0
       0
       1
       0
       0
       0
       0
       0
       0
       0
       1
       0
       1
       0
       0
       0
       0
       0
       0
       1
       0
       0
       0
       0
       1
       0
       0
       0
       1
       0
       0
       0
       0
       0
       0
       0
       0
       0
       1
       0
       1
       0
       0
       0
       0
       0
       0
       0
       0
       0
       1
       0
       0
       0
       0
       0
       0
       0
       0
       1
       0
       0
       0
       1
       0
       0
       1
       0
       0
       0
       0
       1
       0
       0
       0
       0
       0
       0
       1
       0
       0
       1
       0
       0
       0
       0
       0
       3
       1
       0
       0
       0
       0
       0
       0
       1
       0
       0
       0
       0
       1
       1
       1
       0
       0
       0
       0
       0
       1
       0
       0
       0
       1
       0
       0
       0
       0
       1
       1
       0
       1
       0
       0
       1
       0
       0
       1
       0
       0
       0
       0
       1
       0
       0
       0
       0
       0
       0
       0
       0
       0
       0
       1
       0
       0
       0
       0
       0
       1
       0
       0
       0
       0
       0
       0
       0
       0
       0
       0
       0
       0
       0
       0
       0
       0
       0
       0
       0
       1
       0
       0
       0
       0
       0
       0
       0
       0
       0
       0
       0
       0
       0
       1
       0
       0
       0
       1
       0
       0
       0
       0
       0
       0
       0
       0
       0
       0
       0
       0
       0
       0
       0
       0
       0
       0
       0
       0
       0
       0
       0
       0
       0
       0
       0
       0
       0
       0
       0
       0
       1
       1
       0
       0
       1
       2
       0
       1
       0
       0
       2
       0
       0
       0
       1
       1
       0
       1
       0
       0
       0
       0
       0
       0
       0
       1
       0
       0
       0
       0
       0
       1
       0
       0
       0
       0
       0
       0
       0
       0
       0
       0
       0
       0
       0
       0
       0
       0
       0
       0
       0
       1
       0
       0
       0
       0
       0
       0
       0
       1
       0
       0
       0
       0
       0
       0
       1
       0
       0
       0
       2
       0
       0
       0
       0
       0
       0
       0
       2
       0
       2
       1
       0
       0
       0
       1
       0
       1
       0
       0
       0
       0
       0
       0
       0
       0
       0
       0
       0
       0
       0
       0
       0
       0
       0
       0
       0
       0
       1
       0
       0
       0
       0
       0
       0
       0
       0
       0
       0
       0
       0
       0
       0
       0
       0
       0
       0
       0
       0
       0
       0
       0
       0
       0
       0
       1
       0
       0
       0
       0
       0
       0
       1
       0
       0
       1
       1
       0
       0
       0
       0
       0
       0
       0
       0
       1
       0
       0
       0
       0
       1
       0
       0
       0
       0
       0
       0
       0
       0
       0
       0
       0
       0
       1
       0
       0
       0
       0
       0
       0
       0
       0
       0
       0
       0
       0
       0
       0
       0
       0
       0
       0
       0
       0
       0
       0
       0
       0
       0
       0
       0
       0
       0
       0
       0
       0
       0
       0
       0
       0
       0
       0
       0
       1
       0
       0
       0
       0
       0
       0
       1
       0
       0
       0
       0
       0
       0
       0
       0
       1
       0
       0
       0
       0
       0
       0
       0
       0
       0
       1
       0
       0
       0
       1
       0
       0
       0
       1
       0
       0
       0
       0
       0
       1
       0
       0
       0
       1
       0
       0
       0
       0
       1
       0
       0
       0
       0
       0
       0
       0
       0
       1
       0
       0
       0
       0
       0
       0
       0
       0
       0
       0
       0
       0
       0
       0
       1
       0
       0
       0
       1
       0
       1
       1
       0
       0
       0
       1
       0
       0
       0
       0
       1
       0
       0
       1
       0
       0
       0
       0
       0
       0
       0
       0
       0
       0
       0
       0
       0
       0
       0
       1
       0
       0
       0
       0
       0
       0
       0
       0
       0
       0
       0
       0
       1
       0
       0
       0
       0
       0
       0
       0
       0
       0
       0
       0
       0
       0
       0
       0
       0
       0
       0
       0
       0
       0
       0
       0
       0
       0
       0
       0
       0
       0
       0
       0
       1
       0
       0
       0
       0
       0
       0
       0
       1
       1
       0
       0
       0
       0
       1
       0
       0
       0
       0
       0
       0
       0
       0
       0
       0
       0
       0
       0
       0
       0
       0
       0
       0
       0
       0
       1
       0
       0
       0
       0
       0
       0
       0
       1
       0
       0
       0
       0
       0
       0
       0
       0
       0
       0
       0
       0
       0
       0
       0
       0
       0
       0
       1
       0
       0
       0
       0
       0
       0
       0
       0
       0
       0
       1
       0
       1
       0
       0
       0
       0
       0
       0
       0
       0
       0
       0
       0
       0
       0
       0
       1
       0
       0
       0
       0
       0
       0
       0
       0
       0
       0
       0
       0
       0
       0
       0
       0
       0
       0
       0
       1
       0
       0
       1
       0
       0
       0
       0
       0
       0
       0
       0
       0
       0
       0
       0
       0
       0
       0
       0
       0
       0
       0
       0
       0
       0
       0
       0
       0
       0
       0
       0
       0
       0
       0
       0
       0
       0
       0
       0
       0
       0
       0
       0
       0
       0
       0
       0
       0
       0
       0
       0
       0
       0
       0
       0
       0
       0
       0
       0
       0
       0
       0
       0
       0
       1
       0
       0
       0
       0
       0
       0
       0
       0
       0
       0
       1
       0
       0
       1
       0
       0
       0
       0
       0
       0
       0
       0
       1
       0
       0
       0
       0
       0
       0
       0
       0
       0
       0
       0
       0
       0
       0
       0
       0
       0
       0
       0
       0
       0
       0
       0
       0
       0
       1
       0
       1
       2
       1
       0
       0
       0
       0
       0
       0
       0
       0
       0
       0
       0
       0
       0
       0
       0
       0
       0
       0
       1
       0
       0
       1
       1
       0
       0
       0
       0
       0
       0
       0
       0
       0
       0
       0
       0
       0
       0
       0
       0
       0
       0
       0
       0
       0
       0
       0
       0
       0
       0
       0
       0
       0
       0
       0
       0
       0
       0
       0
       0
       0
       0
       0
       0
       0
       0
       0
       1
       0
       0
       0
       0
       0
       1
       1
       0
       0
       0
       0
       0
       0
       0
       0
       0
       0
       0
       0
       0
       0
       0
       0
       0
       0
       0
       0
       0
       0
       0
       0
       0
       0
       0
       0
       1
       0
       0
       0
       1
       0
       0
       0
       0
       0
       0
       0
       1
       0
       0
       0
       0
       0
       0
       0
       1
       0
       0
       1
       0
       0
       0
       0
       0
       2
       0
       1
       0
       0
       0
       0
       0
       0
       0
       0
       0
       0
       0
       0
       0
       0
       0
       0
       0
       0
       0
       0
       0
       0
       0
       0
       0
       0
       0
       0
       0
       0
       0
       0
       0
       0
       0
       0
       1
       0
       0
       0
       0
       0
       0
       0
       0
       0
       0
       0
       0
       0
       0
       1
       0
       0
       0
       0
       0
       0
       2
       0
       0
       0
       0
       0
       0
       0
       0
       0
       0
       0
       0
       0
       0
       0
       0
       0
       0
       0
       0
       0
       1
       2
       1
       0
       1
       0
       1
       0
       0
       0
       0
       1
       0
       0
       0
       0
       0
       0
       0
       0
       0
       0
       0
       0
       0
       0
       0
       0
       0
       0
       0
       0
       0
       0
       0
       1
       0
       0
       0
       0
       0
       0
       0
       0
       0
       0
       0
       0
       0
       0
       0
       0
       0
       0
       0
       0
       0
       0
       0
       0
       0
       0
       0
       0
       0
       0
       0
       0
       0
       0
       0
       0
       0
       0
       0
       0
       0
       0
       0
       0
       0
       1
       0
       0
       0
       1
       0
       0
       1
       0
       0
       0
       0
       0
       0
       0
       0
       0
       0
       0
       0
       0
       0
       0
       0
       0
       0
       0
       0
       0
       0
       0
       0
       0
       0
       0
       0
       0
       0
       1
       0
       1
       0
       0
       1
       1
       0
       0
       0
       0
       0
       0
       1
       0
       0
       1
       0
       0
       0
       0
       0
       0
       0
       0
       0
       1
       1
       0
       0
       0
       0
       0
       0
       1
       0
       0
       0
       0
       0
       0
       0
       0
       0
       0
       0
       0
       0
       0
       0
       0
       0
       0
       0
       0
       0
       0
       0
       0
       0
       0
       0
       0
       0
       0
       0
       0
       0
       0
       0
       0
       0
       0
       0
       0
       0
       0
       0
       0
       0
       0
       0
       0
       0
       0
       0
       0
       0
       0
       0
       0
       0
       0
       0
       0
       0
       0
       0
       0
       0
       0
       0
       0
       0
       0
       0
       0
       0
       0
       0
       0
       0
       0
       0
       0
       0
       0
       0
       0
       0
       0
       0
       0
       0
       0
       0
       0
       0
       0
       0
       0
       0
       0
       0
       0
       1
       0
       0
       0
       0
       0
       0
       0
       0
       0
       0
       0
       0
       0
       0
       0
       0
       0
       0
       0
       0
       1
       0
       0
       0
       1
       0
       0
       0
       0
       0
       0
       0
       0
       0
       0
       0
       0
       0
       0
       0
       1
       0
       0
       0
       0
       0
       0
       0
       0
       0
       1
       0
       1
       0
       0
       0
       0
       0
       0
       1
       0
       0
       0
       0
       0
       0
       0
       0
       0
       0
       0
       0
       0
       0
       0
       0
       0
       0
       0
       1
       0
       0
       0
       0
       0
       0
       0
       1
       0
       0
       0
       0
       0
       0
       0
       0
       0
       0
       0
       0
       0
       0
       0
       0
       0
       0
       0
       0
       1
       0
       0
       0
       0
       0
       0
       0
       0
       0
       0
       0
       0
       0
       0
       0
       0
       0
       0
       0
       0
       0
       0
       0
       0
       0
       0
       0
       0
       0
       0
       0
       0
       1
       0
       0
       0
       0
       0
       0
       0
       0
       0
       0
       1
       0
       0
       0
       0
       1
       0
       0
       0
       0
       0
       0
       0
       0
       0
       0
       0
       0
       0
       0
       0
       0
       0
       0
       0
       0
       0
       0
       0
       0
       1
       0
       0
       0
       0
       0
       1
       0
       0
       0
       0
       0
       1
       0
       0
       0
       0
       1
       0
       0
       0
       0
       0
       0
       0
       0
       0
       0
       0
       0
       0
       0
       0
       0
       0
       0
       0
       0
       0
       0
       0
       0
       0
       0
       0
       0
       0
       0
       0
       0
       2
       0
       0
       0
       0
       0
       0
       0
       0
       0
       0
       0
       0
       0
       0
       0
       0
       0
       1
       0
       0
       0
       1
       0
       0
       0
       0
       0
       0
       0
       0
       0
       0
       0
       0
       0
       0
       0
       0
       0
       0
       0
       0
       0
       0
       0
       0
       0
       0
       0
       0
       0
       0
       0
       0
       0
       0
       0
       0
       0
       0
       0
       0
       0
       0
       1
       0
       0
       0
       0
       0
       0
       0
       1
       0
       0
       0
       0
       0
       0
       0
       0
       0
       0
       0
       0
       0
       0
       0
       0
       2
       0
       1
       0
       0
       0
       0
       0
       0
       1
       0
       0
       0
       0
       0
       0
       0
       0
       0
       0
       0
       0
       0
       0
       0
       0
       0
       0
       0
       0
       0
       0
       0
       0
       0
       0
       0
       0
       0
       0
       0
       0
       0
       0
       0
       0
       2
       1
       0
       0
       0
       0
       1
       0
       1
       0
       0
       1
       0
       0
       0
       0
       0
       0
       0
       0
       1
       0
       0
       0
       0
       0
       0
       0
       0
       0
       0
       0
       0
       0
       0
       0
       0
       0
       0
       0
       0
       0
       0
       0
       0
       0
       0
       0
       0
       0
       1
       0
       0
       0
       0
       0
       0
       0
       0
       0
       0
       0
       0
       0
       0
       0
       0
       0
       0
       0
       0
       0
       0
       0
       0
       0
       0
       0
       1
       0
       0
       0
       0
       0
       0
       0
       0
       0
       0
       1
       0
       0
       0
       0
       0
       0
       0
       0
       0
       0
       0
       0
       0
       0
       0
       0
       0
       0
       0
       0
       0
       0
       0
       0
       0
       0
       0
       0
       0
       0
       0
       0
       0
       0
       0
       0
       0
       0
       0
       1
       0
       0
       0
       0
       0
       0
       0
       0
       0
       0
       0
       0
       0
       1
       0
       0
       0
       0
       0
       0
       0
       0
       0
       0
       0
       0
       0
       0
       0
       0
       0
       0
       0
       0
       0
       0
       0
       0
       0
       0
       1
       0
       0
       0
       0
       0
       0
       0
       0
       0
       0
       0
       0
       0
       0
       0
       0
       0
       0
       0
       0
       0
       0
       0
       0
       0
       0
       0
       0
       0
       0
       0
       0
       0
       0
       0
       0
       0
       0
       0
       0
       0
       0
       0
       0
       0
       0
       0
       0
       0
       0
       0
       0
       0
       0
       0
       0
       0
       0
       0
       0
       0
       0
       0
       0
       0
       0
       0
       0
       0
       0
       1
       0
       0
       0
       0
       0
       0
       0
       0
       0
       0
       0
       0
       0
       0
       0
       0
       0
       0
       0
       0
       0
       0
       0
       0
       0
       0
       0
       0
       0
       0
       0
       0
       0
       0
       0
       0
       0
       0
       0
       0
       0
       0
       0
       0
       0
       0
       0
       0
       0
       0
       0
       0
       0
       0
       0
       0
       0
       0
       0
       0
       0
       0
       0
       0
       0
       0
       0
       0
       0
       0
       0
       0
       0
       0
       0
       0
       0
       0
       0
       0
       0
       0
       0
       0
       0
       0
       0
       0
       0
       0
       0
       0
       0
       0
       1
       0
       0
       0
       0
       0
       0
       1
       0
       0
       0
       0
       0
       0
       0
       0
       0
       0
       0
       0
       0
       0
       0
       0
       0
       0
       0
       0
       0
       0
       0
       0
       0
       0
       0
       0
       0
       0
       0
       0
       0
       0
       0
       0
       0
       0
       0
       0
       0
       0
       0
       0
       0
       0
       0
       0
       0
       0
       0
       0
       0
       0
       0
       0
       0
       0
       0
       0
       0
       0
       0
       0
       0
       0
       0
       0
       0
       0
       0
       0
       0
       0
       0
       0
       0
       0
       0
       0
       0
       2
       1
       2
       3
       1
       2
       4
       2
       0
       2
       0
       0
       0
       0
       0
       0
       0
       0
       0
       0
       0
       0
       0
       0
       0
       0
       0
       0
       0
       0
       0
       0
       0
       0
       0
       0
       0
       0
       0
       0
       0
       0
       0
       0
       0
       0
       0
       0
       0
       0
       0
       0
       0
       0
       0
       0
       0
       0
       0
       0
       0
       0
       0
       0
       0
       0
       0
       0
       0
       0
       0
       0
       0
       0
       0
       0
       0
       0
       0
       0
       0
       0
       0
       0
       0
       0
       0
       0
       0
       1
       0
       0
       1
       0
       0
       0
       0
       0
       0
       0
       0
       0
       0
       0
       0
       0
       0
       0
       0
       0
       0
       0
       0
       0
       0
       0
       0
       0
       0
       0
       0
       0
       0
       0
       0
       0
       0
       0
       0
       0
       0
       0
       0
       0
       0
       0
       0
       0
       0
       0
       0
       0
       0
       0
       0
       0
       1
       1
       0
       0
       0
       0
       0
       0
       0
       0
       0
       0
       0
       0
       0
       0
       0
       0
       0
       1
       0
       0
       0
       0
       0
       0
       0
       0
       0
       0
       0
       1
       0
       0
       0
       0
       0
       0
       0
       0
       0
       0
       0
       0
       0
       0
       0
       0
       0
       0
       0
       0
       0
       0
       0
       0
       0
       0
       0
       0
       0
       0
       0
       0
       0
       0
       0
       0
       0
       0
       0
       0
       0
       0
       0
       0
       0
       0
       0
       0
       0
       0
       0
       0
       0
       0
       0
       0
       0
       0
       0
       0
       0
       0
       0
       0
       0
       0
       0
       0
       0
       0
       0
       0
       0
       0
       0
       0
       1
       0
       0
       0
       0
       0
       0
       0
       0
       0
       0
       0
       0
       0
       0
       0
       0
       0
       0
       0
       0
       0
       0
       0
       0
       0
       0
       0
       0
       0
       0
       0
       0
       0
       0
       0
       0
       0
       0
       0
       0
       0
       0
       0
       0
       0
       0
       0
       0
       0
       0
       0
       0
       0
       0
       0
       0
       0
       0
       0
       0
       0
       0
       0
       0
       0
       0
       0
       0
       0
       0
       0
       0
       0
       0
       0
       0
       0
       0
       0
       0
       0
       0
       0
       0
       0
       0
       0
       0
       0
       0
       0
       0
       0
       0
       0
       0
       0
       0
       0
       0
       0
       0
       0
       0
       0
       0
       0
       0
       0
       0
       0
       0
       0
       0
       0
       0
       0
       0
       0
       0
       0
       0
       0
       0
       0
       0
       0
       0
       0
       0
       0
       0
       0
       0
       0
       0
       0
       0
       0
       0
       0
       0
       0
       0
       0
       0
       0
       0
       0
       0
       0
       0
       1
       0
       0
       0
       0
       0
       0
       0
       0
       0
       0
       0
       0
       0
       0
       0
       0
       0
       0
       0
       0
       0
       0
       0
       0
       0
       0
       0
       0
       0
       0
       0
       0
       0
       0
       0
       0
       0
       0
       0
       0
       0
       0
       0
       0
       0
       0
       0
       0
       0
       0
       0
       0
       0
       0
       0
       0
       0
       0
       0
       0
       0
       0
       0
       0
       0
       0
       0
       0
       0
       0
       0
       0
       0
       0
       0
       0
       0
       0
       0
       0
       0
       0
       0
       0
       0
       0
       0
       0
       0
       0
       0
       0
       0
       0
       0
       0
       0
       0
       0
       0
       0
       0
       0
       0
       0
       0
       0
       0
       0
       0
       0
       0
       0
       0
       0
       0
       0
       0
       0
       0
       0
       0
       0
       0
       0
       0
       0
       0
       0
       0
       0
       0
       0
       0
       0
       0
       0
       0
       0
       0
       0
       0
       0
       0
       0
       0
       0
       0
       0
       0
       0
       0
       0
       0
       0
       0
       0
       0
       0
       0
       0
       0
       0
       0
       0
       0
       0
       0
       0
       0
       0
       0
       0
       0
       0
       0
       0
       0
       0
       0
       0
       0
       0
       0
       0
       0
       0
       0
       0
       0
       0
       0
       0
       0
       0
       0
       0
       0
       0
       0
       0
       0
       0
       0
       0
       0
       0
       0
       0
       0
       0
       0
       0
       0
       0
       0
       0
       0
       0
       0
       0
       0
       0
       0
       0
       0
       0
       0
       0
       0
       0
       0
       0
       0
       0
       0
       0
       0
       0
       0
       0
       0
       0
       0
       0
       0
       0
       0
       0
       0
       0
       0
       0
       0
       0
       0
       0
       0
       0
       0
       0
       0
       0
       0
       0
       0
       0
       0
       0
       0
       0
       0
       0
       1
       0
       0
       0
       0
       0
       0
       0
       0
       0
       0
       0
       0
       0
       0
       0
       0
       0
       0
       0
       0
       0
       0
       0
       0
       0
       0
       0
       0
       0
       0
       0
       0
       0
       0
       0
       0
       0
       0
       0
       0
       0
       0
       0
       0
       0
       0
       0
       0
       0
       0
       0
       0
       0
       0
       0
       0
       0
       0
       0
       0
       0
       0
       0
       0
       0
       0
       0
       0
       0
       0
       0
       0
       0
       0
       0
       0
       0
       0
       0
       0
       0
       0
       0
       0
       0
       0
       0
       0
       0
       0
       0
       1
       0
       0
       0
       0
       0
       0
       0
       0
       0
       0
       0
       0
       0
       0
       0
       0
       0
       0
       0
       0
       0
       0
       0
       0
       0
       0
       0
       0
       0
       0
       0
       0
       0
       0
       0
       0
       0
       0
       0
       0
       0
       0
       0
       0
       0
       0
       0
       0
       0
       0
       0
       0
       0
       0
       0
       0
       0
       0
       0
       0
       0
       0
       0
       0
       0
       0
       0
       0
       0
       0
       0
       0
       0
       0
       0
       0
       0
       0
       0
       0
       0
       0
       0
       0
       0
       0
       0
       0
       0
       0
       0
       0
       0
       0
       0
       0
       0
       0
       0
       0
       0
       0
       0
       0
       0
       0
       0
       0
       0
       0
       0
       0
       0
       0
       0
       0
       0
       0
       0
       0
       0
       0
       0
       0
       0
       0
       0
       0
       0
       0
       0
       0
       0
       0
       0
       0
       0
       0
       0
       0
       0
       0
       0
       1
       0
       0
       0
       0
       0
       0
       0
       0
       0
       0
       0
       0
       0
       0
       0
       0
       0
       0
       0
       0
       0
       0
       0
       0
       0
       0
       0
       0
       0
       0
       0
       0
       0
       0
       0
       0
       0
       0
       0
       0
       0
       0
       0
       0
       0
       0
       0
       0
       0
       0
       0
       0
       0
       0
       0
       0
       0
       0
       0
       0
       0
       0
       0
       0
       0
       0
       0
       0
       0
       0
       0
       0
       0
       0
       0
       0
       0
       0
       0
       0
       0
       0
       0
       0
       0
       0
       0
       0
       0
       0
       0
       0
       0
       0
       0
       0
       0
       0
       0
       0
       0
       0
       0
       0
       0
       0
       0
       0
       0
       0
       0
       0
       0
       0
       0
       0
       0
       0
       0
       0
       0
       0
       0
       0
       0
       0
       0
       0
       0
       0
       0
       0
       0
       0
       0
       0
       0
       0
       0
       0
       0
       0
       0
       0
       0
       0
       0
       0
       0
       0
       0
       0
       0
       0
       0
       0
       0
       0
       0
       0
       0
       0
       0
       0
       0
       0
       0
       0
       0
       0
       0
       0
       0
       0
       0
       0
       0
       0
       0
       0
       0
       0
       0
       0
       0
       0
       0
       0
       0
       0
       0
       0
       0
       0
       0
       0
       0
       0
       0
       0
       0
       0
       0
       0
       0
       0
       0
       0
       0
       0
       0
       0
       0
       0
       0
       0
       0
       0
       0
       0
       0
       0
       0
       0
       0
       0
       0
       0
       0
       0
       0
       0
       0
       0
       0
       0
       0
       0
       0
       0
       0
       0
       0
       0
       0
       0
       0
       0
       0
       0
       0
       0
       0
       0
       0
       0
       0
       0
       0
       0
       0
       0
       0
       0
       0
       0
       0
       0
       0
       0
       0
       0
       0
       0
       0
       0
       0
       0
       0
       0
       0
       0
       0
       0
       0
       0
       0
       0
       0
       0
       0
       0
       0
       0
       0
       0
       0
       0
       0
       0
       0
       0
       0
       0
       0
       0
       0
       0
       0
       0
       0
       0
       0
       0
       0
       0
       0
       0
       0
       0
       0
       0
       0
       0
       0
       0
       0
       0
       0
       0
       0
       0
       0
       0
       0
       0
       0
       0
       0
       0
       0
       0
       0
       0
       0
       0
       0
       0
       0
       0
       0
       0
       0
       0
       0
       0
       0
       0
       0
       0
       0
       0
       0
       0
       0
       0
       0
       0
       0
       0
       0
       0
       0
       0
       0
       0
       0
       0
       0
       0
       1
       0
       0
       0
       0
       0
       0
       0
       0
       0
       0
       0
       0
       0
       0
       0
       0
       0
       0
       0
       0
       0
       0
       0
       0
       0
       0
       0
       0
       0
       0
       0
       0
       0
       0
       0
       0
       0
       0
       0
       0
       0
       0
       0
       0
       0
       0
       0
       0
       0
       0
       0
       0
       0
       0
       0
       0
       0
       0
       0
       0
       0
       0
       0
       0
       0
       0
       0
       0
       0
       0
       0
       0
       0
       0
       0
       0
       0
       0
       0
       0
       0
       0
       0
       0
       0
       0
       0
       0
       0
       0
       0
       0
       0
       0
       0
       0
       0
       0
       0
       0
       0
       0
       0
       0
       0
       0
       0
       0
       0
       0
       0
       0
       0
       0
       0
       0
       0
       0
       0
       0
       0
       0
       0
       0
       0
       0
       0
       0
       0
       0
       0
       0
       0
       0
       0
       0
       0
       0
       0
       0
       0
       0
       0
       0
       0
       0
       0
       0
       0
       0
       0
       0
       0
       0
       0
       0
       0
       0
       0
       0
       0
       0
       0
       0
       0
       0
       0
       0
       0
       0
       0
       0
       0
       0
       0
       0
       0
       0
       0
       0
       0
       0
       0
       0
       0
       0
       0
       0
       0
       0
       0
       0
       0
       0
       0
       0
       0
       0
       0
       0
       0
       0
       0
       0
       0
$ROI:
0
$PRESETS:
Real Time
180
0
$ENER_FIT:
0.888569 0.390988
$MCA_CAL:
3
8.885689E-001 3.909876E-001 3.191953E-008 keV
$SHAPE_CAL:
3
0.000000E+000 0.000000E+000 0.000000E+000
