$SPEC_ID:
1
$SPEC_REM:
DET# 2
DETDESC# MCB 130 Normal
AP# Maestro Version 7.01
$DATE_MEA:
09/24/2019 16:11:10
$MEAS_TIM:
172 180
$DATA:
0 8191
       0
       0
       0
       0
       0
       0
       0
       0
       0
       0
       0
       0
       0
       0
       0
       0
       0
       0
       0
       0
       0
       0
       0
       0
       0
       0
      54
    1296
     419
     218
     280
     334
     434
     426
     428
     326
     339
     302
     343
     464
     430
     441
     403
     322
     352
     290
     262
     261
     316
     304
     299
     311
     270
     225
     245
     241
     205
     243
     262
     316
     295
     250
     254
     265
     254
     278
     267
     284
     312
     416
     420
     480
     350
     350
     361
     346
     344
     370
     347
     285
     297
     297
     272
     304
     281
     266
     301
     378
     562
     766
     729
     505
     328
     236
     286
     278
     307
     315
     246
     252
     294
     332
     365
     348
     299
     262
     270
     223
     250
     226
     249
     231
     246
     253
     239
     234
     230
     219
     225
     261
     240
     246
     237
     270
     263
     324
     290
     250
     243
     260
     256
     263
     214
     257
     230
     257
     246
     227
     236
     239
     229
     240
     256
     323
     401
     463
     389
     249
     265
     259
     238
     222
     250
     192
     242
     246
     247
     238
     236
     263
     242
     248
     243
     207
     268
     255
     259
     241
     267
     297
     246
     242
     242
     251
     246
     273
     254
     274
     261
     243
     244
     242
     266
     278
     298
     297
     260
     265
     276
     360
     321
     329
     260
     275
     258
     266
     295
     253
     279
     278
     286
     262
     277
     273
     312
     343
     323
     287
     273
     276
     283
     284
     278
     307
     312
     299
     264
     275
     270
     303
     304
     337
     309
     310
     289
     277
     271
     284
     293
     280
     297
     324
     246
     270
     272
     282
     323
     296
     321
     383
     465
     435
     365
     283
     329
     305
     290
     316
     320
     441
     585
     543
     509
     489
     375
     353
     286
     284
     267
     280
     313
     351
     406
     521
     609
     479
     332
     304
     417
     580
     675
     485
     352
     256
     271
     277
     258
     289
     284
     296
     304
     306
     343
     333
     340
     305
     280
     282
     270
     284
     336
     320
     313
     285
     278
     305
     355
     311
     369
     342
     291
     288
     236
     248
     240
     258
     291
     295
     295
     255
     308
     296
     240
     275
     263
     250
     262
     271
     244
     251
     267
     256
     288
     273
     249
     208
     250
     246
     247
     262
     269
     279
     256
     221
     241
     245
     273
     254
     245
     260
     253
     237
     239
     245
     243
     252
     246
     239
     265
     248
     224
     238
     221
     233
     250
     238
     391
     621
     758
     652
     363
     272
     227
     208
     254
     230
     225
     241
     220
     246
     261
     267
     252
     239
     210
     231
     204
     219
     222
     236
     273
     294
     233
     308
     558
     832
     759
     455
     248
     197
     199
     225
     204
     193
     205
     208
     208
     205
     204
     208
     210
     215
     221
     233
     190
     211
     196
     212
     185
     212
     204
     223
     198
     215
     203
     231
     226
     190
     197
     200
     221
     264
     340
     408
     359
     244
     202
     227
     196
     200
     229
     218
     189
     218
     204
     221
     198
     187
     189
     191
     179
     183
     186
     199
     186
     207
     184
     193
     192
     204
     214
     214
     184
     207
     212
     172
     193
     191
     199
     191
     225
     253
     247
     241
     229
     178
     176
     161
     179
     168
     202
     195
     185
     174
     205
     188
     196
     208
     192
     180
     184
     181
     176
     190
     182
     189
     185
     176
     166
     192
     170
     187
     178
     169
     200
     179
     177
     183
     203
     273
     452
     507
     443
     266
     224
     180
     199
     170
     195
     167
     167
     190
     158
     185
     186
     190
     185
     212
     168
     180
     187
     138
     165
     136
     162
     179
     176
     184
     169
     179
     162
     174
     157
     189
     181
     196
     205
     194
     172
     198
     204
     205
     170
     153
     154
     161
     170
     172
     145
     146
     161
     177
     169
     179
     159
     165
     177
     160
     161
     145
     150
     166
     179
     227
     211
     174
     193
     142
     147
     199
     180
     136
     155
     167
     158
     144
     175
     128
     151
     159
     187
     320
     529
     650
     495
     286
     167
     173
     138
     153
     153
     176
     178
     159
     168
     142
     158
     135
     151
     159
     145
     157
     176
     147
     132
     144
     139
     161
     164
     158
     154
     146
     154
     148
     175
     180
     218
     204
     188
     161
     144
     151
     153
     145
     132
     155
     125
     157
     157
     140
     140
     140
     138
     147
     140
     275
     783
    1691
    2194
    1607
     643
     249
     141
     118
     118
     127
     132
     145
     123
     135
     177
     174
     140
     134
     114
     135
     104
     131
     122
     124
     141
     140
     105
     148
     123
     133
     145
     131
     142
     137
     143
     175
     160
     154
     133
     121
     144
     114
     122
     158
     198
     246
     287
     213
     178
     141
     136
     138
     134
      98
     118
     128
     106
     118
     118
     115
     172
     144
     123
     123
     135
     140
     152
     140
     133
     106
     122
     142
     213
     223
     212
     168
     142
     113
     102
     105
     120
     117
     124
     117
     120
     117
     109
     120
      94
     125
     106
     136
     128
     133
     116
     125
     106
     129
     108
     151
     160
     199
     163
     163
     129
     116
      98
     125
      97
     121
     129
     207
     324
     520
     467
     274
     170
     120
     132
     122
     151
     128
     133
     117
     110
     147
     133
     138
     136
     134
     109
     119
     108
     114
     123
     102
     123
     120
      96
     107
     106
     130
     165
     180
     173
     128
     129
     120
     117
     115
     112
      96
     117
     122
     100
     112
     113
     120
     119
     104
     115
     117
     105
     118
     108
     114
     120
     103
     129
     116
     127
     149
     173
     168
     155
     120
     126
     120
      97
     134
     119
     108
     106
     104
     105
     103
      89
     102
     109
     122
      92
     114
      95
     133
     122
      93
     110
     111
     115
     116
      95
     111
     107
     119
      97
     129
     101
     106
     101
      91
     116
      99
     110
     111
     106
     107
     113
     102
     118
     122
     117
     122
     104
     113
      92
     115
     105
      92
     108
     113
      85
     112
     111
     117
     124
     118
     118
     110
     121
     103
     106
     100
     116
     108
     107
     113
     107
     108
     116
     114
      98
     103
      95
     105
     113
     109
     109
     114
     123
     126
     138
     143
     132
     119
     111
     112
      89
     127
      91
      86
     101
     124
     134
     139
     115
     112
      98
     109
      96
     110
      92
     100
     129
     114
     105
     100
      98
     103
     105
     115
     124
      93
     100
     103
     127
     136
     151
     120
     117
     105
      96
     101
     103
      97
     103
      91
      79
     105
     104
      80
     103
      95
      97
      89
      94
     110
     101
     107
     100
      86
      80
      92
      69
      94
      94
      96
      91
     101
      90
      98
      91
      93
      83
     102
      87
     104
      93
      84
      76
      81
      95
      87
      99
      92
      97
      90
      81
      80
      92
      88
      96
      87
      79
      91
      84
      81
      93
      90
      91
     103
      88
      74
     106
      95
      83
      87
      73
      88
      90
      91
     100
      89
      87
      83
     100
     101
      74
      79
      80
      92
      79
      72
      82
      92
      79
      84
      93
      80
      89
      74
      65
      94
     114
     121
     137
      98
     108
      96
     105
     110
      87
      93
      94
     112
      91
      88
      86
      72
      95
      82
      73
      91
      80
      90
      71
      72
      66
      71
      80
      87
      71
      93
      98
      70
      79
      87
     101
      90
      72
      95
      97
     110
     144
     126
     107
      92
      78
      88
      65
      63
      90
      76
      76
      91
      83
      82
      81
      78
      83
      74
      99
      71
      65
      64
      64
      75
      80
      81
      79
      60
      93
      77
      82
      84
     112
     119
     105
     102
      89
      73
     117
      72
      96
      94
      73
      96
      65
      73
      93
      78
      93
      71
      85
      76
      92
      72
      70
      89
      75
      75
      75
      71
      80
      75
      61
      78
      74
      67
      77
      68
      67
      86
      86
      95
      87
      78
      92
      74
      96
     117
     128
     150
     112
      79
      72
      74
      80
      66
      69
      94
      80
      88
      70
      83
      80
      84
      71
      66
      74
      84
      75
      77
      65
      74
      84
      73
      72
      78
      95
      93
      87
      72
      66
      73
      76
     100
      81
      74
      72
      69
      73
      73
      78
      80
      74
      61
      63
      84
      78
      71
      84
      81
     102
      98
     119
     124
      94
      69
      92
      79
      77
      94
      76
      72
      66
      79
      78
      58
      66
      58
      81
      66
      77
      76
      70
      73
      85
      76
      67
      89
      62
      76
      62
      78
      82
      77
      68
      64
      69
      69
      64
      60
      73
      71
      64
      69
      61
      79
      46
      68
      77
      65
      55
      72
      68
      81
      74
      83
      81
      69
      68
      79
      89
      87
      79
      85
      59
      60
      68
      63
      74
      61
      63
      89
      68
      89
      72
      83
      79
      61
      73
      71
      73
      76
      71
      66
      54
      57
      52
      62
      69
      78
      63
      64
      61
      72
      74
      57
      72
      69
      83
      87
     113
      97
      81
      87
      73
      78
      77
      91
      79
     102
      69
      86
      60
      62
      66
      63
      75
      72
      71
      69
      57
      65
      54
      64
      55
      54
      66
      62
      62
      60
      78
      69
      73
      73
      59
      71
      57
      80
      87
      85
      96
      70
      63
      58
      60
      56
      93
     146
     221
     256
     192
     124
     103
      93
     103
     265
     491
     746
     700
     448
     242
     100
      62
      64
      62
      75
      78
      68
      56
      61
      75
      68
      69
      60
      49
      74
      67
      69
      87
      47
      53
      62
      59
      74
      53
      65
      65
      63
      62
      63
      62
      50
      62
      77
      81
      76
      81
      69
     114
     127
     162
     143
      79
      87
      67
      54
      70
      61
      63
      59
      58
      54
      50
      59
      64
      52
      65
      48
      41
      69
     135
     241
     497
     672
     608
     354
     185
      76
      60
      45
      39
      54
      56
      56
      56
      69
     100
      78
      99
      75
      60
      60
      62
      52
      41
      46
      62
      55
      49
      57
      61
      63
      47
      51
      53
      58
      54
      55
      70
      55
      60
      45
      61
      59
      55
      52
      50
      38
      41
      45
      38
      63
      50
      58
      53
      60
      59
      68
      46
      60
      52
      62
      52
      59
      51
      46
      46
      42
      56
      49
      49
      58
      52
      55
      67
      59
      52
      49
      50
      41
      50
      62
      46
      52
      41
      46
      51
      55
      53
      47
      55
      51
      46
      49
      43
      51
      59
      50
      55
      54
      67
      50
      52
      51
      56
      60
      58
      51
      63
      54
      52
      57
      52
      51
      48
      58
      59
      42
      36
      55
      68
      59
      60
      51
      51
      56
      55
      66
      66
      57
      56
      53
      51
      57
      43
      60
      51
      79
      68
      82
      58
      64
      60
      66
      59
      48
      34
      39
      32
      47
      49
      45
      46
      42
      41
      36
      54
      53
      52
      46
      47
      49
      50
      56
      54
      47
      49
      70
      54
      52
      61
      65
      62
      54
      50
      62
      54
      36
      46
      49
      34
      61
      56
      51
      45
      45
      44
      53
      44
      70
      45
      50
      41
      49
      68
      61
      59
      71
      65
      50
      52
      49
      65
      49
      40
      62
      38
      46
      45
      39
      56
      39
      46
      45
      54
      55
      52
      38
      42
      43
      72
     115
     147
     154
     121
      95
      51
      41
      50
      44
      42
      38
      52
      34
      40
      44
      57
      48
      40
      45
      49
      36
      44
      43
      61
      58
      48
      56
      66
      67
      69
      89
     111
     145
     120
      93
      69
      70
      56
      61
      40
      53
      76
     159
     372
     559
     670
     547
     329
     157
      76
      62
      54
      31
      48
      53
      55
      43
      39
      40
      51
      69
      61
      61
      53
      49
      49
      40
      88
     147
     162
     154
     107
      82
      52
      33
      51
      45
      54
      35
      48
      44
      52
      48
      27
      42
      44
      37
      45
      37
      56
      45
      62
      67
      72
      44
      50
      38
      46
      32
      42
      40
      48
      62
      55
      35
      51
      46
      46
      58
      44
      54
      47
      43
      37
      30
      39
      46
      31
      44
      36
      43
      45
      45
      41
      45
      44
      55
      39
      46
      40
      44
      46
      49
      51
      29
      52
      40
      45
      36
      38
      44
      38
      37
      42
      41
      39
      46
      32
      38
      39
      38
      42
      33
      37
      31
      35
      49
      42
      41
      28
      38
      49
      51
      35
      50
      34
      51
      46
      39
      53
      54
      47
      41
      40
      44
      42
      42
      37
      29
      42
      29
      43
      41
      36
      41
      41
      48
      42
      42
      47
      36
      41
      37
      40
      30
      44
      43
      35
      40
      45
      42
      45
      42
      42
      39
      43
      60
      64
      58
      59
      51
      53
      72
      80
     107
      77
      80
      46
      42
      28
      45
      50
      39
      45
      36
      39
      32
      35
      44
      37
      41
      34
      32
      37
      34
      32
      36
      44
      42
      39
      41
      38
      46
      42
      40
      31
      44
      28
      37
      33
      34
      48
      54
      69
      56
      42
      31
      34
      36
      67
     145
     255
     415
     542
     512
     364
     158
      86
      45
      35
      33
      44
      41
      39
      34
      55
      58
      85
     131
     178
     210
     147
     106
      52
      56
      33
      37
      36
      27
      36
      36
      36
      31
      30
      34
      37
      43
      34
      42
      41
      32
      33
      41
      34
      32
      41
      44
      32
      50
      38
      29
      38
      31
      38
      43
      39
      40
      29
      23
      41
      35
      36
      35
      29
      38
      28
      46
      50
      35
      41
      38
      38
      42
      41
      38
      45
      73
      97
      99
     135
      83
      81
      52
      43
      40
      34
      23
      30
      29
      41
      36
      50
      38
      28
      30
      44
      41
      37
      30
      37
      32
      32
      28
      32
      43
      36
      38
      37
      42
      35
      36
      40
      39
      34
      37
      33
      38
      29
      28
      38
      31
      30
      41
      37
      45
      46
      28
      46
      27
      37
      39
      38
      28
      29
      25
      38
      30
      38
      32
      35
      38
      36
      33
      30
      33
      35
      38
      50
      35
      30
      30
      38
      35
      29
      38
      39
      38
      37
      34
      28
      49
      34
      31
      42
      28
      35
      23
      33
      36
      34
      50
      32
      36
      40
      32
      44
      31
      39
      43
      69
      68
      71
      84
      63
      48
      28
      37
      40
      24
      29
      32
      40
      37
      39
      36
      31
      39
      42
      37
      43
      43
      34
      35
      41
      21
      37
      42
      40
      31
      40
      25
      31
      21
      29
      34
      40
      41
      19
      36
      25
      35
      33
      31
      22
      33
      41
      33
      32
      29
      29
      31
      22
      31
      42
      39
      47
      52
      83
      64
      59
      66
      73
      87
      72
      56
      52
      43
      33
      22
      26
      30
      28
      27
      36
      23
      30
      27
      25
      31
      36
      34
      37
      45
      40
      33
      39
      51
      45
      75
      73
      79
      65
      37
      32
      32
      25
      25
      33
      22
      25
      18
      37
      34
      25
      33
      30
      31
      25
      35
      27
      39
      34
      36
      35
      38
      39
      34
      29
      30
      39
      36
      25
      30
      33
      41
      36
      35
      41
      34
      33
      42
      31
      30
      34
      32
      28
      36
      33
      33
      21
      41
      29
      35
      28
      29
      28
      35
      22
      28
      32
      28
      30
      33
      27
      34
      29
      30
      31
      42
      29
      56
      48
      57
      51
      34
      41
      31
      29
      30
      37
      39
      49
      42
      35
      37
      29
      32
      24
      24
      33
      32
      46
      40
      73
      79
      51
      49
      30
      36
      21
      34
      28
      33
      32
      27
      28
      32
      42
      35
      21
      26
      30
      33
      30
      26
      33
      19
      38
      31
      49
      35
      41
      35
      32
      49
      32
      29
      51
      67
      78
      67
      64
      44
      35
      31
      27
      31
      29
      24
      41
      25
      26
      22
      17
      26
      22
      33
      22
      23
      28
      30
      33
      32
      26
      26
      20
      31
      41
      26
      37
      39
      36
      32
      33
      25
      33
      38
      47
      42
      28
      29
      32
      39
      48
      48
      33
      28
      36
      26
      25
      24
      20
      24
      24
      33
      26
      24
      24
      43
      37
      21
      26
      21
      28
      31
      26
      23
      35
      25
      46
      40
      35
      40
      33
      34
      22
      30
      19
      24
      22
      27
      39
      32
      20
      27
      28
      29
      28
      30
      37
      58
     112
     144
     138
     135
      81
      47
      23
      22
      26
      26
      30
      33
      21
      17
      26
      19
      29
      19
      25
      32
      34
      25
      23
      25
      27
      31
      26
      20
      23
      26
      29
      34
      40
      36
      44
      41
      44
      32
      29
      23
      35
      15
      19
      36
      30
      27
      23
      28
      33
      41
      49
      43
      29
      44
      55
      35
      34
      24
      25
      19
      22
      29
      21
      32
      24
      22
      22
      20
      24
      33
      28
      26
      33
      19
      23
      24
      32
      27
      31
      29
      28
      36
      36
      34
      34
      37
      29
      29
      34
      24
      18
      25
      31
      21
      25
      25
      29
      28
      44
      40
      30
      36
      21
      26
      25
      45
      24
      22
      19
      17
      23
      19
      24
      19
      31
      20
      17
      25
      26
      21
      24
      22
      20
      20
      14
      23
      20
      19
      27
      21
      26
      16
      26
      31
      22
      27
      23
      26
      39
      29
      27
      27
      24
      27
      25
      28
      21
      28
      27
      29
      33
      24
      19
      27
      28
      26
      26
      25
      28
      26
      19
      23
      23
      15
      32
      19
      24
      34
      25
      17
      19
      21
      22
      13
      28
      24
      30
      22
      25
      26
      25
      30
      25
      30
      20
      16
      26
      24
      20
      18
      16
      24
      17
      14
      15
      24
      18
      34
      21
      17
      31
      30
      19
      26
      26
      18
      18
      29
      27
      32
      27
      18
      21
      20
      30
      29
      31
      25
      27
      31
      24
      27
      26
      26
      22
      35
      31
      43
      67
      95
     144
     170
     179
     133
      92
      33
      29
      21
      40
      26
      26
      16
      16
      24
      30
      29
      27
      30
      30
      27
      29
      22
      28
      29
      26
      39
      20
      24
      20
      23
      28
      20
      29
      32
      26
      28
      41
      50
      69
      57
      57
      48
      39
      26
      20
      25
      21
      33
      18
      18
      25
      29
      25
      22
      28
      21
      41
      19
      24
      28
      26
      23
      20
      21
      25
      20
      15
      23
      24
       8
      16
      27
      27
      32
      16
      24
      24
      21
      27
      13
      18
      25
      22
      27
      25
      20
      23
      24
      20
      24
      24
      23
      20
      19
      18
      25
      21
      18
      21
      25
      24
      13
      21
      11
      24
      18
      15
      21
      27
      19
      26
      25
      26
      15
      19
      26
      21
      24
      22
      25
      16
      24
      23
      35
      35
      35
      37
      23
      20
      16
      16
      22
      20
      14
      27
      22
      24
      26
      21
      23
      22
      26
      15
      15
      26
      16
      19
      21
      23
      18
      10
      22
      22
      21
      22
      24
      18
      27
      10
      24
      13
      18
      29
      24
      19
      24
      20
      17
      26
      25
      23
      19
      20
      20
      20
      21
      21
      23
      19
      27
      23
      21
      16
      19
      16
      21
      22
      31
      17
      25
      29
      25
      22
      20
      27
      23
      27
      28
      22
      21
      47
      33
      28
      26
      25
      31
      29
      20
      27
      27
      15
      24
      25
      23
      19
      21
      18
      30
      29
      16
      22
      20
      23
      23
      21
      18
      22
      22
      23
      21
      15
      27
      20
      22
      17
      22
      13
      16
      20
      19
      18
      24
      18
      26
      24
      27
      23
      18
      35
      25
      35
      21
      29
      29
      31
      29
      41
      54
      28
      25
      26
      26
      20
      28
      23
      23
      23
      17
      15
      21
      17
      24
      24
      44
      76
     131
     131
     149
      88
      73
      35
      40
      17
      22
      14
      20
      22
      27
      42
      26
      28
      14
      17
      14
      15
      30
      24
      19
      21
      24
      16
      26
      27
      35
      32
      30
      39
      19
      33
      25
      19
      23
      23
      27
      36
      32
      24
      22
      33
      15
      26
      30
      19
      12
      12
      21
      23
      25
      26
      18
      15
      13
      21
      20
      26
      16
      13
      10
      21
      24
      20
      28
      24
      18
      25
      23
      22
      18
      16
      18
      21
      19
      15
      10
      21
      13
      11
      14
      19
      22
      19
      21
      15
      22
      17
      26
      17
      29
      21
      17
      26
      19
      27
      19
      15
      22
      15
      27
      21
      15
      18
      28
      23
      32
      29
      32
      14
      17
      18
      18
      20
      18
      27
      26
      27
      22
      28
      18
      23
      17
      19
      16
      19
      14
      23
       8
      25
      16
      21
      21
      18
      16
      13
      21
      23
      18
      17
      19
      20
      19
      16
      19
      17
      18
      14
      16
      18
      15
      18
      20
      23
      20
      18
      24
      35
      18
      14
      14
      15
      17
      18
      16
      19
      17
      15
      18
      28
      25
      21
      15
      20
      17
      20
      15
      20
      16
      22
      20
      18
      20
      18
      16
      19
      15
      17
      19
      16
      20
      15
      22
      18
      20
      17
      22
      12
      13
      16
      14
      17
      19
      19
      17
      17
      14
      21
      16
      18
      16
      19
      12
      13
      18
      22
      11
      13
      15
      10
      18
      18
      11
      15
      12
      15
      11
      16
      16
      22
      19
      17
      21
      18
      21
      17
      20
      25
      16
      18
      21
      26
      17
      16
      32
      22
      10
      13
      15
      23
      13
      14
      17
      16
      17
      12
      16
      20
      10
      30
      15
      22
      14
      16
      15
      23
      15
      22
      13
      18
      16
      19
      23
      12
      16
      16
      21
      24
      23
      13
      22
      13
      17
      22
       9
      14
      15
      16
      14
      23
      14
      20
      16
      21
      17
      16
      15
      21
      20
      22
      14
      16
      14
      24
      18
      15
      21
      15
      11
      18
      14
      15
      11
      12
      12
      13
      12
      13
      13
      13
      12
      18
      15
      10
      13
      36
      55
      71
     145
     117
     123
      99
      66
      47
      19
      14
      21
      16
      22
      17
      12
      10
      19
      15
      12
      16
      15
      16
      14
      13
      11
      18
      15
      14
      17
      17
      16
      18
      19
      16
      21
      25
      16
      16
      15
      15
      10
      10
      14
      20
      12
      16
      16
      13
      21
      11
      14
      13
      20
      15
      17
      16
      27
      16
      15
      14
       3
      14
      20
      12
       9
      15
      20
      10
      18
      11
      12
      10
      19
      16
      17
      17
      15
      12
       6
      11
      24
       9
      14
      16
      14
      11
      15
      19
      23
      10
      17
       5
      18
      12
      15
      17
      18
      14
      15
      22
      16
      14
      19
      16
      16
      15
      11
      15
      11
      11
      11
      12
      14
      15
      16
      11
      15
      10
      20
      16
      13
       7
       8
      19
      13
      17
      11
      12
      13
       6
      12
       8
       9
      10
      16
      10
      14
       5
      16
      11
      12
      10
       9
       9
      11
      16
      16
      15
      13
      16
      16
       8
      11
      12
       5
      17
      10
      16
      10
      16
      10
       8
      12
      14
      17
       5
      10
      11
      15
       8
      12
      16
       9
       8
       8
      18
       9
      12
      10
      19
      11
       6
      19
       7
      18
      13
      21
      15
      11
      16
      12
      19
      15
      12
      14
      14
      19
      18
       9
       6
      12
      11
       5
       3
      10
      10
      16
      16
      13
      12
      14
       9
      14
      15
      11
      13
       8
      12
       8
      10
       7
       9
      14
      14
       8
      11
      12
      15
      11
       7
       7
      11
       9
       6
      12
      11
      19
      12
      15
       5
       7
      14
       7
       8
      13
      13
      15
      15
      10
      12
      17
      10
      10
      11
      10
      10
       7
      14
      19
      16
      18
      13
      17
      19
      17
      15
      13
      17
      11
      11
       8
       6
      14
      13
      13
      11
      10
      15
       8
      15
      14
      17
      13
      12
      13
      13
      15
      10
      12
      12
      17
      19
      11
      17
      13
      17
      14
      13
      11
      10
      11
       5
       7
      13
      19
       8
      13
      15
      14
      17
      13
      11
       8
      13
      29
      38
      73
     116
     186
     201
     189
     148
      97
      65
      23
      26
      10
      11
      13
       8
      10
      12
      13
      12
      12
      15
      12
      10
       8
      15
      10
       9
       9
      11
       9
      12
      14
      11
      13
      15
      15
       4
       8
      11
      13
      10
      16
      12
      16
      12
      10
       8
       9
      14
      23
       9
      11
      13
      17
      12
      15
      16
      25
      34
      47
      35
      25
      25
      11
      12
      15
      14
      11
      11
       7
      16
      14
      15
      12
      11
      12
       9
      12
      10
      14
      16
      10
      12
       9
      12
      12
      11
       9
      11
      15
       5
      16
       8
      13
      10
       7
      10
      13
      12
       6
      13
       9
      10
       9
      15
      11
      19
      12
      11
      12
       9
       7
      17
      17
       6
      10
       6
       8
       9
      13
      17
      11
       6
       9
      15
       9
      12
       7
       5
      14
      12
       7
       9
      14
      11
       7
      11
       7
      11
       8
      11
       8
      13
      11
      13
      11
      12
       9
      17
       8
      15
       9
      13
      15
       9
       7
       9
      12
      12
      12
       5
       7
       7
       5
       9
      10
       9
      10
      13
      15
      11
      13
      10
       9
      17
      14
      17
      13
      11
       6
      12
      13
      17
      16
      12
      15
      10
      16
       8
      15
      19
      35
      35
      36
      45
      36
      27
      29
      22
      34
      27
      24
      39
      18
      14
      21
      16
      11
      15
      15
       6
      11
       9
      14
       9
      21
       9
      11
      13
       9
      12
       5
      11
       7
       9
      14
       6
      10
      10
      11
      16
       8
      15
      10
      12
       9
      11
      13
       6
      12
       9
      14
      16
       6
      13
       9
      13
       9
       9
       7
       8
       9
      14
       9
       9
      10
      13
      10
      13
      11
      13
      11
       4
      11
      11
      11
       6
       6
       9
       9
       8
      20
      11
       6
       9
       9
       9
      12
       9
       9
      10
       7
      11
       9
      10
       8
       7
       7
      13
       9
       9
      10
       6
      13
       8
      10
      10
      11
      11
       7
      13
      10
       9
       9
       8
       7
       9
      12
      13
      14
      12
      16
       9
      13
      13
      11
       9
       7
       6
       8
      13
       5
      10
      12
      10
      10
      11
      10
      18
      14
      10
       9
       9
       8
      10
      16
       7
      13
       8
       8
      13
       7
      14
      10
      13
       8
      13
       9
      12
      14
      10
      17
       8
       8
       9
       6
       6
       8
       9
      10
       5
       9
       6
      14
       9
       9
       8
       7
      10
      11
       9
       0
       6
       8
      12
      10
      21
      25
      19
      22
      21
      14
      20
       7
       3
      11
       9
       8
      11
      10
      11
       8
      13
      12
       9
       7
       9
      10
       6
       8
      11
      12
       6
       8
      10
       7
      12
       7
       7
       6
       7
      11
      13
       7
       9
      11
       9
      11
       8
       7
      12
       6
      13
       6
      17
       9
       9
       8
       8
      11
      11
       5
       4
      10
       9
       9
       5
       8
       6
      12
      11
       6
      16
       7
       6
       8
       5
      10
      17
      13
      11
      13
       8
       5
      19
       9
       6
       3
       7
      12
       8
       8
      12
       4
       7
      13
      13
       7
      10
       8
       9
      11
      14
      10
       5
       7
      10
       8
       5
      11
       5
       8
       6
       8
       6
      11
       8
       7
       6
      14
       9
      13
       9
      10
      11
       8
       5
      11
       8
      12
       6
      11
       8
      10
       9
      12
       8
       6
      18
       9
       8
      11
       9
      14
       9
      11
      12
       8
       8
       7
       5
       8
       4
       7
       6
       4
       5
       8
       4
      10
       6
       9
       8
       5
      13
       6
       8
       4
       7
       9
       5
      13
       5
       1
       5
       5
       9
       8
       8
      12
       4
       6
       6
       5
       9
       8
       8
       9
       4
       7
       7
      17
      11
       6
       6
       7
       7
       9
       6
       8
      10
       3
       2
       7
       8
       7
       6
       7
       9
      11
       2
       9
       9
       7
       5
       7
      17
       9
       6
       7
       9
      14
      11
       5
       4
      14
       6
       5
       7
       7
      11
       9
       7
      14
       7
       5
      10
       7
       9
       7
       8
       9
       6
       5
      11
       8
       7
       6
      10
       7
       7
       5
       8
       6
       9
      10
       5
       9
       4
       6
      12
       7
       7
       8
       4
      11
       5
       6
       5
       4
       8
       8
       5
       4
       7
       5
       7
      10
       5
       8
       7
       3
      12
       8
       9
       5
       8
       9
       7
      11
       8
       6
       3
       3
      12
       9
       6
       7
       8
       7
       7
       9
      11
       5
       8
       5
      10
       6
       6
      10
       5
       3
      10
       6
       5
       8
       2
       1
      14
       8
      13
       8
       8
      11
      12
       6
       7
      10
       7
      10
       6
       8
       6
      12
       9
       5
       7
       8
       5
       6
       5
       5
       9
       4
       4
       8
       7
       7
       7
       3
       9
       6
       8
      10
      11
      11
       3
      11
       4
       6
       9
       2
       4
       8
       4
      10
       9
       7
       6
       7
       6
      10
       4
       8
      10
      11
       5
       4
       9
       9
       6
       6
      11
      16
      12
      19
      24
      43
      37
      26
      32
      14
      12
       5
       8
       8
       7
       4
       8
       8
       5
       5
       4
       7
       5
      10
       7
       7
       7
       7
       5
       6
       7
       5
       5
       3
       8
       6
       6
       6
       9
       7
       4
       4
       3
       0
       7
       7
       3
       5
      11
      10
       4
      10
       9
       4
       6
       7
      10
       8
       5
       5
       6
      10
       4
       5
       4
      10
       3
       4
       6
       7
       4
       5
      11
       8
       6
       8
      13
      15
      11
      21
      13
      10
      11
       9
      10
       6
       5
       7
       5
       9
       9
       5
       3
       7
       3
      11
       6
       2
       5
      11
       5
      11
       8
      10
       6
       5
       8
       5
       8
       7
       6
       6
       8
       7
       6
       7
       6
       5
      12
       7
       9
       3
      15
       9
       5
       5
      14
       7
       5
      10
       3
       5
       6
       4
       6
       8
       6
       3
       8
      10
       3
       3
       5
       3
       9
       6
       7
       7
       2
       5
       2
       5
       7
       8
       5
       8
       6
       9
       9
      10
      11
       7
       4
       5
       8
       5
       5
       9
       6
       2
       3
       6
       4
       8
       3
       8
       6
       5
       6
       9
       5
       5
       6
       4
       5
       6
       5
       9
       6
       7
       4
      10
      11
       3
       7
       5
       6
       7
       4
       6
       6
       6
       9
       6
       6
       7
       8
       4
       9
       8
       6
       5
       4
       9
       4
       7
       4
       7
       9
       4
       9
       2
      11
      10
       6
       9
      14
       7
       5
       5
       6
       6
       3
       7
       3
       9
      10
       6
       5
       6
      13
       9
       3
       6
       5
       5
       6
       4
       7
       5
       6
       8
       3
       4
       4
       6
       5
       3
       5
       9
       7
       6
       2
       8
       6
       5
       4
       3
       7
      10
       5
       9
       8
       4
       4
       7
       2
       4
       6
       4
       5
       3
       5
       4
       6
       6
       7
       5
       2
       6
       6
       9
      20
      23
      22
      19
      29
      26
      19
      22
       6
       6
       6
       7
       3
       2
       4
       5
       8
       5
       8
       3
      13
       6
       5
       3
       2
       8
       6
       6
       7
       9
       6
       4
       4
       5
       8
       8
       6
       6
       5
       1
       4
      11
       3
       7
       7
       4
       1
       7
       4
       8
       4
       4
       7
       5
       2
       0
       6
       9
       6
      12
       7
       3
       4
       6
       4
       3
       6
       4
       2
       4
       1
       3
       4
       3
       6
       8
       6
       9
       5
       8
       7
       6
       4
       3
       1
      14
       4
       4
       4
       6
       6
       4
       5
       9
       7
       7
       7
       4
       4
       0
       8
       3
       4
       7
       4
       6
       7
      11
       4
       7
       2
       9
       8
       8
      12
      10
      25
      35
      30
      24
      28
      25
      10
      17
       4
       5
       2
       7
       5
       5
       9
       5
       9
       2
       5
       7
       5
       5
       8
       6
       5
       3
       2
       6
       5
       9
       7
       6
       7
       3
       7
       8
       6
       6
       4
       6
       9
       6
       4
       4
       3
       5
       7
       3
       6
       3
       0
       3
       4
       4
       0
       6
       2
       3
       2
       5
       7
       3
       2
       5
       1
       6
       3
       5
       3
       6
       3
       4
       4
       8
       3
       4
       3
       3
       4
       4
       6
       0
       3
       4
       6
       3
       2
       5
       2
       5
       3
       1
       4
       5
       3
       3
       4
       3
       4
       3
       6
       4
       7
       4
       7
       4
       3
       5
       6
       4
       5
       3
       8
       7
       5
       5
       9
       6
       5
       3
       5
       7
       4
       7
       5
       4
       7
       3
       7
       4
       8
       5
       5
       3
       4
       7
       3
       7
       5
       6
       2
       3
       5
       2
       6
       4
       3
       4
       6
       3
       5
       2
       6
       3
       9
       6
       4
       3
       2
       3
       5
       4
       8
       4
       7
       6
       6
       6
       6
      10
      11
       8
       2
       3
       6
       2
       7
       3
       9
       9
       5
       4
       3
       6
       3
       2
       7
       7
       4
       5
       4
       5
       7
       4
       4
       4
       7
       3
       8
       1
       5
       5
       7
       6
       5
       5
       4
       5
       9
       6
       5
      12
      10
      12
       6
       7
       3
       5
       3
       4
       8
       4
       7
       5
       7
       5
       5
       7
       7
       3
       6
       5
       2
       8
       4
       5
       5
       4
       2
       3
       4
       5
       1
       4
       3
       7
       6
       4
       1
       3
       5
       7
       4
       3
       5
       4
       4
       6
       6
       4
       3
       6
       3
       6
       3
       5
       8
       4
       3
       7
       4
       4
       9
       6
       5
       3
       7
       2
       6
       3
       4
       4
       6
       2
       6
       7
       9
       2
       3
       5
       6
       7
       4
       7
       2
       5
       7
       4
       5
       2
       5
       6
       7
       5
       4
       2
       7
       4
       6
       3
       2
       9
       4
       3
       6
       6
       1
       2
       5
       4
       0
       7
       5
       6
       5
       3
       2
       3
       5
       4
       7
       5
       5
       1
       3
       5
       8
       4
       6
       8
       3
       1
       3
       3
       3
       4
       3
       2
       6
       5
       2
       6
       3
       1
       6
       5
       4
       3
       4
       3
       1
       7
       5
       3
       1
       4
       8
       3
       4
       5
       5
       3
       5
       3
       4
       2
       3
       5
       1
       9
       2
       6
       4
       5
       5
       4
       2
       3
       2
       3
       5
       4
       5
       1
       9
       5
       2
       6
       2
       5
       3
       6
       7
       3
       6
       3
       5
       2
       4
       6
       8
       4
       5
       5
       7
       5
       4
       4
       4
       4
       3
       1
       6
       5
       3
       2
       4
       3
       4
       4
       3
       3
       3
       5
       2
       2
       3
       3
       2
       3
       9
       4
       3
       2
       0
       3
       1
       4
       1
       5
       3
       4
       7
       3
       2
       3
       6
       3
       5
       4
       1
       2
       3
       8
       4
       4
       6
       2
       3
       3
       5
       4
       4
       3
       6
       1
       7
       4
       5
       7
       2
       3
       3
       4
       4
       6
       5
       6
       3
       3
       1
       1
       2
       6
       4
       6
       6
       7
       4
       5
      10
       8
       7
       4
       1
       3
       1
       2
       5
       2
       9
       3
       2
       6
       5
      10
       6
       4
       3
       2
       2
       4
       2
       2
       5
       2
       3
       3
       4
       6
       5
       6
       5
       6
       6
       5
       4
       6
       3
       6
       2
       4
       6
       6
       4
       8
       1
       5
       5
       3
       5
       3
       3
       6
       2
       3
       2
       2
       2
       3
       2
       4
       6
       0
       6
       1
       3
       6
       5
       5
       4
       2
       2
       5
       8
       8
       3
       7
       4
       2
       9
       4
       3
       6
       3
       6
       5
       8
       6
       6
       2
       5
       4
       7
       3
       4
       3
       1
       4
       3
       4
       2
       3
       6
       6
       2
       4
       6
       3
       3
       2
       4
       3
       2
       4
       1
       3
       4
       6
       5
       2
       3
       1
       2
       4
       1
       5
       1
       2
       2
       3
       2
       3
       2
       3
       5
       4
       2
       0
       0
       4
       3
       7
       7
       5
       4
       4
       4
       4
       4
       1
       4
       2
       6
       7
       3
       5
       7
       1
       2
       4
       2
       1
       2
       3
       5
       3
       2
       2
       5
       5
       3
       3
       7
       6
       4
       2
       1
       6
       3
       1
       2
       5
       3
       2
       2
       1
       4
       2
       3
       5
       4
       1
       2
       3
       4
       2
       6
       4
       3
       4
       3
       1
       1
       2
       6
       5
       5
       4
       6
       7
       2
       1
       3
       4
       2
       4
       3
       4
       2
       1
       5
       3
       5
       5
       5
       2
       1
       2
       4
       8
       7
       3
       2
       4
       4
       2
       7
       3
       2
       1
       4
       2
       2
       2
       2
       6
       1
       4
       5
       3
       4
       4
       1
       2
       3
       1
       6
       2
       4
       7
       2
       3
       6
       4
       1
       1
       4
       3
       4
       6
       3
       3
       1
       3
       3
       6
       7
       5
       2
       2
       7
       5
       3
       3
       2
       6
       0
       4
       2
       5
       3
       2
       5
       4
       5
       3
       3
       2
       4
       1
       2
       4
       2
       5
       4
       5
       7
       4
       4
       0
       1
       5
       2
       6
       1
       0
       3
       1
       7
       1
       2
       3
       5
       1
       3
       7
       3
       1
       4
       2
       3
       3
       5
       2
       2
       4
       2
       2
       4
       5
       7
       4
       6
       2
       5
       5
       8
       2
       6
       2
       1
       4
       6
       1
       1
       7
       2
       5
       1
       5
       5
       5
       1
       5
       0
       3
       4
       4
       5
       6
       2
       1
       6
       2
       2
       0
       1
       2
       5
       2
       2
       3
       2
       4
       7
       3
       0
       4
       3
       3
       1
       1
       2
       0
       4
       2
       2
       4
       6
       5
       4
       4
       6
       6
       6
       2
       5
       4
       5
       4
       3
       5
       6
       5
       2
       3
       1
       4
      12
       7
      10
      20
      12
       8
      13
       6
      10
       5
       1
       7
       3
       0
       1
       2
       5
       3
       4
       1
       4
       3
       3
       2
       3
       2
       2
       2
       3
       1
       4
       2
       2
       1
       4
       3
       3
       4
       3
       1
       3
       1
       3
       3
       6
       2
       2
       2
       4
       1
       8
       3
       1
       5
       2
       3
       3
       3
       5
       4
       0
       3
       3
       3
       1
       3
       2
       3
       0
       2
       2
       0
       1
       2
       2
       2
       6
       3
       2
       4
       4
       2
       4
       3
       3
       0
       5
       3
       0
       2
       3
       8
       5
       4
       5
       5
       6
       5
       3
       5
       1
       1
       7
       4
       4
       3
       1
       3
       4
       0
       1
       3
       1
       3
       5
       3
       2
       1
       2
       2
       2
       0
       4
       2
       3
       3
       1
       1
       3
       3
       1
       2
       2
       0
       1
       3
       2
       2
       2
       2
       3
       5
       2
       0
       5
       2
       2
       1
       5
       1
       0
       2
       1
       1
       4
       3
       5
       2
       3
       6
       3
       2
       3
       2
       2
       4
       0
       3
       2
       5
       0
       3
       2
       3
       2
       3
       1
       3
       2
       3
       1
       1
       4
       1
       4
       2
       6
       2
       4
       1
       3
       3
       5
       1
       2
       0
       1
       2
       2
       3
       4
       2
       2
       4
       1
       3
       0
       2
       3
       4
       3
       2
       2
       1
       3
       2
       0
       0
       3
       2
       5
       3
       1
       4
       3
       0
       1
       1
       2
       2
       4
       3
       0
       2
       1
       0
       2
       0
       2
       2
       2
       1
       1
       1
       2
       1
       2
       3
       3
       2
       2
       3
       3
       1
       4
       2
       0
       2
       5
       7
       2
       1
       2
       1
       1
       0
       1
       1
       1
       1
       2
       5
       2
       2
       2
       3
       2
       2
       3
       1
       1
       4
       3
       2
       1
       0
       2
       1
       1
       2
       1
       2
       1
       3
       3
       2
       5
       1
       0
       2
       0
       3
       3
       2
       1
       1
       1
       4
       4
       4
       4
       4
       1
       1
       1
       2
       4
       3
       5
       2
       5
       1
       1
       4
       1
       1
       4
       3
       0
       3
       1
       1
       3
       2
       4
       2
       3
       1
       1
       3
       2
       1
       4
       0
       1
       1
       2
       0
       7
       4
       3
       2
       2
       2
       2
       1
       3
       3
       1
       2
       1
       2
       1
       2
       0
       2
       4
       1
       0
       0
       3
       2
       0
       1
       2
       2
       1
       1
       1
       2
       2
       2
       2
       2
       6
       1
       1
       0
       0
       2
       4
       2
       2
       1
       1
       3
       2
       1
       1
       2
       3
       0
       3
       3
       1
       2
       3
       1
       3
       3
       1
       2
       3
       1
       1
       1
       3
       1
       1
       3
       0
       2
       2
       1
       4
       3
       3
       1
       1
       0
       2
       0
       2
       3
       2
       1
       2
       2
       6
       1
       0
       1
       1
       7
       3
       0
       3
       3
       1
       1
       1
       1
       2
       0
       6
       1
       2
       3
       0
       2
       2
       1
       0
       5
       1
       1
       2
       0
       2
       0
       0
       3
       1
       2
       2
       4
       2
       1
       1
       0
       4
       1
       2
       1
       1
       0
       4
       1
       5
       1
       0
       2
       2
       0
       0
       3
       1
       1
       1
       1
       2
       4
      14
       9
      13
      15
      25
      19
      18
      17
      12
       8
       5
       3
       5
       2
       5
       6
       5
       8
       3
       4
       2
       6
       5
       2
       4
       7
       2
       0
       1
       1
       0
       2
       1
       3
       3
       2
       2
       2
       2
       0
       1
       1
       1
       1
       3
       3
       1
       2
       1
       3
       1
       5
       0
       5
       0
       1
       0
       1
       2
       0
       2
       3
       0
       5
       1
       1
       1
       2
       3
       2
       2
       3
       2
       1
       4
       1
       1
       2
       1
       3
       1
       0
       2
       2
       2
       1
       1
       2
       1
       1
       2
       2
       0
       0
       2
       2
       1
       1
       0
       1
       3
       0
       1
       1
       1
       2
       1
       1
       0
       0
       3
       3
       1
       1
       4
       0
       1
       1
       1
       1
       1
       2
       2
       6
       1
       0
       1
       0
       2
       3
       0
       0
       0
       0
       1
       1
       1
       3
       0
       2
       1
       2
       0
       3
       2
       3
       1
       2
       3
       1
       3
       1
       1
       1
       3
       1
       0
       0
       1
       4
       1
       1
       0
       1
       2
       2
       1
       1
       2
       2
       0
       0
       1
       2
       3
       1
       2
       2
       1
       0
       2
       3
       1
       3
       1
       3
       2
       0
       1
       3
       2
       4
       2
       3
       1
       1
       2
       1
       2
       2
       1
       0
       1
       2
       1
       4
       1
       5
       0
       1
       2
       0
       1
       1
       4
       1
       1
       1
       1
       2
       2
       1
       1
       0
       2
       3
       0
       0
       3
       2
       1
       1
       0
       1
       2
       0
       1
       1
       2
       0
       1
       2
       0
       2
       1
       0
       3
       0
       1
       0
       1
       0
       0
       1
       0
       0
       1
       1
       1
       2
       1
       1
       2
       0
       0
       3
       2
       1
       4
       1
       1
       4
       2
       0
       0
       0
       2
       2
       0
       0
       3
       1
       3
       1
       3
       0
       1
       0
       0
       0
       2
       2
       3
       0
       2
       2
       0
       1
       0
       2
       1
       3
       3
       0
       0
       0
       2
       2
       1
       1
       0
       0
       3
       0
       2
       0
       0
       0
       3
       0
       2
       0
       2
       2
       2
       0
       0
       2
       3
       0
       1
       3
       0
       1
       2
       2
       0
       1
       0
       0
       1
       1
       2
       2
       0
       1
       1
       0
       1
       1
       0
       2
       0
       1
       1
       1
       0
       1
       2
       1
       1
       0
       1
       3
       1
       1
       1
       1
       0
       2
       1
       0
       3
       0
       1
       0
       1
       2
       0
       0
       2
       1
       1
       3
       3
       3
       0
       5
       1
       3
       3
       2
       4
       3
       5
       1
       2
       0
       3
       3
       3
       0
       3
       1
       1
       1
       1
       0
       4
       5
       1
       3
       2
       2
       1
       0
       0
       3
       2
       0
       3
       1
       3
       4
       1
       1
       3
       0
       3
       2
       2
       2
       1
       0
       3
       1
       3
       0
       1
       0
       4
       0
       1
       1
       1
       1
       2
       0
       2
       1
       1
       0
       1
       0
       5
       1
       3
       1
       2
       0
       1
       2
       0
       0
       2
       0
       0
       1
       1
       1
       1
       0
       2
       1
       1
       0
       1
       1
       1
       1
       0
       1
       2
       3
       2
       3
       2
       0
       0
       1
       0
       1
       1
       2
       1
       0
       1
       0
       0
       0
       2
       1
       0
       2
       0
       2
       1
       2
       2
       1
       1
       0
       0
       1
       0
       2
       1
       2
       2
       2
       0
       0
       1
       0
       2
       2
       1
       2
       1
       1
       2
       1
       0
       1
       2
       2
       2
       2
       1
       1
       1
       1
       0
       0
       1
       3
       0
       0
       1
       2
       0
       2
       4
       1
       0
       1
       2
       2
       4
       0
       1
       1
       2
       0
       3
       1
       0
       0
       3
       1
       2
       5
       1
       2
       1
       1
       3
       2
       1
       1
       1
       1
       1
       0
       1
       1
       2
       2
       2
       2
       0
       0
       0
       2
       0
       2
       0
       1
       1
       1
       1
       0
       1
       0
       1
       1
       1
       0
       3
       0
       1
       2
       4
       1
       1
       1
       1
       1
       1
       0
       1
       2
       1
       0
       0
       1
       3
       0
       4
       0
       0
       1
       2
       1
       2
       1
       2
       1
       0
       0
       1
       1
       1
       0
       0
       2
       1
       1
       5
       0
       0
       1
       1
       0
       2
       0
       0
       3
       2
       1
       2
       1
       1
       2
       0
       1
       0
       0
       0
       0
       1
       1
       1
       1
       1
       0
       1
       2
       0
       3
       0
       0
       0
       1
       1
       0
       1
       0
       1
       0
       0
       0
       0
       0
       2
       0
       1
       3
       2
       1
       1
       0
       0
       1
       1
       0
       0
       1
       0
       2
       1
       0
       2
       1
       1
       0
       1
       1
       0
       0
       2
       3
       0
       1
       2
       2
       4
       0
       0
       0
       2
       3
       1
       1
       1
       3
       2
       2
       2
       2
       0
       1
       1
       0
       0
       0
       0
       0
       0
       0
       3
       0
       0
       1
       0
       1
       1
       1
       1
       0
       0
       1
       0
       1
       2
       0
       2
       0
       1
       0
       2
       3
       0
       0
       0
       2
       2
       0
       0
       2
       0
       0
       1
       2
       2
       0
       0
       1
       1
       1
       0
       0
       0
       1
       2
       0
       0
       3
       0
       0
       1
       1
       0
       0
       1
       0
       1
       0
       0
       0
       0
       2
       1
       0
       0
       0
       1
       1
       0
       0
       0
       0
       2
       0
       0
       1
       0
       0
       1
       1
       2
       1
       1
       1
       0
       2
       3
       3
       1
       0
       0
       2
       0
       3
       2
       1
       0
       1
       0
       0
       0
       0
       2
       1
       1
       3
       0
       2
       1
       2
       1
       0
       1
       0
       0
       1
       0
       0
       1
       2
       0
       0
       0
       0
       0
       2
       0
       0
       0
       0
       1
       0
       0
       0
       0
       0
       1
       2
       0
       1
       0
       0
       0
       1
       2
       1
       1
       1
       0
       1
       0
       2
       1
       0
       0
       1
       0
       1
       1
       2
       1
       2
       0
       0
       0
       1
       1
       3
       0
       3
       1
       1
       2
       2
       1
       0
       0
       1
       1
       3
       0
       1
       1
       1
       0
       2
       1
       2
       1
       1
       3
       2
       0
       2
       2
       0
       0
       0
       1
       0
       0
       0
       1
       0
       0
       0
       2
       0
       0
       0
       0
       0
       0
       2
       2
       0
       1
       1
       0
       1
       0
       1
       1
       1
       2
       0
       0
       1
       0
       0
       3
       1
       1
       1
       1
       0
       2
       0
       0
       0
       1
       0
       1
       1
       0
       0
       1
       0
       1
       1
       1
       0
       0
       0
       1
       1
       0
       0
       2
       1
       0
       1
       0
       0
       0
       0
       1
       0
       2
       1
       2
       0
       3
       0
       1
       1
       1
       1
       0
       0
       0
       0
       0
       0
       0
       0
       0
       1
       2
       2
       0
       0
       1
       0
       0
       0
       1
       0
       0
       0
       1
       2
       0
       3
       0
       2
       1
       1
       1
       1
       2
       1
       0
       1
       1
       2
       3
       0
       0
       0
       2
       1
       3
       0
       0
       0
       0
       2
       0
       1
       0
       1
       0
       1
       1
       0
       3
       0
       1
       0
       1
       1
       2
       0
       1
       2
       1
       0
       0
       0
       1
       1
       0
       1
       0
       1
       0
       0
       1
       1
       1
       1
       0
       0
       0
       2
       0
       0
       2
       1
       1
       0
       1
       0
       1
       1
       0
       0
       1
       1
       1
       0
       1
       1
       0
       0
       0
       0
       1
       0
       0
       0
       0
       0
       0
       0
       0
       0
       0
       1
       0
       1
       1
       0
       0
       1
       1
       0
       0
       0
       1
       1
       1
       1
       0
       0
       1
       0
       0
       0
       1
       0
       1
       0
       0
       1
       1
       0
       1
       0
       2
       1
       2
       0
       0
       0
       2
       1
       1
       0
       0
       3
       0
       0
       1
       0
       2
       0
       1
       0
       0
       0
       0
       0
       1
       1
       1
       0
       1
       0
       0
       0
       0
       0
       0
       1
       3
       1
       1
       1
       1
       1
       1
       1
       0
       2
       0
       1
       0
       0
       0
       0
       0
       0
       0
       0
       2
       1
       0
       2
       1
       0
       1
       0
       0
       1
       2
       2
       0
       0
       0
       0
       0
       1
       1
       2
       1
       1
       1
       0
       0
       1
       0
       0
       1
       3
       2
       1
       1
       1
       1
       1
       1
       1
       0
       0
       0
       1
       0
       0
       1
       1
       1
       1
       2
       0
       0
       1
       0
       2
       2
       1
       0
       0
       1
       0
       1
       0
       1
       0
       0
       0
       0
       1
       0
       0
       0
       1
       2
       1
       1
       1
       0
       1
       1
       0
       2
       0
       0
       0
       2
       0
       1
       1
       1
       1
       0
       0
       1
       1
       0
       2
       2
       0
       1
       1
       2
       0
       0
       1
       0
       0
       0
       1
       1
       0
       0
       0
       0
       0
       0
       1
       1
       1
       1
       0
       0
       0
       0
       0
       0
       2
       0
       1
       0
       1
       0
       0
       0
       1
       2
       0
       2
       0
       0
       0
       0
       0
       0
       0
       1
       0
       0
       0
       1
       1
       1
       1
       2
       0
       1
       0
       2
       0
       0
       1
       0
       1
       0
       0
       0
       1
       0
       0
       0
       2
       1
       0
       0
       1
       0
       1
       0
       0
       1
       0
       0
       0
       0
       1
       1
       2
       0
       0
       0
       1
       1
       4
       3
       1
       0
       0
       1
       2
       0
       0
       0
       1
       0
       0
       1
       0
       1
       1
       1
       1
       0
       2
       1
       1
       0
       0
       0
       0
       0
       0
       0
       1
       0
       1
       0
       1
       1
       1
       0
       1
       2
       1
       1
       1
       1
       0
       1
       1
       0
       0
       0
       0
       0
       2
       1
       0
       3
       0
       0
       1
       1
       1
       1
       0
       0
       1
       0
       2
       1
       0
       0
       0
       2
       0
       0
       0
       0
       1
       0
       0
       0
       0
       0
       0
       1
       3
       1
       0
       1
       0
       1
       0
       1
       1
       0
       0
       1
       0
       0
       0
       0
       0
       2
       1
       1
       1
       1
       2
       0
       1
       2
       0
       0
       2
       0
       0
       2
       0
       0
       0
       0
       2
       1
       2
       0
       1
       0
       4
       0
       0
       0
       1
       2
       1
       2
       1
       0
       1
       1
       0
       0
       1
       0
       1
       0
       0
       1
       1
       1
       0
       0
       1
       1
       2
       0
       0
       1
       0
       0
       1
       0
       0
       0
       0
       0
       0
       0
       0
       1
       1
       0
       0
       1
       0
       1
       0
       0
       0
       0
       1
       2
       0
       0
       0
       0
       0
       1
       0
       1
       1
       0
       2
       0
       0
       1
       2
       0
       1
       0
       0
       0
       0
       0
       1
       0
       1
       1
       0
       1
       0
       0
       0
       0
       2
       0
       0
       0
       0
       0
       1
       1
       1
       2
       1
       0
       1
       0
       0
       1
       0
       1
       0
       2
       1
       1
       1
       0
       1
       0
       1
       1
       0
       0
       1
       1
       0
       2
       1
       1
       0
       0
       1
       1
       0
       2
       1
       0
       0
       1
       0
       0
       1
       1
       1
       0
       1
       0
       1
       1
       0
       0
       0
       0
       0
       0
       0
       0
       0
       2
       1
       0
       1
       1
       0
       2
       1
       0
       1
       0
       0
       0
       0
       0
       0
       0
       0
       1
       2
       1
       1
       1
       1
       0
       0
       1
       0
       0
       0
       0
       1
       0
       0
       2
       0
       0
       0
       1
       0
       0
       1
       0
       0
       0
       0
       1
       0
       0
       0
       0
       0
       3
       1
       3
       1
       0
       0
       0
       1
       0
       1
       0
       0
       0
       0
       0
       2
       0
       0
       1
       0
       1
       0
       4
       0
       0
       0
       1
       0
       1
       0
       0
       0
       2
       1
       0
       0
       0
       0
       1
       0
       2
       0
       1
       1
       0
       0
       1
       0
       0
       1
       1
       0
       1
       0
       0
       0
       2
       1
       1
       1
       0
       0
       0
       2
       0
       0
       0
       0
       0
       2
       0
       0
       0
       0
       0
       1
       1
       0
       0
       1
       0
       2
       0
       1
       2
       0
       1
       0
       0
       0
       0
       0
       0
       0
       0
       0
       0
       0
       0
       1
       0
       0
       1
       0
       0
       1
       1
       1
       1
       0
       0
       1
       0
       0
       0
       1
       1
       0
       0
       1
       0
       1
       0
       0
       0
       0
       0
       1
       0
       1
       0
       0
       2
       1
       1
       1
       2
       0
       0
       2
       1
       0
       2
       1
       1
       0
       0
       0
       0
       0
       0
       0
       1
       1
       0
       0
       2
       0
       0
       0
       0
       1
       0
       2
       0
       0
       0
       0
       0
       0
       1
       1
       0
       0
       0
       0
       0
       0
       0
       0
       0
       0
       0
       0
       0
       1
       1
       0
       0
       0
       0
       0
       0
       0
       0
       0
       0
       0
       0
       0
       0
       0
       0
       0
       0
       0
       0
       0
       0
       0
       0
       0
       0
       0
       0
       0
       0
       0
       0
       0
       0
       0
       0
       0
       0
       0
       0
       0
       0
       0
       0
       0
       0
       0
       0
       0
       0
       0
       0
       0
       0
       0
       0
       0
       0
       0
       0
       0
       0
       0
       0
       0
       0
       0
       0
       0
       0
       0
       0
       0
       0
       0
       0
       0
       0
       0
       0
       0
       0
       0
       0
       0
       0
       0
       0
       0
       0
       0
       0
       0
       0
       0
       0
       0
       0
       0
       0
       0
       0
       0
       0
       0
       0
       0
       0
       0
       0
       0
       0
       0
       0
       0
       0
       0
       0
       0
       0
       0
       0
       0
       0
       0
       0
       0
       0
       0
       0
$ROI:
0
$PRESETS:
Real Time
180
0
$ENER_FIT:
0.888569 0.390988
$MCA_CAL:
3
8.885689E-001 3.909876E-001 3.191953E-008 keV
$SHAPE_CAL:
3
0.000000E+000 0.000000E+000 0.000000E+000
