$SPEC_ID:
1
$SPEC_REM:
DET# 2
DETDESC# MCB 130 Normal
AP# Maestro Version 7.01
$DATE_MEA:
09/25/2019 23:02:48
$MEAS_TIM:
177 180
$DATA:
0 8191
       0
       0
       0
       0
       0
       0
       0
       0
       0
       0
       0
       0
       0
       0
       0
       0
       0
       0
       0
       0
       0
       0
       0
       0
       0
       0
      12
     392
     114
      48
      67
     104
     160
     165
     139
     121
      90
      87
     112
     119
     169
     137
     153
     141
     145
     112
      99
      82
     100
      86
      97
      90
      99
      74
      83
      79
      58
      79
      95
     124
      82
      72
      86
      85
      86
      81
      94
      92
      88
     144
     193
     232
     159
     106
     122
     135
     196
     193
     149
      93
     124
     114
     108
     104
      96
     111
      84
     145
     235
     379
     404
     258
     121
      78
      83
      85
      86
     114
     103
      82
     100
     150
     140
     130
     101
      83
     100
      70
      73
      61
      88
      82
      72
      79
      75
      85
      83
      90
      92
      80
      73
      81
      87
      80
     116
     157
     140
     102
      75
     101
     103
      94
      90
     101
      83
      99
      79
      88
      73
      92
      85
      91
      94
     103
     184
     211
     151
     106
      91
      85
     103
      89
      95
      85
     103
      92
     103
      93
     101
      93
      82
     124
      91
     100
     115
     111
     109
     118
      91
      94
     108
      96
     108
     111
     116
     119
     110
      96
     100
     122
     120
     117
     137
     131
     137
     146
     118
     114
     117
     152
     162
     138
     135
     129
     149
     143
     133
     124
     118
     113
     123
     124
     143
     157
     211
     294
     290
     196
     149
     118
     120
     117
     153
     155
     158
     131
     140
     145
     151
     150
     149
     150
     157
     146
     121
     116
     139
     122
     138
     134
     128
     170
     149
     145
     141
     157
     146
     121
     177
     147
     223
     193
     158
     133
     138
     153
     104
     137
     173
     197
     241
     268
     267
     282
     236
     149
     143
     142
     131
     123
     126
     171
     222
     306
     331
     257
     171
     149
     182
     309
     426
     290
     164
     115
     131
     118
     120
     115
     117
     123
     107
     133
     142
     149
     141
     135
     130
     108
     127
     112
     132
     134
     122
     124
     138
     133
     175
     182
     162
     156
     125
     119
     122
     125
     146
      93
     122
     120
     121
     116
     123
     134
     125
     119
     119
      98
     109
     120
     117
     107
     128
     109
     110
     119
     112
      87
     124
     103
      99
     130
      97
     126
      86
     108
     120
     113
     112
     126
     125
     121
     116
     105
      97
      98
     103
     103
      97
     113
     113
     100
      90
     105
     111
     105
     113
     103
     258
     575
     763
     533
     250
     108
     119
      93
      86
      89
      92
      96
      92
     106
     141
     121
     119
      97
      83
      97
      82
     105
      81
      74
      98
     117
     100
      96
     101
     107
      98
      97
      86
      86
     100
      88
      74
      76
     102
      84
      85
      80
      84
      86
      91
      99
      64
      78
      77
      88
     101
      63
      75
      73
      91
      80
      74
      73
      83
      80
      85
      76
      85
      71
     103
      63
      83
      75
      68
      79
      89
      88
      87
      83
      76
      74
      84
      67
      65
      74
      83
      80
      73
      81
      84
      65
      67
      79
      58
      83
      63
      69
      76
      78
      72
      86
      51
      61
      67
      63
      73
      59
      67
      69
      68
      77
     123
     103
      90
      70
      58
      75
      67
      67
      70
      68
      72
      73
      92
      60
      72
      61
      60
      74
      72
      71
      78
      65
      58
      80
      82
      66
      68
      70
      71
      58
      66
      67
      54
      57
      50
      64
      81
      69
      63
      67
      68
      69
      78
      68
      52
      63
      54
      62
      62
      47
      73
      62
      65
      62
      49
      53
      63
      45
      71
      60
      48
      58
      56
      59
      59
      58
      59
      51
      52
      58
      54
      50
      72
      67
      90
      49
      59
      66
      49
      34
      48
      64
      55
      43
      58
      56
      52
      47
      70
      61
      69
      50
      56
      36
      48
      53
      53
      41
      55
      56
      51
      46
      69
      51
      45
      52
      52
      47
      43
      57
      49
      62
      44
      37
      50
      54
      47
      60
      83
     155
     328
     446
     319
     151
      47
      40
      50
      47
      64
      59
      53
      37
      34
      41
      48
      48
      40
      37
      51
      44
      49
      45
      41
      54
      52
      46
      54
      60
      52
      41
      43
      51
      42
      46
      41
      48
      50
      54
      51
      49
      40
      41
      38
      40
      36
      35
      34
      34
      47
      41
      41
      37
      41
      82
     251
     524
     637
     477
     186
      64
      53
      37
      32
      45
      44
      46
      35
      38
      51
      43
      47
      37
      32
      48
      30
      31
      32
      32
      34
      33
      49
      32
      38
      36
      42
      41
      27
      40
      37
      38
      36
      37
      36
      33
      40
      30
      44
      37
      38
      54
      55
      67
      45
      38
      26
      40
      34
      48
      27
      39
      37
      34
      43
      34
      38
      35
      31
      38
      37
      40
      37
      36
      36
      28
      40
      56
      79
     125
      95
      61
      33
      31
      26
      39
      46
      31
      34
      26
      28
      42
      26
      30
      36
      31
      37
      38
      30
      42
      39
      38
      31
      44
      35
      31
      42
      33
      37
      35
      35
      40
      34
      23
      38
      31
      45
      89
     160
     247
     241
     116
      67
      54
      38
      47
      50
      31
      37
      29
      47
      38
      43
      85
      56
      33
      46
      39
      25
      33
      26
      22
      20
      21
      30
      30
      35
      19
      33
      38
      25
      24
      30
      35
      21
      26
      30
      32
      34
      44
      38
      34
      23
      26
      32
      27
      22
      39
      30
      34
      29
      29
      44
      22
      30
      33
      38
      47
      55
      83
      47
      40
      20
      32
      33
      55
      49
      37
      22
      22
      20
      22
      23
      22
      22
      27
      22
      23
      25
      25
      35
      27
      22
      24
      19
      30
      26
      22
      27
      41
      43
      38
      30
      28
      26
      31
      23
      27
      26
      33
      18
      30
      25
      33
      30
      35
      25
      27
      23
      30
      23
      23
      28
      28
      19
      37
      20
      31
      24
      25
      31
      24
      27
      25
      21
      30
      25
      24
      23
      24
      21
      41
      21
      38
      31
      29
      30
      23
      20
      19
      26
      19
      17
      30
      37
      22
      30
      56
      44
      52
      53
      44
      26
      19
      32
      24
      24
      18
      31
      16
      30
      34
      27
      20
      22
      30
      16
      23
      21
      23
      19
      25
      25
      17
      17
      20
      27
      16
      20
      38
      54
      65
      69
      64
      36
      19
      18
      21
      23
      19
      19
      13
      22
      18
      20
      23
      25
      14
      30
      29
      16
      21
      16
      20
      19
      20
      15
      13
      15
      25
      23
      24
      22
      22
      19
      16
      17
      20
      23
      19
      14
      11
      10
      13
      33
      15
      16
      15
      17
      20
      14
      25
      15
      13
      20
      14
      16
      19
      16
      21
      19
      15
      14
      24
      12
      16
      15
      13
      23
      18
      20
      21
      19
      22
      20
      22
      23
      16
      14
      20
      32
      23
      22
      12
      22
      18
      14
      19
      20
      19
      17
      22
      16
      19
      12
      22
      23
      13
      17
      18
       9
      14
      21
      14
      19
      12
      16
      13
      18
      17
      19
      19
      18
      15
      14
      14
      13
      16
      18
      12
      12
      15
      22
      16
      18
      16
       8
      20
      14
      25
      13
      19
      14
      14
      15
      17
      22
      16
      22
      15
      12
      18
      14
      16
      27
      15
      17
      17
      19
      23
      22
      10
      16
      23
      15
      17
      19
      26
      23
      21
      21
      20
       9
      14
      16
      21
      12
      12
      11
      13
      26
      22
      21
      22
      11
      13
      29
      17
      13
      17
      14
      20
      14
      19
      19
      22
      17
      14
      21
      26
      16
      13
      22
      11
      12
      23
      13
      18
      18
      22
      22
      12
      19
      19
      13
      11
      13
      14
      10
      17
      13
      21
      14
      14
      15
      20
      14
      22
      20
      23
      16
      24
      16
      16
      13
      24
      16
      18
      17
      13
      13
      19
      11
      12
      14
      14
      18
      19
      13
      13
      22
      24
      10
      18
       9
       9
      15
      17
      14
      20
      24
      20
      16
      18
      19
      20
      21
      20
      19
      18
      23
      16
      16
      15
      14
      17
      25
      25
      32
      18
      20
      17
      17
      15
      17
      12
      15
      16
      16
      15
      17
      32
      19
      14
      19
      13
      11
      18
      14
      14
      12
      22
      12
      17
       8
      14
      18
      13
      16
      11
      15
      11
      12
      11
      13
      14
      13
      13
      11
      12
      15
      20
      18
      23
      19
      19
      23
      22
      15
      19
       7
      17
      14
      22
      18
      21
      25
      11
      26
       6
      12
      21
      14
      13
      10
      13
       8
      13
      11
      15
      30
      25
      29
      22
      15
      12
      13
      16
      10
      15
      15
      15
      16
       9
       7
      10
       8
      10
       5
      17
      14
       8
      22
      20
      17
      21
      20
      15
      30
      26
      21
      19
      15
      12
      15
      23
      28
      21
      16
      18
      15
      12
      10
      10
      22
      11
      16
      15
      20
      17
      14
      15
      13
      12
      10
      11
       7
      10
      11
      12
       9
       7
      15
      11
       7
      18
      42
      46
      29
      25
      18
       7
       7
      14
      12
      14
      21
      15
      16
      13
      16
      14
      40
      78
     177
     247
     266
     165
      80
      36
      15
      15
      13
      15
      14
      17
      15
      12
      15
      11
       8
      18
      17
      21
      21
      21
      26
      15
      18
      13
      12
       8
       7
       6
      13
      14
       9
       8
       9
      12
       7
      10
      18
      13
      11
      12
       8
      13
      17
      20
      13
      10
       9
      12
      15
       8
       8
       9
       9
      19
      16
      14
       6
      12
       9
      13
      10
      13
      23
      16
      37
      75
      64
      34
      19
       9
       3
       9
       7
      10
      10
       8
       7
      10
       8
      16
       5
       9
       9
      10
      10
       5
      13
       7
       7
       2
       6
       9
       8
       9
      12
       7
      11
       8
       9
       6
      14
       5
      10
      11
      13
       7
      13
      13
       5
      11
       7
       3
       7
       9
      10
       3
      12
      11
       9
      11
       6
       4
      11
       7
      10
      14
      12
      10
       9
      10
       5
       8
       4
       7
      10
      10
      14
       7
       8
       8
      11
       3
       6
       8
       6
      18
      10
      11
       8
      10
       6
       7
       7
      11
       6
       8
       7
       8
       5
       5
      10
       9
       4
       6
      12
       9
       9
       8
       6
       5
       7
       8
       1
       3
       4
       8
       6
       4
       8
       9
       7
       9
       9
      18
       7
      13
       9
      13
      17
       6
      15
      16
       8
       8
       3
       8
      12
       9
       7
      15
      12
      23
      24
      28
      21
      11
      10
       9
       9
       9
       7
       6
       7
       6
       7
       7
       5
       2
       8
       6
       3
       2
       1
       9
       6
      13
       7
       7
       7
       9
      16
      14
       9
       9
       6
       9
       4
       9
       6
       7
       4
       4
       3
       7
       8
       6
       9
       5
       5
       9
       7
       6
       7
       3
       7
      10
      22
      16
      10
       7
       4
       6
       5
       8
       6
       7
       5
       9
       2
       4
       5
       7
       4
       9
       8
       2
      10
      10
       4
       6
       5
       9
       5
       4
       8
      10
      12
       3
       7
       2
       6
      10
      13
       2
       3
       2
       7
       4
       8
       3
       7
       7
       6
       9
       4
       6
       5
       5
       8
       9
       8
      10
       9
      18
      10
      17
      17
       9
       7
       7
       1
       4
       8
       8
      11
      34
      78
     160
     197
     161
      95
      31
      13
       8
       5
       2
       7
       5
       7
       7
       4
       4
       9
      10
      10
      24
      13
      11
       6
      15
      43
      79
     103
      95
      53
      27
      17
      10
      14
      12
       6
       3
       9
      14
      10
       5
       4
       6
       3
       7
       9
       6
       8
      10
       3
       5
       8
       6
       3
       5
       7
       7
       4
       6
       4
       9
       5
       5
       3
       3
       5
       4
       2
       9
       4
       4
       3
       5
       5
       3
       7
       3
       2
       4
       7
       5
       7
       8
       8
       1
       6
       4
       9
       6
       5
       5
       5
       4
       3
       8
       6
       2
       2
       5
       5
       4
       3
       7
       2
       2
       2
       8
       2
       7
       5
       8
       1
       6
       5
       5
       2
       3
       6
       9
       8
       7
       7
       2
       7
       9
       2
       3
       5
       4
       6
       6
       2
       5
       3
       3
       1
       3
       2
       5
       5
       3
       0
       5
       3
       4
       7
       7
       5
       4
       4
       2
       3
       5
       3
       6
       5
       6
       2
       6
       4
       4
       4
       0
       3
       8
      13
       8
      17
      11
      10
       9
      11
       8
      10
       6
       6
      10
       8
       9
      11
      11
      10
       8
       8
       4
       3
       1
       6
       5
       7
       3
       4
       4
       3
       3
       2
       3
       5
       2
       5
       3
       5
       5
       8
       3
       7
       7
       9
       7
       6
      19
      29
      16
      18
       6
       6
      10
      12
      26
      77
     117
     132
     125
      84
      34
      13
       6
       5
       5
       5
       8
       4
       3
       3
       4
       5
      12
      19
      24
      21
      16
       7
       5
       6
       8
       7
       1
       7
       3
       5
       1
       3
       7
       6
       9
      11
      12
      11
       3
       5
       6
       4
       3
       6
       3
       2
       4
       4
       2
       4
       7
       2
       5
       3
       8
       7
       3
       5
       6
       4
       3
       6
       4
       7
       5
       7
       7
       4
       6
       4
       3
       8
       5
      17
      24
      48
      67
      73
      48
      20
      13
      11
       4
       7
       1
       1
       3
       2
       5
       4
       5
      11
       9
       7
       4
       0
       5
       2
       5
       6
       5
       2
       5
       6
       2
       2
       3
       6
       1
       6
       7
       4
       1
       7
       3
       2
       2
       4
       4
       8
       6
       6
       3
       4
       1
       9
       2
       2
       3
       2
       3
       6
       5
       8
       7
       4
       5
       8
       5
       7
       2
       2
       3
       1
       4
       3
       6
       5
       5
       4
       2
       2
       3
       1
       2
       5
       2
       5
       9
       5
       8
       0
       3
       9
       4
       7
       5
       5
       3
       6
       4
       6
       7
       3
       6
       8
       7
      10
       9
       9
       7
       5
       2
       1
       1
       8
      13
       9
       4
       3
       6
       6
       6
       1
       2
       4
       4
       0
       4
       1
       0
       3
       2
       3
       5
       2
       3
       4
       5
       3
       4
       2
       5
       2
       3
       2
       3
       2
       6
       5
       6
       4
       5
       6
       2
       1
       3
       4
       5
       2
       4
       4
       2
       2
       6
       2
       1
       4
       4
       1
       2
       4
       2
       2
       7
       3
       1
       3
       2
       2
       4
       1
       9
       7
       3
       2
       3
       3
       2
       5
       2
       2
       3
       1
       5
       6
       1
       2
       2
       4
       5
       3
       3
       2
       1
       3
       3
       2
       3
       7
       4
       5
       2
       3
       3
       2
       4
       1
       2
       6
       6
       4
       5
       7
       6
       6
       2
       2
       4
       5
       1
       2
       3
       4
       4
       3
       2
       2
       3
       4
       3
       2
       1
       5
       5
       4
       3
       2
       3
       5
       5
       1
       2
       7
       5
       6
       1
       2
       6
       2
       1
       6
       0
       4
       2
       3
       4
       4
      10
       9
       6
       5
       3
       4
       3
       2
       5
       9
       6
      21
       8
      13
      10
       4
       4
       5
       3
       3
       3
       4
       2
       5
       0
       2
       1
       1
       3
       1
       4
       4
       0
       2
       2
       9
       4
       2
       5
       3
       3
       5
       1
       0
       1
       1
       4
       2
       6
       2
       2
       5
       1
       5
       4
       3
       1
       2
       1
       3
       5
       2
       3
       5
       0
       4
       3
       3
       4
       3
       3
       3
       1
       2
       4
       0
       2
       1
       5
       4
       0
       0
       2
       2
       1
       1
       1
       1
       3
       0
       6
       8
       8
       5
       3
       2
       6
       5
       5
       0
       2
       3
       1
       3
       3
       6
       1
       3
       5
       2
       2
       1
       3
       1
       2
       6
       2
       3
       3
       3
       3
       2
       2
       2
       4
       3
       5
       5
       2
       5
       4
       2
       3
       7
       5
       2
       5
       3
       5
       2
       2
       1
       5
       4
       4
       0
       1
       4
       3
       2
       4
       2
       4
       3
      10
       2
       1
       1
       2
       2
       4
       0
       0
       4
       2
       3
       0
       1
       1
       1
       3
       3
       1
       0
       2
       3
       2
       3
       4
       4
       2
       1
       3
       2
       3
       2
       4
       3
       4
       1
       4
       4
       2
       1
       2
       2
       3
       0
       3
       3
       1
       7
       5
      11
      11
      17
       7
       2
       2
       4
       4
       2
       3
       3
       0
       1
       1
       5
       1
       3
       1
       3
       6
       5
       6
       7
       3
       4
       5
       3
       1
       5
       5
      10
      13
      13
       6
       2
       3
       2
       5
       5
       5
       1
       4
       0
       3
       1
       2
       3
       2
       2
       0
       3
       0
       2
       1
       1
       1
       1
       2
       2
       2
       1
       4
       2
       1
       0
       2
       4
       4
       3
       1
       1
       0
       0
       2
       2
       3
       5
       2
       3
       2
       1
       1
       1
       3
       3
       2
       1
       3
       5
       2
       1
       1
       5
       4
       2
       1
       0
       1
       2
       2
       1
       4
       4
       1
       2
       1
       3
       1
       3
       0
       0
       1
       2
       0
       1
       4
       0
       0
       5
       3
       2
       2
       5
       1
       4
       0
       2
       1
       2
       1
       3
       4
       4
       3
       3
       2
       1
       2
       1
       1
       0
       2
       2
       2
       0
       1
       4
       3
       4
       3
       2
       3
       0
       5
       1
       1
       1
       3
       1
       1
       1
       2
       0
       2
       1
       1
       1
       2
       2
       1
       5
       3
       1
       2
       1
       5
       6
      14
      15
      13
      23
      17
       6
       7
       2
       4
       3
       2
       2
       2
       2
       4
       1
       2
       1
       2
       1
       1
       3
       1
       0
       1
       3
       2
       1
       2
       2
       4
       6
       2
       1
       3
       1
       2
       0
       0
       5
       6
       2
       3
       1
       1
       5
       2
       1
       5
       2
       4
       3
       0
       1
       1
       1
       3
       3
       1
       6
       4
       2
       2
       1
       2
       5
       1
       0
       1
       1
       0
       3
       1
       3
       5
       3
       1
       3
       2
       4
       3
       1
       0
       4
       3
       0
       1
       4
       1
       1
       1
       2
       0
       3
       2
       3
       1
       4
       1
       0
       0
       3
       0
       3
       2
       2
       1
       0
       1
       2
       0
       1
       4
       1
       1
       2
       2
       1
       2
       1
       4
       1
       4
       1
       0
       1
       1
       2
       1
       5
       0
       3
       2
       1
       4
       0
       2
       1
       6
       0
       1
       0
       0
       1
       3
       1
       1
       0
       0
       3
       1
       0
       1
       1
       4
       1
       2
       2
       2
       1
       2
       1
       3
       1
       1
       0
       0
       2
       2
       0
       3
       2
       1
       0
       2
       2
       2
       2
       2
       1
       0
       2
       0
       2
       1
       2
       2
       2
       1
       1
       3
       1
       0
       4
       6
       2
       2
       4
       5
       2
       0
       2
       1
       2
       1
       0
       0
       2
       1
       3
       0
       1
       3
       1
       1
       3
       3
       0
       2
       3
       2
       2
       0
       2
       1
       5
       1
       0
       2
       3
       1
       2
       1
       3
       1
       3
       3
       2
       1
       4
       1
       1
       1
       4
       3
       1
       4
       4
       4
       7
       9
      10
       2
       2
       3
       5
       2
       1
       4
       0
       0
       5
       1
       0
       3
       2
       4
       1
       5
       2
       6
       5
       1
       0
       4
       4
       1
       6
       3
       3
       3
       1
       0
       1
       1
       1
       3
       3
       2
       6
       4
       3
       0
       1
       0
       1
       0
       2
       4
       1
       2
       1
       4
       2
       0
       1
       2
       1
       4
       1
       0
       2
       0
       0
       2
       2
       4
       4
       5
       1
       4
       5
       6
       2
       2
       0
       2
       0
       1
       1
       2
       3
       1
       2
       0
       1
       0
       1
       1
       4
       2
       4
       1
       0
       1
       1
       0
       5
       1
       2
       0
       1
       1
       4
       2
       3
       1
       2
       3
       0
       2
       1
       1
       1
       2
       2
       1
       3
       2
       5
       2
       0
       5
       1
       5
       2
       1
       1
       0
       1
       4
       4
       4
       8
       7
       6
       3
       2
       2
       2
       1
       2
       1
       5
       4
       6
       4
       6
       5
       2
       0
       2
       2
       0
       0
       1
       2
       1
       2
       2
       3
       2
       2
       0
       1
       1
       2
       0
       2
       0
       1
       3
       1
       1
       3
       1
       2
       0
       1
       0
       2
       1
       1
       3
       1
       2
       1
       3
       1
       1
       4
       2
       0
       0
       1
       1
       0
       2
       2
       1
       5
       2
       2
       2
       1
       0
       2
       1
       1
       3
       1
       4
       5
       2
       0
       0
       2
       1
       3
       1
       3
       1
       1
       3
       0
       1
       2
       2
       0
       1
       4
       1
       0
       1
       1
       2
       2
       2
       2
       0
       2
       2
       0
       1
       0
       1
       1
       0
       0
       1
       2
       0
       0
       0
       0
       1
       1
       0
       0
       2
       4
       0
       1
       1
       0
       2
       2
       0
       1
       2
       1
       0
       2
       0
       2
       2
       3
       0
       3
       0
       0
       2
       1
       2
       0
       2
       1
       5
       1
       2
       1
       0
       0
       2
       1
       1
       3
       3
       1
       4
       3
       2
       2
       3
       1
       0
       4
       0
       1
       0
       0
       1
       0
       1
       0
       0
       2
       2
       0
       0
       2
       2
       4
       0
       2
       1
       1
       1
       0
       1
       0
       1
       2
       2
       1
       1
       1
       0
       0
       0
       1
       0
       0
       1
       3
       1
       0
       1
       1
       1
       2
       1
       1
       2
       2
       2
       3
       4
      12
       4
       2
       5
       2
       1
       0
       1
       0
       0
       0
       0
       0
       0
       1
       3
       0
       1
       0
       0
       2
       1
       2
       0
       1
       2
       3
       2
       4
       5
       3
       3
       0
       0
       0
       1
       1
       2
       1
       1
       1
       0
       2
       0
       1
       0
       0
       0
       1
       1
       3
       2
       1
       4
       2
       0
       1
       1
       1
       1
       1
       0
       0
       0
       0
       1
       0
       0
       1
       1
       2
       0
       1
       0
       3
       2
       1
       2
       4
       1
       2
       2
       0
       0
       1
       1
       3
       1
       1
       4
       1
       2
       1
       4
       1
       3
       4
       2
       1
       1
       1
       0
       0
       1
       3
       1
       0
       3
       0
       3
       1
       2
       0
       0
       0
       2
       2
       0
       1
       0
       0
       1
       2
       1
       0
       2
       2
       0
       2
       0
       0
       4
       1
       1
       5
       1
       0
       0
       0
       2
       1
       1
       1
       1
       1
       1
       0
       0
       0
       0
       0
       1
       0
       1
       1
       0
       0
       1
       2
       0
       0
       0
       1
       1
       2
       1
       3
       0
       1
       3
       0
       1
       0
       1
       0
       1
       1
       2
       0
       1
       2
       1
       3
       4
       5
       3
       3
       4
       0
       2
       1
       0
       0
       1
       0
       0
       0
       2
       2
       2
       1
       1
       1
       1
       0
       2
       0
       2
       1
       0
       0
       0
       0
       2
       0
       1
       2
       1
       0
       0
       0
       0
       2
       0
       0
       0
       1
       0
       1
       1
       1
       2
       1
       0
       0
       2
       1
       1
       1
       1
       3
       2
       0
       1
       0
       2
       1
       1
       0
       0
       0
       0
       1
       1
       0
       1
       0
       1
       0
       0
       1
       2
       1
       1
       0
       0
       1
       3
       0
       1
       2
       1
       1
       0
       1
       0
       2
       0
       0
       3
       0
       2
       0
       0
       1
       0
       2
       2
       1
       1
       2
       1
       0
       0
       1
       1
       0
       0
       2
       1
       1
       1
       1
       0
       1
       1
       2
       0
       0
       2
       1
       0
       0
       0
       1
       1
       4
       2
       2
       0
       3
       1
       0
       0
       0
       0
       2
       2
       4
       0
       0
       1
       0
       1
       2
       0
       1
       0
       0
       1
       1
       1
       1
       0
       0
       0
       0
       0
       1
       0
       4
       3
       2
       3
       2
       4
       0
       2
       1
       0
       2
       0
       1
       1
       1
       0
       0
       1
       0
       2
       1
       1
       1
       1
       0
       0
       2
       1
       1
       1
       0
       0
       0
       0
       1
       0
       0
       1
       1
       2
       0
       0
       0
       0
       1
       0
       0
       1
       3
       0
       0
       2
       0
       2
       0
       0
       0
       2
       1
       0
       1
       0
       2
       1
       1
       1
       2
       0
       2
       2
       2
       1
       2
       1
       2
       2
       0
       0
       0
       1
       0
       0
       0
       1
       0
       0
       0
       1
       3
       0
       0
       0
       1
       0
       1
       1
       0
       0
       2
       1
       2
       0
       0
       1
       0
       2
       0
       1
       2
       0
       0
       1
       0
       1
       3
       1
       0
       2
       0
       0
       0
       0
       0
       0
       0
       0
       0
       1
       0
       1
       1
       1
       2
       0
       0
       1
       0
       1
       1
       1
       2
       3
       1
       0
       1
       0
       3
       0
       1
       1
       3
       0
       0
       0
       2
       2
       3
       0
       5
       3
      13
      22
      21
      21
      21
      10
       8
       6
       1
       2
       0
       0
       0
       1
       0
       0
       0
       0
       1
       0
       1
       2
       1
       0
       1
       1
       0
       0
       0
       0
       0
       1
       0
       0
       2
       1
       0
       0
       0
       0
       0
       0
       1
       1
       0
       0
       2
       0
       0
       3
       0
       0
       0
       0
       2
       2
       0
       0
       0
       0
       2
       0
       0
       0
       0
       2
       0
       1
       0
       0
       0
       0
       0
       1
       0
       0
       0
       0
       1
       1
       0
       1
       0
       0
       0
       0
       0
       0
       0
       0
       0
       0
       0
       0
       1
       0
       0
       0
       0
       0
       0
       0
       0
       1
       1
       0
       0
       0
       1
       2
       0
       0
       1
       1
       1
       1
       0
       1
       0
       0
       0
       0
       1
       0
       0
       1
       1
       2
       2
       0
       1
       0
       1
       2
       0
       1
       1
       0
       1
       0
       1
       0
       1
       0
       0
       1
       1
       0
       0
       0
       1
       1
       0
       0
       0
       1
       0
       0
       1
       0
       0
       0
       0
       1
       1
       0
       2
       0
       1
       0
       0
       0
       0
       1
       0
       1
       0
       0
       0
       0
       0
       0
       0
       2
       0
       0
       0
       1
       0
       0
       0
       0
       1
       0
       0
       1
       0
       0
       0
       4
       0
       0
       0
       0
       0
       0
       0
       0
       0
       1
       0
       0
       0
       0
       0
       1
       0
       2
       0
       0
       0
       1
       1
       1
       0
       1
       0
       0
       1
       0
       0
       1
       0
       1
       0
       0
       0
       0
       0
       0
       0
       0
       0
       1
       0
       0
       1
       1
       0
       0
       0
       2
       0
       0
       0
       1
       1
       0
       0
       0
       3
       0
       0
       0
       1
       1
       1
       0
       3
       1
       1
       1
       0
       2
       0
       0
       0
       1
       1
       0
       0
       0
       1
       0
       0
       0
       1
       0
       1
       1
       0
       1
       1
       0
       0
       0
       2
       0
       1
       0
       0
       1
       0
       0
       0
       1
       1
       0
       0
       0
       1
       0
       0
       0
       0
       0
       0
       0
       1
       0
       1
       0
       0
       1
       0
       0
       0
       0
       2
       0
       0
       1
       0
       0
       1
       0
       1
       0
       0
       0
       0
       0
       3
       0
       2
       1
       2
       6
       3
       6
      11
       5
       4
       0
       3
       0
       0
       0
       0
       0
       0
       0
       0
       0
       0
       0
       0
       1
       1
       0
       0
       0
       1
       0
       0
       1
       0
       1
       0
       2
       0
       1
       0
       0
       0
       0
       0
       1
       1
       0
       0
       1
       0
       0
       0
       1
       0
       1
       0
       1
       0
       0
       0
       0
       2
       1
       0
       0
       0
       0
       0
       0
       0
       0
       0
       0
       0
       1
       0
       0
       0
       0
       0
       0
       0
       1
       0
       0
       2
       0
       0
       0
       1
       0
       1
       0
       0
       0
       1
       2
       0
       1
       0
       1
       0
       0
       1
       0
       0
       0
       0
       0
       1
       0
       0
       0
       0
       0
       1
       0
       0
       0
       1
       0
       1
       0
       0
       1
       0
       0
       0
       0
       0
       0
       0
       1
       0
       2
       1
       0
       0
       0
       0
       0
       1
       0
       2
       0
       1
       2
       0
       0
       0
       0
       0
       0
       0
       0
       0
       0
       0
       1
       2
       0
       0
       0
       0
       1
       0
       0
       1
       0
       0
       0
       1
       0
       2
       1
       0
       0
       0
       1
       0
       0
       0
       1
       0
       1
       0
       0
       0
       0
       0
       0
       0
       0
       0
       0
       0
       0
       0
       0
       0
       0
       0
       0
       0
       0
       0
       0
       0
       0
       0
       0
       0
       1
       0
       0
       0
       1
       2
       1
       1
       1
       0
       0
       0
       0
       1
       0
       0
       0
       0
       0
       0
       1
       0
       0
       0
       0
       0
       0
       1
       1
       0
       0
       0
       0
       0
       0
       0
       0
       0
       1
       0
       0
       1
       1
       1
       0
       0
       0
       0
       0
       1
       0
       0
       0
       0
       0
       0
       1
       0
       1
       0
       0
       0
       0
       0
       0
       0
       0
       1
       0
       0
       0
       0
       1
       1
       0
       0
       1
       0
       1
       0
       0
       1
       0
       0
       0
       0
       1
       0
       0
       0
       0
       0
       0
       0
       0
       1
       1
       0
       0
       0
       0
       0
       0
       1
       0
       0
       0
       0
       0
       0
       2
       0
       0
       1
       0
       1
       0
       0
       1
       0
       0
       0
       0
       0
       0
       0
       1
       1
       0
       0
       1
       0
       0
       0
       0
       0
       1
       0
       0
       1
       0
       0
       0
       0
       0
       1
       0
       0
       0
       0
       0
       0
       1
       0
       0
       0
       0
       0
       0
       2
       1
       0
       0
       1
       0
       1
       0
       0
       1
       0
       0
       1
       0
       0
       0
       0
       0
       0
       0
       0
       0
       0
       0
       1
       0
       0
       0
       0
       0
       2
       2
       1
       0
       1
       1
       0
       1
       0
       1
       0
       0
       0
       0
       0
       0
       0
       0
       0
       0
       0
       0
       0
       0
       0
       0
       0
       0
       0
       0
       0
       1
       2
       1
       2
       1
       4
       1
       3
       2
       0
       0
       0
       0
       0
       0
       0
       0
       0
       0
       0
       0
       0
       0
       0
       0
       0
       0
       0
       0
       1
       0
       0
       0
       0
       0
       0
       0
       0
       0
       0
       0
       0
       0
       0
       0
       0
       0
       0
       0
       0
       0
       0
       0
       0
       0
       0
       0
       0
       0
       0
       0
       0
       0
       1
       1
       0
       0
       0
       2
       0
       1
       0
       1
       2
       3
       1
       1
       1
       0
       2
       0
       0
       0
       0
       0
       0
       1
       0
       0
       0
       1
       0
       0
       0
       1
       0
       0
       0
       0
       0
       0
       0
       0
       0
       0
       0
       1
       0
       0
       0
       1
       0
       0
       0
       0
       0
       0
       0
       0
       0
       0
       0
       0
       0
       0
       0
       0
       0
       0
       1
       0
       1
       0
       0
       0
       0
       0
       0
       0
       0
       0
       0
       0
       0
       0
       0
       1
       0
       0
       0
       0
       1
       0
       0
       0
       0
       0
       0
       0
       0
       1
       0
       1
       0
       0
       0
       0
       0
       0
       0
       0
       1
       1
       0
       0
       0
       0
       0
       1
       0
       0
       1
       0
       0
       0
       0
       0
       0
       0
       0
       0
       1
       0
       0
       0
       0
       0
       0
       0
       0
       0
       0
       0
       1
       0
       0
       0
       0
       0
       0
       0
       0
       0
       0
       1
       0
       1
       0
       0
       0
       0
       0
       0
       0
       0
       0
       0
       0
       0
       1
       1
       0
       0
       0
       0
       0
       0
       0
       0
       0
       0
       0
       0
       0
       0
       0
       0
       1
       0
       0
       0
       0
       1
       0
       0
       0
       0
       0
       0
       0
       1
       0
       0
       0
       0
       0
       0
       0
       0
       0
       0
       0
       0
       0
       0
       1
       0
       0
       0
       0
       0
       0
       0
       0
       0
       0
       0
       0
       0
       0
       0
       0
       1
       0
       0
       0
       0
       0
       0
       0
       0
       0
       0
       0
       0
       0
       0
       1
       0
       0
       0
       0
       1
       0
       0
       0
       1
       0
       0
       0
       0
       0
       0
       1
       1
       0
       0
       0
       0
       0
       1
       0
       0
       0
       0
       0
       0
       0
       0
       0
       0
       0
       0
       0
       2
       2
       1
       0
       0
       0
       0
       0
       0
       0
       0
       0
       0
       0
       0
       0
       0
       0
       0
       0
       0
       1
       1
       0
       0
       0
       0
       1
       0
       0
       0
       0
       0
       0
       0
       0
       0
       1
       0
       0
       0
       1
       0
       0
       0
       0
       0
       0
       0
       0
       2
       0
       0
       0
       0
       0
       1
       0
       1
       0
       1
       0
       0
       0
       0
       0
       0
       1
       0
       0
       0
       0
       0
       0
       0
       0
       0
       0
       0
       0
       0
       0
       0
       0
       0
       0
       0
       0
       1
       0
       0
       0
       0
       0
       0
       0
       0
       0
       0
       0
       1
       0
       1
       0
       0
       0
       0
       0
       0
       1
       0
       0
       0
       0
       0
       0
       0
       1
       0
       0
       1
       0
       0
       0
       0
       0
       0
       0
       0
       0
       0
       0
       0
       1
       0
       0
       1
       0
       0
       0
       1
       0
       0
       0
       0
       0
       0
       0
       0
       0
       0
       0
       0
       0
       0
       0
       0
       0
       0
       0
       0
       0
       0
       0
       0
       0
       0
       0
       0
       0
       0
       0
       0
       0
       0
       0
       0
       0
       0
       0
       0
       0
       0
       1
       0
       0
       0
       0
       0
       0
       0
       0
       0
       0
       0
       0
       0
       0
       0
       0
       0
       0
       0
       0
       0
       0
       0
       0
       0
       0
       0
       1
       0
       0
       0
       0
       0
       0
       0
       0
       0
       0
       1
       0
       1
       0
       0
       0
       0
       0
       0
       0
       0
       0
       0
       0
       1
       0
       0
       0
       0
       0
       0
       1
       0
       1
       0
       0
       0
       0
       0
       0
       0
       0
       0
       0
       0
       0
       0
       0
       0
       0
       0
       0
       0
       0
       0
       1
       1
       0
       0
       1
       0
       0
       0
       1
       0
       0
       0
       0
       0
       0
       0
       0
       0
       0
       0
       1
       0
       0
       0
       0
       0
       0
       0
       0
       0
       0
       0
       1
       0
       0
       0
       0
       0
       0
       0
       0
       0
       0
       0
       1
       0
       0
       0
       1
       0
       0
       0
       0
       0
       0
       0
       0
       0
       0
       0
       0
       0
       0
       0
       0
       0
       0
       0
       0
       0
       0
       0
       0
       0
       0
       0
       0
       0
       0
       0
       0
       0
       0
       0
       0
       0
       0
       0
       0
       0
       0
       0
       0
       0
       0
       0
       0
       0
       0
       0
       0
       0
       1
       0
       0
       0
       0
       0
       0
       1
       0
       0
       0
       0
       0
       0
       0
       0
       0
       0
       0
       0
       0
       1
       0
       1
       0
       0
       1
       0
       0
       0
       0
       0
       1
       0
       0
       0
       0
       1
       0
       1
       0
       0
       0
       1
       0
       0
       0
       0
       1
       0
       0
       0
       0
       0
       0
       0
       0
       0
       0
       1
       0
       0
       0
       0
       0
       0
       0
       0
       0
       0
       0
       0
       0
       0
       0
       0
       0
       0
       0
       0
       0
       0
       0
       0
       0
       0
       0
       0
       0
       0
       0
       0
       0
       1
       0
       0
       0
       1
       0
       0
       0
       0
       0
       0
       0
       0
       0
       0
       0
       0
       0
       0
       0
       0
       0
       0
       0
       0
       0
       0
       1
       0
       0
       0
       0
       0
       0
       0
       0
       0
       0
       0
       0
       0
       0
       0
       0
       0
       0
       0
       0
       0
       0
       0
       1
       0
       0
       0
       0
       0
       0
       0
       0
       0
       0
       0
       1
       0
       1
       0
       0
       1
       1
       0
       0
       0
       0
       0
       0
       1
       0
       0
       0
       1
       1
       0
       0
       0
       0
       0
       0
       0
       0
       0
       0
       0
       0
       0
       0
       0
       0
       0
       0
       0
       0
       0
       0
       0
       1
       0
       0
       0
       0
       0
       0
       0
       0
       0
       0
       0
       0
       0
       0
       0
       0
       0
       0
       0
       0
       0
       0
       0
       0
       0
       0
       0
       1
       0
       0
       0
       0
       0
       0
       0
       0
       0
       0
       0
       0
       0
       0
       0
       0
       0
       0
       0
       0
       0
       0
       0
       0
       0
       0
       0
       0
       0
       0
       0
       0
       1
       0
       0
       0
       0
       0
       1
       0
       0
       0
       0
       0
       0
       0
       0
       0
       1
       0
       0
       0
       0
       0
       0
       0
       0
       0
       0
       0
       0
       0
       0
       0
       0
       0
       0
       0
       1
       0
       0
       0
       0
       0
       0
       0
       0
       0
       0
       0
       0
       0
       0
       0
       0
       0
       0
       0
       0
       0
       0
       0
       0
       0
       0
       0
       2
       0
       0
       0
       0
       0
       0
       1
       0
       0
       0
       0
       0
       0
       0
       0
       0
       1
       0
       0
       0
       0
       0
       0
       0
       0
       0
       0
       0
       0
       0
       0
       0
       0
       0
       1
       0
       0
       0
       1
       0
       1
       0
       0
       0
       0
       0
       0
       0
       0
       0
       0
       0
       0
       0
       0
       0
       0
       0
       0
       0
       0
       0
       0
       0
       0
       0
       1
       0
       0
       0
       0
       0
       0
       0
       0
       0
       0
       0
       0
       0
       0
       0
       0
       0
       0
       0
       0
       0
       0
       0
       4
       0
       0
       2
       1
       3
       1
       0
       0
       0
       0
       0
       0
       0
       0
       0
       0
       0
       0
       0
       1
       0
       0
       0
       0
       1
       0
       0
       0
       1
       0
       0
       0
       0
       0
       0
       0
       0
       0
       0
       0
       0
       0
       0
       0
       0
       1
       1
       0
       0
       0
       0
       0
       0
       0
       0
       0
       0
       0
       0
       0
       0
       0
       0
       0
       0
       0
       0
       0
       0
       0
       0
       0
       0
       0
       1
       0
       0
       0
       0
       0
       0
       0
       0
       0
       0
       0
       0
       1
       0
       0
       0
       0
       0
       0
       0
       0
       0
       0
       0
       0
       0
       0
       0
       0
       0
       0
       0
       0
       0
       0
       0
       0
       0
       0
       0
       0
       0
       0
       0
       0
       0
       0
       0
       0
       0
       0
       0
       0
       0
       0
       1
       0
       0
       0
       0
       2
       0
       1
       0
       0
       0
       0
       0
       0
       0
       0
       0
       0
       0
       0
       0
       1
       0
       0
       0
       0
       0
       0
       0
       1
       0
       0
       0
       0
       0
       0
       0
       0
       0
       0
       1
       1
       0
       0
       0
       0
       0
       0
       0
       0
       0
       0
       0
       0
       2
       0
       0
       0
       0
       0
       0
       0
       0
       1
       0
       0
       0
       0
       0
       0
       0
       0
       0
       0
       0
       0
       0
       0
       0
       0
       1
       0
       0
       0
       0
       0
       0
       0
       0
       0
       0
       0
       0
       0
       0
       0
       0
       0
       0
       0
       0
       0
       0
       0
       0
       0
       0
       0
       0
       0
       0
       0
       0
       0
       0
       0
       0
       0
       0
       0
       0
       0
       0
       0
       0
       0
       0
       0
       0
       0
       0
       0
       0
       1
       0
       0
       0
       1
       0
       0
       0
       0
       0
       0
       0
       0
       0
       1
       0
       0
       0
       0
       2
       0
       0
       0
       0
       0
       0
       0
       0
       1
       0
       0
       0
       0
       0
       0
       0
       0
       0
       0
       0
       0
       0
       0
       0
       0
       0
       1
       0
       0
       0
       0
       0
       0
       0
       0
       0
       0
       0
       0
       0
       0
       0
       0
       1
       0
       0
       0
       0
       0
       0
       0
       0
       0
       0
       0
       0
       0
       0
       1
       0
       0
       0
       0
       0
       0
       0
       0
       0
       0
       0
       0
       0
       0
       0
       0
       0
       0
       0
       0
       0
       0
       0
       0
       0
       0
       0
       0
       0
       0
       0
       0
       0
       0
       0
       0
       0
       0
       0
       0
       0
       0
       0
       0
       0
       0
       0
       1
       0
       0
       0
       0
       0
       0
       2
       0
       0
       0
       0
       0
       0
       0
       0
       0
       1
       0
       0
       1
       0
       0
       0
       0
       0
       0
       0
       0
       1
       0
       0
       0
       0
       0
       0
       0
       0
       0
       0
       0
       1
       0
       0
       0
       0
       0
       0
       0
       0
       0
       0
       0
       0
       0
       0
       0
       0
       0
       1
       0
       0
       0
       0
       0
       0
       0
       0
       0
       0
       0
       0
       0
       0
       0
       0
       0
       0
       0
       0
       0
       0
       0
       0
       0
       0
       0
       0
       0
       0
       0
       0
       0
       1
       0
       0
       1
       0
       0
       0
       0
       0
       0
       0
       0
       0
       0
       0
       0
       0
       0
       0
       0
       0
       0
       1
       0
       0
       0
       0
       0
       0
       0
       0
       0
       0
       0
       0
       0
       0
       1
       0
       0
       0
       0
       0
       0
       0
       0
       0
       0
       0
       1
       0
       0
       0
       0
       0
       0
       0
       0
       0
       0
       0
       0
       0
       0
       0
       0
       0
       0
       0
       0
       1
       0
       0
       0
       0
       0
       0
       0
       0
       0
       0
       1
       0
       0
       0
       0
       0
       0
       0
       0
       0
       0
       0
       0
       0
       0
       0
       0
       0
       0
       0
       0
       0
       0
       0
       0
       0
       0
       0
       0
       0
       0
       0
       0
       0
       1
       0
       0
       0
       0
       0
       1
       0
       0
       0
       0
       0
       0
       1
       0
       0
       0
       0
       0
       0
       0
       0
       0
       0
       0
       0
       0
       0
       0
       0
       0
       0
       1
       1
       0
       0
       0
       0
       0
       0
       0
       0
       0
       0
       0
       0
       0
       0
       0
       0
       0
       0
       0
       0
       0
       0
       0
       0
       0
       0
       0
       0
       0
       0
       0
       0
       0
       0
       0
       0
       0
       0
       1
       0
       0
       0
       0
       0
       0
       0
       0
       0
       0
       0
       0
       0
       0
       0
       0
       0
       0
       0
       0
       0
       0
       0
       0
       0
       0
       0
       0
       0
       0
       0
       0
       0
       0
       0
       0
       0
       0
       0
       0
       0
       0
       0
       0
       0
       0
       0
       0
       0
       0
       0
       0
       0
       0
       0
       0
       0
       0
       0
       0
       0
       0
       1
       0
       0
       1
       0
       0
       0
       0
       0
       0
       0
       0
       0
       0
       0
       0
       0
       0
       0
       0
       0
       0
       0
       0
       0
       0
       0
       0
       0
       0
       0
       0
       0
       0
       0
       0
       0
       0
       0
       0
       0
       0
       0
       0
       0
       0
       0
       0
       0
       0
       0
       0
       0
       0
       0
       0
       0
       0
       0
       0
       0
       0
       0
       0
       0
       0
       0
       0
       0
       0
       0
       0
       0
       0
       0
       0
       0
       0
       0
       0
       0
       0
       0
       1
       0
       0
       0
       0
       0
       0
       0
       0
       0
       0
       0
       0
       0
       0
       0
       0
       0
       0
       0
       0
       0
       0
       0
       0
       0
       0
       0
       0
       0
       0
       0
       0
       0
       0
       0
       0
       0
       0
       0
       0
       0
       0
       0
       0
       0
       0
       0
       0
       0
       0
       0
       0
       0
       0
       0
       0
       0
       0
       0
       0
       0
       0
       0
       0
       0
       0
       0
       0
       0
       0
       0
       0
       0
       0
       0
       0
       0
       0
       0
       0
       0
       0
       0
       0
       0
       0
       0
       0
       0
       0
       0
       0
       0
       0
       0
       0
       0
       0
       0
       0
       0
       0
       0
       0
       0
       0
       0
       0
       0
       0
       0
       0
       0
       0
       0
       0
       0
       0
       0
       0
       0
       0
       1
       0
       0
       0
       0
       0
       0
       0
       0
       0
       0
       0
       0
       0
       0
       0
       0
       0
       0
       0
       0
       0
       0
       0
       0
       0
       0
       0
       0
       0
       0
       0
       0
       0
       0
       0
       0
       0
       0
       0
       0
       0
       0
       0
       0
       0
       0
       0
       0
       0
       0
       0
       0
       0
       0
       0
       0
       0
       0
       0
       0
       0
       0
       0
       0
       0
       0
       0
       0
       0
       0
       0
       0
       0
       0
       0
       0
       0
       0
       0
       0
       0
       0
       0
       0
       1
       0
       0
       0
       0
       0
       0
       0
       0
       0
       0
       0
       0
       0
       0
       0
       0
       0
       0
       0
       0
       0
       0
       0
       1
       0
       1
       1
       2
       2
       0
       2
       3
       3
       0
       0
       0
       0
       0
       0
       0
       0
       0
       0
       0
       0
       0
       0
       0
       0
       0
       0
       0
       0
       0
       0
       0
       0
       0
       0
       0
       0
       0
       0
       0
       0
       0
       0
       0
       0
       0
       0
       0
       0
       0
       0
       0
       0
       0
       0
       0
       0
       0
       0
       0
       0
       0
       0
       0
       0
       0
       0
       0
       0
       0
       0
       0
       0
       0
       0
       0
       0
       0
       0
       0
       0
       0
       0
       0
       0
       0
       0
       0
       0
       0
       0
       0
       0
       0
       0
       0
       0
       0
       0
       0
       0
       0
       0
       0
       0
       0
       0
       0
       0
       0
       1
       0
       0
       0
       0
       0
       0
       0
       0
       0
       0
       0
       0
       0
       0
       0
       0
       0
       0
       0
       0
       0
       0
       0
       0
       0
       0
       0
       0
       0
       0
       0
       0
       0
       0
       0
       0
       0
       0
       0
       0
       0
       0
       0
       0
       0
       0
       0
       0
       0
       0
       0
       0
       0
       0
       0
       0
       0
       0
       0
       0
       0
       0
       0
       0
       0
       0
       0
       0
       0
       0
       0
       0
       0
       0
       0
       0
       0
       0
       0
       0
       0
       0
       0
       0
       0
       0
       0
       0
       0
       0
       0
       0
       0
       0
       0
       0
       0
       0
       0
       0
       0
       0
       0
       0
       0
       0
       0
       0
       0
       0
       0
       0
       0
       0
       0
       0
       0
       0
       0
       0
       0
       0
       0
       0
       0
       0
       0
       0
       0
       0
       0
       0
       0
       0
       0
       0
       0
       0
       0
       0
       0
       0
       0
       0
       0
       0
       0
       0
       0
       0
       0
       0
       0
       0
       1
       0
       0
       0
       0
       0
       0
       0
       0
       0
       0
       0
       0
       0
       0
       0
       0
       0
       0
       0
       0
       0
       0
       0
       0
       0
       0
       0
       0
       0
       0
       0
       0
       0
       0
       0
       0
       0
       0
       0
       0
       0
       0
       0
       0
       0
       0
       0
       0
       0
       0
       0
       0
       0
       0
       0
       0
       0
       0
       0
       0
       0
       0
       0
       0
       0
       0
       0
       0
       0
       0
       0
       0
       0
       0
       0
       0
       0
       0
       0
       0
       0
       0
       0
       0
       0
       0
       0
       0
       0
       0
       0
       0
       0
       0
       0
       0
       0
       0
       0
       0
       0
       0
       0
       0
       0
       0
       0
       0
       0
       0
       0
       0
       0
       0
       0
       0
       0
       0
       0
       0
       0
       0
       0
       0
       0
       1
       0
       0
       0
       0
       0
       0
       0
       0
       0
       0
       0
       0
       0
       0
       0
       0
       0
       0
       0
       0
       0
       0
       0
       0
       0
       0
       0
       0
       0
       0
       0
       0
       0
       0
       0
       0
       0
       0
       0
       0
       0
       0
       0
       0
       0
       0
       0
       0
       0
       0
       0
       0
       0
       0
       0
       0
       0
       0
       0
       0
       0
       0
       0
       0
       0
       0
       0
       0
       0
       0
       0
       0
       0
       0
       0
       0
       0
       0
       0
       0
       0
       0
       0
       0
       0
       0
       0
       0
       0
       0
       0
       0
       0
       0
       0
       0
       0
       0
       0
       0
       0
       0
       0
       0
       0
       0
       0
       0
       0
       0
       0
       0
       0
       0
       0
       0
       0
       0
       0
       0
       0
       0
       0
       0
       0
       0
       0
       0
       0
       0
       0
       0
       0
       0
       0
       0
       0
       0
       0
       0
       0
       0
       0
       0
       0
       0
       0
       0
       0
       0
       0
       0
       0
       0
       0
       0
       0
       0
       0
       0
       0
       0
       0
       0
       0
       0
       0
       0
       0
       0
       0
       0
       0
       0
       0
       0
       0
       0
       0
       0
       0
       0
       0
       0
       0
       0
       0
       0
       0
       0
       0
       0
       0
       0
       0
       0
       0
       0
       0
       0
       0
       0
       0
       0
       0
       0
       0
       0
       0
       0
       0
       0
       0
       0
       0
       0
       0
       0
       0
       0
       0
       0
       0
       0
       0
       0
       0
       0
       0
       0
       0
       0
       0
       0
       0
       0
       0
       0
       0
       0
       0
       0
       0
       0
       0
       0
       0
       0
       0
       0
       0
       0
       0
       0
       0
       0
       0
       0
       0
       0
       0
       0
       0
       0
       0
       0
       0
       0
       0
       0
       0
       0
       0
       0
       0
       0
       0
       0
       0
       0
       0
       0
       0
       0
       0
       0
       0
       0
       0
       0
       0
       0
       0
       0
       0
       0
       0
       0
       0
       0
       0
       0
       0
       0
       0
       0
       0
       0
       0
       0
       0
       0
       0
       0
       0
       0
       0
       0
       0
       0
       0
       0
       0
       0
       0
       0
       0
       0
       0
       0
       0
       0
       0
       0
       0
       0
       0
       0
       0
       0
       0
       0
       0
       0
       0
       0
       0
       0
       0
       0
       0
       0
       0
       0
       0
       0
       0
       0
       0
       0
       0
       0
       0
       0
       0
       0
       0
       0
       0
       0
       0
       0
       0
       0
       0
       0
       0
       0
       0
       0
       0
       0
       0
       0
       0
       0
       0
       0
       0
       0
       0
       0
       0
       0
       0
       0
       0
       0
       0
       0
       0
       0
       0
       0
       0
       0
       0
       0
       0
       0
       0
       0
       0
       0
       0
       0
       0
       0
       0
       0
       0
       0
       0
       0
       0
       0
       0
       0
       0
       0
       0
       0
       0
       0
       0
       0
       0
       0
       0
       0
       0
       0
       0
       0
       0
       0
       0
       0
       0
       0
       0
       0
       0
       0
       0
       0
       0
       0
       0
       0
       0
       0
       0
       0
       0
       0
       0
       0
       0
       0
       0
       0
       0
       0
       0
       0
       0
       0
       0
       0
       0
       0
       0
       0
       0
       0
       0
       0
       0
       0
       0
       0
       0
       0
       0
       0
       0
       0
       0
       0
       0
       0
       0
       0
       0
       0
       0
       0
       0
       0
       0
       0
       0
       0
       0
       0
       0
       0
       0
       0
       0
       0
       0
       0
       0
       0
       0
       0
       0
       0
       0
       0
       0
       0
       0
       0
       0
       0
       0
       0
       0
       0
       0
       0
       0
       0
       0
       0
       0
       0
       0
       0
       1
       0
       0
       0
       0
       0
       0
       0
       0
       0
       0
       0
       0
       0
       0
       0
       0
       0
       0
       0
       0
       0
       0
       0
       0
       0
       0
       0
       0
       0
       1
       0
       0
       0
       0
       0
       0
       0
       0
       0
       0
       0
       0
       0
       0
       0
       0
       0
       0
       0
       0
       0
       0
       0
       0
       0
       0
       0
       0
       0
       0
       0
       0
       0
       0
       0
       0
       0
       0
       0
       0
       0
       0
       0
       0
       0
       0
       0
       0
       0
       0
       0
       0
       0
       0
       0
       0
       0
       0
       0
       0
       0
       0
       0
       0
       0
       0
       0
       0
       0
       0
       0
       0
       0
       0
       0
       0
       0
       0
       0
       0
       0
       0
       0
       0
       0
       0
       0
       0
       0
       0
       0
       0
       0
       0
       0
       0
       0
       0
       0
       0
       0
       0
       0
       0
       0
       0
       0
       0
       0
       0
       0
       0
       0
       0
       0
       0
       0
       0
       0
       0
       0
       0
       0
       0
       0
       0
       0
       0
       0
       0
       0
       0
       0
       0
       0
       0
       0
       0
       0
       0
       0
       0
       0
       0
       0
       0
       0
       0
       0
       0
       0
       0
       0
       0
       0
       0
       0
       0
       0
       0
       0
       0
       0
       0
       0
       0
       0
       0
       0
       0
       0
       0
       0
       0
       0
       0
       0
       0
       0
       0
       0
       0
       0
       0
       0
       0
       0
       0
       0
       0
       0
       0
       0
       0
       0
       0
       0
       0
       0
       0
       0
       0
       0
       0
       0
       0
       0
       0
       0
       0
       0
       0
       0
       0
       0
       0
       0
       0
       0
       0
       0
       0
       0
       0
       0
       0
       0
       0
       0
       0
       0
       0
       0
       0
       0
       0
       0
       0
       0
       0
       0
       0
       0
       0
       0
       0
       0
       0
       0
       0
       0
       0
       0
       0
       0
       0
       0
       0
       0
       0
       0
       0
       0
       0
       0
       0
       0
       0
       0
       0
       0
       0
       0
       0
       0
       0
       0
       0
       0
       0
       0
       0
       0
       0
       0
       0
       0
       0
       0
       0
       0
       0
       0
       0
       0
       0
       0
       0
       0
       0
       0
       0
       0
       0
       0
       0
       0
       0
       0
       0
       0
       0
       0
       0
       0
       0
       0
       0
       0
       0
       0
       0
       0
       0
       0
       0
       0
       0
       0
       0
       0
       0
       0
       0
       0
       0
       0
       0
       0
       0
       0
       0
       0
       0
       0
       0
       0
       0
       0
       0
       0
       0
       0
       0
       0
       0
       0
       0
       0
       0
       0
       0
       0
       0
       0
       0
       0
       0
       0
       0
       0
       0
       0
       0
       0
       0
       0
       0
       0
       0
       0
       0
       0
       0
       0
       0
       0
       0
       0
       0
       0
       0
       0
       0
       0
       0
       0
       0
       0
       0
       0
       0
       0
       0
       0
       0
       0
       0
       0
       0
       0
       0
       0
       0
       0
       0
       0
       0
       0
       0
       0
       0
       0
       0
       0
       0
       0
       0
       0
       0
       0
       0
       0
       0
       0
       0
       0
       0
       0
       0
       0
       0
       0
       0
       0
       0
       0
       0
       0
       0
       0
       0
       0
       0
       0
       0
       0
       0
       0
       0
       0
       0
       0
       0
       0
       0
       0
       0
       0
       0
       0
       0
       0
       0
       0
       0
       0
       0
       0
       0
       0
       0
       0
       0
       0
       0
       0
       0
       0
       0
       0
       0
       0
       0
       0
       0
       0
       0
       0
       0
       0
       0
       0
       0
       0
       0
       0
       0
       0
       0
       0
       0
       0
       0
       0
       0
       0
       0
       0
       0
       0
       0
       0
       0
       0
       0
       0
       0
       0
$ROI:
0
$PRESETS:
Real Time
180
0
$ENER_FIT:
0.888569 0.390988
$MCA_CAL:
3
8.885689E-001 3.909876E-001 3.191953E-008 keV
$SHAPE_CAL:
3
0.000000E+000 0.000000E+000 0.000000E+000
