$SPEC_ID:
1
$SPEC_REM:
DET# 2
DETDESC# MCB 130 Normal
AP# Maestro Version 7.01
$DATE_MEA:
09/25/2019 23:23:51
$MEAS_TIM:
177 180
$DATA:
0 8191
       0
       0
       0
       0
       0
       0
       0
       0
       0
       0
       0
       0
       0
       0
       0
       0
       0
       0
       0
       0
       0
       0
       0
       0
       0
       0
      13
     392
      95
      55
      87
      92
     137
     168
     153
     123
     100
      83
     116
     148
     144
     147
     111
     145
     152
     136
      76
      68
      84
     106
      90
      82
     116
      84
      79
      89
      79
      79
      85
      95
     112
      79
      87
      76
      87
      93
      74
      80
     119
     147
     198
     226
     164
     123
     119
     152
     183
     197
     163
     105
     131
     124
      88
     108
      78
     110
     115
     151
     227
     367
     372
     222
     110
      62
      79
      82
      99
      88
     115
     101
     110
     141
     178
     147
     100
     113
      81
      68
      64
      77
      80
      79
      79
      94
      80
      79
      90
      82
      81
      72
      93
      73
      95
      93
     121
     180
     143
      94
      71
      92
      85
      92
      93
      76
      95
      90
      81
      97
      94
      74
      63
      79
      87
     112
     198
     211
     167
     108
     100
      86
      96
     101
      91
      88
     102
     102
     117
      96
     109
      97
      95
      99
     110
      97
     115
     125
     106
     103
      95
     111
      97
      95
     111
      97
     107
     100
     102
     104
      96
     110
     127
     120
     134
     137
     126
     120
     127
     138
     111
     173
     157
     148
     148
     126
     120
     128
     148
     124
     136
     124
     142
     135
     134
     137
     207
     282
     292
     178
     117
     131
     133
     111
     122
     124
     154
     168
     131
     142
     131
     148
     161
     161
     152
     164
     122
     128
     122
     131
     129
     123
     132
     161
     179
     140
     147
     112
     149
     123
     140
     158
     193
     176
     163
     155
     136
     134
     143
     145
     153
     189
     267
     242
     264
     256
     231
     183
     132
     142
     121
     133
     143
     139
     220
     306
     353
     263
     161
     131
     191
     305
     392
     296
     187
     118
     106
     126
     125
     137
     120
     105
     125
     141
     150
     154
     170
     140
     138
     138
     116
     109
     120
     132
     138
     120
     126
     160
     163
     171
     163
     160
     146
     125
     124
     121
     119
     102
     120
     134
     124
     112
     128
     112
     100
     106
     107
     115
     112
      90
     103
     105
     117
     105
     111
     103
     104
     128
     115
     116
     102
     116
     115
      97
     117
     129
     111
     107
     118
     116
     125
     104
     113
     114
     122
     108
      91
      95
     110
     116
     105
     117
     114
     111
      84
      97
     110
     137
     259
     572
     780
     520
     229
     118
     105
      95
      89
      83
     103
      88
      93
     113
     135
     149
     104
      91
      96
      91
      80
      92
      89
      96
     110
     114
     115
      97
      82
      96
      95
      69
     102
      79
      72
      89
      76
      89
      83
      75
      75
      81
      85
      87
      99
      89
      82
      83
      87
      77
      84
      76
      78
      67
      85
      83
      90
      77
      80
     100
      97
      94
      74
      90
      96
      74
      96
      84
      73
      80
      71
      90
      88
      82
      78
      71
      72
      63
      58
      63
      89
      64
      72
      66
      54
      71
      63
      81
      64
      63
      73
      78
      73
      73
      92
      67
      67
      66
      72
      77
      60
      68
      66
      80
      96
      94
     107
      71
      78
      87
      70
      57
      65
      71
      63
      75
      66
      75
      74
      72
      56
      93
      55
      49
      75
      55
      67
      69
      63
      51
      63
      71
      58
      73
      71
      74
      55
      72
      59
      70
      74
      62
      56
      52
      71
      62
      72
      79
      70
      67
      62
      57
      51
      65
      69
      58
      80
      71
      49
      54
      43
      60
      60
      61
      50
      57
      59
      65
      66
      66
      58
      64
      59
      54
      59
      59
      58
      53
      66
      89
      79
      61
      60
      50
      53
      55
      59
      64
      53
      53
      54
      53
      54
      58
      55
      57
      58
      44
      60
      63
      56
      41
      45
      50
      49
      59
      54
      58
      48
      60
      47
      46
      59
      54
      51
      48
      43
      51
      40
      39
      41
      47
      62
      55
      56
     161
     358
     419
     299
     133
      56
      67
      50
      48
      60
      57
      52
      41
      48
      37
      43
      62
      46
      46
      55
      33
      49
      53
      38
      58
      50
      53
      58
      57
      62
      61
      45
      53
      47
      57
      45
      43
      49
      37
      43
      45
      30
      48
      31
      38
      46
      42
      36
      40
      24
      37
      43
      44
      50
      79
     234
     521
     661
     467
     206
      77
      50
      48
      52
      35
      30
      45
      46
      45
      45
      38
      37
      27
      41
      29
      30
      34
      44
      36
      43
      34
      32
      43
      32
      25
      40
      38
      29
      33
      41
      57
      34
      37
      32
      31
      39
      37
      26
      32
      47
      60
      49
      43
      51
      40
      39
      30
      35
      49
      37
      44
      28
      48
      37
      44
      43
      27
      36
      33
      39
      43
      34
      40
      34
      40
      32
      56
      95
     112
     105
      56
      48
      26
      32
      33
      41
      46
      26
      28
      38
      38
      37
      26
      31
      25
      42
      33
      49
      39
      30
      41
      41
      34
      30
      36
      33
      48
      38
      23
      27
      36
      37
      29
      30
      33
      44
      84
     164
     251
     257
     140
      63
      50
      50
      58
      58
      51
      39
      32
      25
      33
      49
      52
      45
      29
      30
      27
      24
      27
      20
      28
      28
      30
      30
      26
      31
      27
      40
      38
      30
      23
      30
      40
      30
      27
      36
      43
      51
      61
      33
      34
      29
      32
      26
      33
      19
      35
      35
      28
      19
      25
      22
      29
      25
      28
      33
      48
      56
      68
      54
      27
      27
      22
      29
      49
      44
      45
      23
      32
      19
      29
      42
      26
      35
      22
      21
      31
      29
      23
      23
      21
      23
      16
      30
      15
      38
      22
      40
      27
      43
      38
      28
      31
      29
      18
      32
      21
      31
      22
      19
      32
      31
      41
      39
      34
      36
      23
      32
      28
      16
      19
      23
      29
      36
      37
      24
      27
      32
      31
      29
      26
      32
      24
      37
      24
      20
      14
      20
      29
      21
      33
      31
      26
      27
      17
      33
      27
      33
      16
      25
      26
      28
      27
      33
      33
      34
      48
      50
      45
      43
      36
      25
      22
      28
      21
      21
      21
      28
      31
      22
      27
      13
      28
      20
      18
      23
      24
      19
      21
      30
      18
      25
      25
      24
      16
      24
      21
      20
      30
      35
      80
      82
      55
      26
      22
      31
      20
      25
      23
      23
      25
      18
      23
      22
      24
      25
      17
      25
      20
      22
      25
      25
      25
      24
      21
      23
      12
      17
      25
      21
      18
      12
      30
      17
      18
      21
      21
      12
      24
      15
      25
      26
       8
      17
      30
      20
      25
      24
      23
      18
      19
      21
      22
      17
      15
      16
      19
      25
      14
      22
      18
      21
      20
      20
      26
      21
      20
      18
      20
      20
      17
      11
      14
      22
      27
      21
      14
      13
      19
      13
      25
      18
      13
      18
      16
      21
      19
      25
      22
      25
      27
      18
      18
      14
      15
      20
      20
      24
      15
      21
      16
      16
      15
      14
      16
      13
      19
      26
      26
      17
      13
      15
      14
      23
      14
      22
      21
      20
      11
      15
      19
      15
      18
      18
      19
      21
      15
      13
      21
      13
      18
      12
      19
      10
      17
      19
      19
      21
      15
      18
      19
      17
      17
      18
      17
      22
      18
      23
      11
      20
      20
      22
      22
      23
      18
      18
      17
      24
      22
      25
       8
      12
      13
      15
      19
      16
      15
       8
      22
      20
      21
      17
      14
      16
      21
      18
      20
      21
       8
      20
      16
      18
      13
      23
      15
       7
      17
      25
      13
      10
      14
      18
      21
      23
      19
      14
      18
      21
      23
      16
      12
      16
      12
      20
      25
      11
      18
      22
      22
      17
      18
      16
      17
      15
      12
      18
      24
      13
      17
      14
      11
      13
       7
      21
      25
       9
      22
      18
      23
      15
      18
      13
      15
      11
      22
      16
      18
       9
      19
      12
      16
      22
      11
      13
      17
      12
      18
      10
      10
      18
       7
      15
      22
      19
      15
      13
      16
      22
      11
      12
      14
      19
      12
      14
      16
      31
      21
      38
      22
      18
      16
      18
      16
      12
      19
      14
      14
      13
      16
      19
      14
      19
      18
      18
      14
      11
      10
      21
      19
      10
      10
      18
      12
       9
      10
      12
       9
      18
      17
      12
      15
      12
      20
      14
      20
      19
      10
      20
       8
       7
      10
      11
      17
      22
      31
      33
      19
      15
      18
      21
      14
      13
      14
      16
      14
      14
      10
      12
      17
       9
      18
      13
      12
      11
      14
      13
       8
      11
      14
      27
      14
      31
      18
       9
      13
      15
      11
      11
       8
      12
      13
      11
      12
      11
      17
       7
      15
      13
      18
      13
      17
      18
      10
      23
      23
      19
      17
      29
      25
      23
       6
      24
      10
      15
      26
      21
      16
      12
      14
      17
      11
      12
      10
      12
      11
      11
       8
      14
       7
      15
      14
       6
      14
      15
       9
      13
      11
      10
      14
      14
      11
       8
      12
      15
      25
      20
      36
      27
      12
      18
       8
       8
       8
      15
      23
      25
      19
      14
       8
      12
      18
      31
      80
     168
     237
     242
     164
      58
      24
      16
      10
      11
       7
      15
       7
       8
       8
      13
      13
      13
      10
      19
      28
      24
      29
      17
       8
      16
      11
       7
      11
       9
      13
       6
      10
       7
      10
      13
      19
       8
      12
      13
      11
       6
      15
      18
       7
       8
       7
      14
      11
      16
      14
      11
      10
      13
      16
       6
      11
       8
       9
      10
      11
      12
      15
      13
      12
      21
      20
      59
      63
      78
      46
      24
      12
      10
      11
       6
      11
      15
       8
       7
      11
       6
      11
      12
      12
      10
      12
      10
       8
       6
       7
       7
      15
       9
       8
      11
       7
       9
       9
      10
       5
      11
       4
      11
       4
       1
      16
       5
       9
       9
       9
      11
       7
       5
       5
      11
      13
      11
       9
       7
       9
       5
       7
       7
      12
       6
      11
       9
       7
      13
       2
       8
       6
       9
       6
      11
      12
      12
      13
      12
      14
       9
      11
      10
       6
       9
       7
       6
       4
      11
      12
       8
       6
       9
       7
      10
       4
       6
       6
       5
       5
       2
       6
       6
      11
       8
       9
       7
       7
       9
       5
       2
       4
       9
       3
       8
       4
       6
       7
       9
       3
       6
       7
       7
      11
       8
       5
      14
       8
       9
       9
      11
       9
       4
       6
      10
       6
       7
       5
       8
      11
       6
      13
      12
      31
      30
      28
      15
      12
       9
       9
       8
       9
       4
      14
       7
       7
       9
       4
       8
       8
       7
       7
       7
       3
      13
       8
      12
       8
       6
      11
       5
       3
       7
       7
      18
       7
       6
       9
       3
       5
       5
      11
       8
       7
       7
       7
       5
       5
       9
       7
       5
       5
       4
       6
       7
       6
      12
      19
      17
      29
      15
      14
      10
       4
       4
       8
       6
       3
       8
       7
       5
       9
       4
       3
       8
      10
       9
       9
       7
       5
       5
       2
       3
       4
       8
       2
       8
       6
       5
       6
       0
       5
       5
       3
       7
       9
       7
       5
       6
       3
       7
       6
       6
       5
       8
       7
       4
       5
      10
       1
       8
       7
       4
       6
       9
      12
      10
      17
      10
       9
       7
       5
       3
       4
       5
       3
      17
      19
     101
     164
     184
     169
      72
      44
      12
      10
       2
       7
       5
       6
       8
       7
       7
       4
       6
      18
      20
      15
      16
       8
       7
      25
      30
      73
     138
      91
      70
      41
      13
      11
       9
       4
       7
      12
      11
       8
      13
       8
       8
       5
       3
       7
       9
       5
       6
      10
       3
       8
       5
       9
       4
       7
       4
       9
       5
       7
       5
       7
      10
       6
       5
      10
       1
       4
       2
       3
       2
      10
       3
       9
       4
       6
       4
       6
       3
       4
       5
       1
       2
       2
       5
       3
       4
       4
       4
       5
       4
       8
       8
       3
       2
       2
       2
       8
       6
       4
       1
       7
       6
       6
       2
       4
       4
       4
       4
       6
       4
       2
       4
       5
       3
       7
       4
       4
       2
       4
       8
       7
      10
       6
       1
       3
       4
       9
       8
       6
       8
       5
       4
       7
       4
       4
       1
       3
       2
       5
       3
       1
       2
       2
       3
       4
       5
       3
       5
       7
       4
       9
       7
       2
       3
       6
       2
       7
       2
       5
       2
       3
       5
       6
       5
       4
      12
      14
      12
      10
       8
      10
       4
       7
       7
       4
       4
      10
       8
      10
      13
      10
       4
       3
       9
       7
       3
       3
       4
       2
       5
       5
       2
       3
       4
       2
       4
       6
       5
       6
       9
       4
       4
       5
       4
       9
       6
       6
       3
      11
      10
      19
      19
      16
      18
       4
       4
       3
       8
      29
      68
     111
     144
     114
      99
      37
      14
       5
       2
       5
       3
       0
       2
       2
       4
       7
       8
      22
      22
      22
      17
      10
       4
       3
       4
       1
       4
       5
       5
       2
       2
       5
       5
       4
       7
       9
       5
       7
      11
       2
       2
       6
       2
       4
       3
       5
       2
       9
       5
       1
       5
       3
       5
       5
       1
       6
       1
       4
       5
       3
       4
       5
       1
       2
       6
       2
       4
       5
       2
       3
       2
       4
       6
       5
      14
      36
      58
      87
      65
      35
      23
      13
       4
       7
       3
       1
       1
       2
       7
       7
       7
      11
       2
       5
       5
      12
       4
       4
       4
       1
       5
       3
       5
       7
       6
       3
       3
       1
       2
       3
       6
       2
       3
       0
       4
       5
       6
       6
       3
       2
       3
       3
       3
       3
       5
       6
       0
       3
       2
       6
       3
       4
       4
       4
       9
       3
       4
       0
       6
       3
       2
       2
       0
       5
       4
       3
       3
       3
       3
       2
       7
       3
       8
       3
       4
       2
       5
       5
       5
       5
       1
       4
       2
       5
       3
       6
       6
       2
       0
       6
       4
       2
       6
       6
       8
       7
       3
       5
      10
       5
       8
       6
       6
       2
       9
       7
       4
       5
      13
      10
       3
       4
       1
       2
       2
       4
       3
       1
       5
       2
       3
       2
       4
       3
       2
       3
       2
       3
       3
       4
       4
       3
       2
       2
       1
       3
       0
       2
       2
       3
       1
       2
       2
       3
       5
       0
       7
       2
       4
       3
       3
       8
       8
       4
       3
       3
       5
       1
       2
       4
       3
       4
       9
       4
       6
       4
       4
       3
       3
       4
       5
       4
       3
       0
       0
       0
       1
       2
       6
       4
       2
       2
       3
       6
       0
       2
       5
       2
       3
       3
       4
       2
       2
       1
       4
       0
       2
       1
       6
       5
      10
       5
       4
       5
       4
       4
       5
       5
       1
       2
       7
       3
       7
       6
       1
       3
       3
       3
       6
       2
       3
       4
       2
       3
       4
       3
       2
       1
       5
       5
       5
       3
       3
       2
       3
       2
       1
       0
       0
       5
       3
       3
       3
       5
       4
       1
       3
       8
       4
       1
       2
       2
       2
       1
       3
       2
       3
       3
       6
      10
      10
       9
      12
       3
       3
       6
       5
       8
       9
      15
      13
      17
       7
       8
       4
       2
       4
       1
       3
       3
       0
       6
       4
       4
       2
       5
       4
       3
       2
       3
       1
       0
       2
       5
       6
       7
      10
       3
       5
       3
       2
       3
       1
       4
       1
       2
       2
       2
       1
       1
       1
       2
       3
       4
       5
       2
       1
       1
       1
       5
       2
       1
       4
       7
       3
       3
       2
       4
       3
       4
       1
       0
       8
       3
       2
       1
       4
       2
       1
       4
       2
       3
       2
       1
       2
       3
       6
       2
       4
       6
      10
       2
       9
       5
       6
       1
       4
       1
       5
       0
       0
       4
       3
       1
       1
       2
       2
       3
       3
       3
       2
       5
       3
       2
       4
       3
       0
       0
       3
       1
       2
       6
       1
       0
       4
       7
       1
       4
       6
       5
       2
       3
       3
       5
       1
       5
       4
       2
       3
       0
       2
       3
       2
       0
       4
       0
       2
       0
       4
       6
       3
       0
       4
       4
       5
       1
       0
       2
       2
       2
       2
       1
       1
       0
       1
       3
       4
       4
       5
       1
       2
       1
       3
       1
       5
       1
       2
       3
       3
       3
       0
       1
       2
       5
       1
       3
       2
       3
       2
       3
       7
       3
       3
       2
       6
       0
       3
       2
       3
       3
       3
      16
       8
       9
      17
       5
       7
       4
       3
       3
       5
       3
       1
       0
       1
       3
       0
       1
       2
       2
       1
       2
       8
       5
       5
       1
       4
       4
       5
       1
       9
      10
      10
       7
       6
       7
       2
       3
       2
       7
       5
       4
       4
       3
       4
       3
       4
       0
       3
       4
       3
       2
       2
       2
       2
       2
       3
       3
       1
       1
       4
       1
       4
       1
       2
       2
       1
       2
       1
       2
       1
       2
       4
       1
       4
       1
       3
       2
       1
       4
       1
       3
       3
       2
       0
       2
       0
       1
       1
       0
       3
       2
       4
       2
       0
       1
       0
       2
       1
       5
       2
       3
       3
       1
       3
       1
       2
       1
       2
       2
       4
       1
       2
       5
       0
       1
       2
       1
       4
       1
       2
       0
       2
       2
       3
       3
       4
       2
       5
       0
       1
       1
       2
       5
       3
       2
       2
       3
       0
       3
       5
       4
       2
       2
       1
       2
       2
       2
       0
       2
       2
       1
       3
       5
       4
       1
       1
       4
       1
       4
       3
       5
       2
       1
       1
       2
       2
       0
       3
       3
       0
       6
       1
       4
       2
       2
       4
       5
       2
       9
      17
      21
      25
      14
       8
       8
       1
       2
       2
       2
       2
       0
       2
       2
       1
       1
       1
       0
       3
       5
       4
       4
       4
       3
       5
       2
       1
       1
       4
       2
       1
       2
       1
       5
       0
       1
       4
       1
       3
       3
       3
       3
       3
       1
       2
       3
       3
       1
       2
       2
       0
       2
       1
       2
       0
       3
       0
       1
       2
       4
       0
       3
       1
       3
       0
       3
       1
       2
       1
       4
       0
       3
       2
       3
       2
       2
       0
       1
       1
       3
       2
       4
       2
       1
       1
       1
       2
       1
       1
       1
       1
       2
       2
       1
       2
       2
       2
       3
       2
       0
       2
       1
       0
       1
       5
       1
       1
       2
       3
       0
       0
       1
       1
       3
       1
       2
       1
       0
       3
       2
       1
       2
       2
       3
       3
       3
       2
       2
       1
       5
       0
       0
       1
       0
       2
       3
       0
       1
       2
       3
       1
       1
       2
       0
       0
       1
       1
       0
       4
       2
       3
       3
       1
       1
       1
       1
       1
       0
       1
       0
       2
       4
       4
       0
       2
       5
       0
       1
       0
       1
       1
       1
       3
       0
       2
       0
       0
       1
       0
       0
       3
       0
       2
       2
       0
       1
       1
       3
       1
       0
       2
       2
       1
       1
       3
       2
       2
       1
       0
       0
       5
       3
       2
       3
       1
       5
       2
       3
       0
       3
       0
       0
       1
       1
       2
       3
       3
       1
       1
       2
       0
       1
       1
       2
       2
       1
       0
       1
       1
       4
       2
       0
       5
       1
       3
       1
       2
       3
       2
       3
       3
       2
       2
       1
       1
       5
       6
       5
       8
       9
       4
       4
       3
       1
       3
       3
       3
       2
       3
       3
       3
       5
       2
       1
       1
       3
       1
       1
       1
       1
       1
       1
       1
       5
       4
       4
       5
       4
       7
       1
       0
       0
       0
       1
       2
       2
       3
       6
       0
       1
       3
       0
       3
       1
       1
       1
       0
       1
       0
       1
       1
       2
       1
       2
       3
       5
       3
       2
       4
       1
       1
       3
       2
       2
       2
       3
       3
       3
       4
       3
       2
       2
       5
       1
       2
       0
       2
       3
       2
       5
       3
       1
       1
       1
       0
       3
       3
       1
       1
       1
       0
       1
       1
       1
       5
       1
       0
       1
       0
       0
       3
       3
       0
       5
       1
       2
       1
       0
       0
       2
       0
       0
       0
       0
       1
       2
       2
       1
       2
       1
       1
       2
       1
       1
       2
       3
       0
       2
       1
       2
       5
       7
       4
       6
       8
       9
       1
       0
       1
       0
       1
       2
       3
       1
       5
       8
       5
       5
       5
       2
       2
       2
       2
       3
       3
       1
       3
       0
       0
       1
       2
       1
       1
       2
       2
       1
       0
       0
       1
       2
       4
       1
       1
       4
       2
       1
       0
       2
       0
       1
       0
       1
       3
       1
       0
       2
       0
       2
       0
       0
       3
       2
       3
       3
       5
       0
       2
       5
       1
       0
       2
       2
       4
       4
       0
       2
       1
       1
       2
       1
       1
       1
       0
       2
       0
       2
       1
       4
       1
       2
       1
       0
       1
       3
       6
       1
       1
       0
       1
       2
       1
       0
       3
       1
       0
       3
       1
       0
       2
       1
       2
       1
       1
       1
       0
       0
       1
       1
       1
       2
       3
       1
       2
       1
       1
       1
       2
       0
       1
       4
       1
       1
       2
       2
       0
       1
       2
       1
       2
       2
       0
       0
       1
       2
       0
       3
       2
       1
       3
       0
       1
       1
       2
       2
       0
       4
       4
       0
       1
       1
       3
       1
       2
       2
       4
       4
       0
       6
       5
       3
       4
       3
       2
       3
       3
       0
       4
       2
       2
       0
       6
       4
       0
       1
       2
       0
       1
       2
       0
       1
       2
       2
       2
       1
       0
       0
       2
       1
       1
       1
       2
       1
       1
       2
       0
       1
       2
       0
       2
       1
       0
       1
       0
       1
       1
       0
       3
       1
       5
       2
       1
       2
       1
       1
       3
       3
       5
       9
       2
       0
       3
       1
       1
       0
       1
       0
       2
       2
       1
       1
       0
       2
       0
       3
       1
       2
       1
       0
       1
       3
       2
       0
       1
       1
       3
       5
       2
       3
       2
       0
       2
       0
       1
       3
       0
       1
       0
       2
       1
       0
       3
       1
       0
       2
       2
       1
       2
       0
       3
       3
       1
       1
       2
       1
       0
       3
       0
       2
       3
       1
       0
       2
       2
       0
       1
       0
       0
       1
       1
       2
       0
       1
       3
       1
       0
       1
       1
       2
       3
       1
       1
       0
       0
       1
       3
       0
       2
       2
       1
       1
       1
       1
       3
       3
       3
       4
       1
       0
       5
       3
       0
       0
       1
       1
       0
       1
       2
       0
       0
       0
       0
       2
       1
       1
       1
       3
       1
       1
       0
       0
       1
       2
       0
       1
       3
       1
       2
       0
       0
       2
       5
       1
       0
       3
       1
       3
       0
       1
       1
       2
       4
       1
       0
       2
       2
       1
       0
       1
       1
       0
       0
       1
       1
       2
       1
       1
       2
       2
       1
       0
       0
       0
       0
       1
       2
       0
       2
       1
       1
       2
       0
       2
       1
       1
       2
       0
       1
       0
       3
       3
       9
       3
       6
       4
       1
       1
       2
       1
       1
       3
       0
       0
       0
       1
       1
       0
       0
       2
       1
       1
       0
       1
       1
       2
       0
       0
       0
       0
       0
       1
       2
       1
       0
       0
       1
       1
       2
       2
       1
       1
       0
       1
       0
       0
       0
       1
       2
       0
       2
       1
       1
       2
       0
       0
       1
       0
       0
       1
       2
       0
       1
       1
       0
       1
       1
       2
       2
       0
       1
       0
       1
       0
       0
       0
       1
       0
       4
       0
       2
       2
       3
       3
       1
       1
       1
       1
       1
       0
       1
       1
       1
       3
       0
       1
       2
       0
       0
       1
       0
       1
       1
       0
       0
       3
       1
       1
       1
       0
       1
       1
       1
       1
       2
       2
       2
       1
       2
       3
       2
       0
       0
       1
       1
       0
       0
       0
       0
       0
       1
       2
       2
       0
       0
       1
       1
       1
       2
       1
       1
       0
       1
       2
       0
       1
       0
       0
       1
       2
       2
       0
       1
       0
       0
       0
       0
       0
       0
       0
       2
       1
       2
       0
       0
       0
       2
       0
       1
       1
       1
       3
       4
       3
       1
       2
       1
       0
       2
       1
       1
       0
       2
       0
       0
       3
       1
       1
       1
       0
       1
       0
       4
       2
       1
       3
       1
       2
       1
       2
       0
       0
       1
       1
       0
       0
       0
       1
       0
       2
       1
       0
       1
       3
       2
       0
       0
       0
       0
       0
       0
       0
       0
       1
       0
       0
       0
       0
       0
       1
       2
       0
       1
       0
       1
       0
       1
       0
       0
       0
       0
       1
       0
       0
       0
       0
       0
       0
       0
       2
       0
       1
       0
       0
       0
       2
       0
       1
       1
       0
       0
       4
       1
       0
       1
       0
       0
       0
       0
       0
       0
       0
       0
       0
       0
       0
       0
       1
       2
       0
       0
       0
       0
       1
       1
       2
       1
       1
       2
       0
       1
       1
       0
       0
       0
       0
       0
       1
       0
       0
       0
       1
       0
       1
       0
       0
       2
       0
       1
       1
       1
       2
       1
       1
       0
       0
       2
       2
       1
       1
       1
       1
       2
       2
       4
       0
       1
       4
       6
       9
      22
      29
      30
      19
      21
       5
       4
       0
       1
       0
       0
       0
       0
       0
       0
       1
       0
       0
       0
       1
       1
       1
       0
       0
       1
       1
       0
       0
       0
       2
       0
       0
       0
       0
       1
       3
       1
       0
       2
       0
       0
       0
       2
       3
       0
       0
       0
       0
       0
       1
       1
       1
       1
       1
       1
       1
       1
       0
       1
       0
       0
       0
       1
       0
       0
       2
       0
       0
       1
       1
       0
       1
       0
       0
       0
       0
       0
       2
       0
       0
       0
       0
       1
       1
       0
       0
       1
       0
       1
       0
       0
       0
       1
       0
       1
       0
       0
       0
       1
       2
       3
       0
       0
       1
       0
       0
       0
       0
       1
       1
       0
       0
       0
       0
       0
       1
       0
       0
       0
       0
       0
       0
       0
       0
       0
       0
       1
       2
       2
       1
       0
       1
       0
       0
       1
       1
       0
       0
       0
       0
       1
       0
       3
       0
       1
       1
       0
       1
       0
       0
       0
       0
       0
       1
       0
       0
       0
       0
       1
       0
       0
       0
       0
       0
       0
       0
       1
       0
       0
       0
       0
       0
       1
       0
       0
       0
       0
       0
       1
       1
       0
       0
       0
       0
       0
       1
       0
       1
       0
       0
       1
       0
       1
       0
       0
       1
       0
       0
       1
       0
       0
       0
       0
       0
       0
       1
       1
       0
       0
       0
       0
       0
       0
       2
       1
       1
       0
       0
       1
       1
       0
       0
       1
       0
       0
       1
       0
       0
       0
       1
       0
       0
       1
       0
       0
       0
       0
       0
       0
       0
       0
       3
       0
       0
       1
       1
       1
       1
       0
       0
       1
       0
       0
       0
       0
       0
       0
       0
       0
       0
       0
       2
       0
       2
       0
       0
       0
       0
       0
       0
       0
       0
       1
       0
       0
       0
       1
       0
       0
       1
       0
       1
       1
       1
       0
       0
       0
       0
       0
       0
       0
       0
       0
       0
       0
       0
       0
       0
       0
       0
       0
       1
       0
       0
       0
       0
       2
       0
       0
       0
       0
       1
       1
       0
       1
       0
       0
       0
       0
       1
       2
       0
       0
       0
       1
       1
       0
       1
       2
       1
       0
       3
       1
       0
       0
       0
       1
       2
       1
       1
       0
       0
       0
       0
       3
       4
       1
       3
       8
       3
       8
       4
       0
       0
       0
       0
       1
       0
       0
       0
       0
       1
       0
       0
       0
       0
       1
       1
       0
       0
       1
       0
       1
       1
       0
       0
       0
       0
       0
       1
       0
       0
       0
       1
       0
       1
       0
       0
       1
       1
       0
       0
       0
       1
       0
       1
       1
       0
       1
       0
       0
       0
       0
       0
       0
       1
       0
       0
       1
       0
       1
       0
       1
       0
       0
       0
       0
       2
       1
       0
       0
       1
       0
       0
       0
       0
       1
       0
       1
       0
       1
       0
       0
       2
       0
       1
       1
       0
       0
       0
       0
       0
       0
       0
       0
       0
       0
       0
       0
       0
       1
       0
       0
       1
       0
       0
       1
       1
       0
       0
       0
       0
       0
       0
       0
       0
       0
       0
       1
       0
       0
       1
       0
       0
       0
       0
       0
       1
       0
       0
       0
       0
       0
       1
       0
       0
       0
       0
       2
       0
       0
       0
       0
       0
       0
       0
       0
       1
       0
       0
       0
       0
       0
       0
       0
       0
       0
       0
       0
       0
       1
       0
       0
       1
       0
       1
       0
       0
       0
       0
       0
       0
       1
       0
       0
       0
       0
       1
       1
       1
       1
       0
       0
       0
       0
       0
       0
       0
       0
       0
       0
       0
       0
       0
       0
       0
       0
       0
       0
       1
       0
       0
       0
       2
       0
       1
       2
       0
       1
       1
       1
       0
       1
       0
       1
       0
       0
       0
       1
       0
       0
       0
       1
       0
       1
       1
       0
       0
       0
       0
       0
       0
       0
       0
       0
       0
       0
       0
       0
       0
       1
       0
       0
       1
       0
       1
       0
       0
       0
       1
       0
       0
       0
       0
       0
       0
       1
       0
       0
       0
       0
       0
       0
       0
       0
       0
       0
       0
       0
       0
       0
       1
       0
       0
       0
       0
       0
       0
       0
       0
       0
       2
       2
       0
       0
       1
       0
       1
       0
       0
       0
       0
       0
       1
       0
       0
       0
       1
       1
       0
       0
       0
       0
       0
       0
       1
       0
       0
       0
       0
       0
       0
       1
       0
       0
       0
       1
       1
       0
       0
       0
       0
       1
       0
       0
       1
       0
       0
       1
       0
       0
       0
       0
       0
       0
       0
       2
       0
       0
       0
       0
       0
       1
       1
       0
       0
       0
       0
       0
       1
       0
       0
       0
       0
       0
       0
       0
       0
       0
       0
       0
       0
       0
       0
       0
       0
       0
       0
       1
       1
       0
       1
       0
       0
       0
       0
       0
       1
       0
       0
       0
       1
       0
       0
       0
       0
       0
       0
       0
       0
       0
       2
       2
       0
       1
       1
       0
       0
       0
       0
       1
       0
       0
       0
       0
       0
       0
       1
       0
       0
       0
       0
       0
       0
       0
       1
       0
       0
       0
       0
       0
       0
       0
       0
       3
       0
       0
       2
       1
       6
       2
       2
       2
       0
       0
       1
       0
       0
       0
       1
       1
       0
       0
       0
       0
       0
       1
       0
       0
       0
       1
       1
       1
       0
       0
       0
       0
       0
       0
       0
       0
       0
       0
       0
       0
       0
       0
       0
       1
       0
       0
       0
       0
       1
       1
       1
       0
       0
       0
       0
       0
       1
       0
       0
       0
       1
       0
       0
       0
       0
       0
       0
       0
       0
       0
       1
       1
       1
       1
       0
       0
       1
       0
       0
       0
       0
       0
       0
       0
       0
       0
       0
       0
       0
       0
       0
       0
       0
       0
       0
       0
       0
       0
       0
       0
       0
       0
       0
       0
       0
       0
       0
       0
       0
       0
       0
       0
       0
       0
       0
       0
       0
       0
       0
       0
       0
       0
       0
       0
       0
       0
       0
       0
       0
       0
       0
       0
       0
       0
       0
       0
       0
       0
       0
       0
       0
       0
       0
       0
       0
       0
       0
       0
       0
       0
       0
       0
       0
       2
       0
       0
       2
       0
       0
       0
       0
       0
       0
       0
       0
       0
       0
       0
       0
       0
       0
       1
       0
       0
       0
       0
       0
       0
       0
       0
       0
       0
       0
       0
       0
       0
       0
       0
       0
       0
       0
       0
       1
       1
       0
       1
       0
       0
       0
       1
       0
       0
       1
       0
       1
       0
       0
       0
       0
       0
       0
       1
       0
       0
       0
       0
       0
       0
       0
       0
       1
       0
       0
       0
       0
       1
       1
       0
       0
       0
       0
       0
       0
       0
       0
       0
       0
       0
       0
       0
       0
       0
       0
       0
       0
       1
       0
       0
       0
       0
       0
       0
       0
       0
       0
       0
       0
       0
       0
       0
       0
       0
       0
       0
       0
       0
       0
       0
       0
       0
       0
       0
       0
       0
       0
       0
       0
       0
       0
       0
       0
       0
       2
       0
       1
       0
       0
       0
       0
       0
       1
       0
       0
       0
       0
       0
       0
       1
       0
       1
       0
       0
       0
       0
       0
       0
       0
       0
       0
       0
       0
       1
       0
       0
       0
       0
       0
       1
       0
       0
       0
       0
       0
       0
       0
       0
       0
       0
       0
       1
       1
       0
       0
       1
       1
       1
       0
       1
       0
       0
       0
       0
       0
       0
       0
       0
       0
       0
       0
       1
       1
       0
       1
       0
       0
       1
       0
       0
       0
       0
       0
       0
       0
       0
       0
       0
       0
       0
       0
       1
       0
       0
       0
       0
       0
       0
       0
       0
       0
       0
       0
       0
       0
       0
       0
       0
       0
       0
       0
       0
       0
       1
       0
       0
       0
       0
       0
       0
       0
       0
       0
       1
       1
       0
       2
       0
       0
       0
       0
       0
       0
       0
       0
       0
       1
       0
       0
       0
       1
       0
       0
       0
       0
       0
       0
       0
       1
       0
       1
       0
       0
       0
       0
       0
       0
       0
       0
       0
       1
       1
       0
       1
       0
       0
       0
       0
       0
       0
       0
       0
       1
       0
       0
       0
       0
       0
       0
       0
       0
       0
       0
       0
       0
       0
       0
       0
       0
       0
       0
       0
       0
       0
       1
       1
       0
       0
       0
       0
       0
       0
       0
       0
       0
       0
       0
       0
       0
       0
       0
       0
       0
       0
       0
       0
       0
       0
       0
       0
       0
       0
       0
       0
       0
       0
       0
       0
       0
       0
       0
       0
       0
       0
       0
       0
       0
       0
       0
       0
       0
       0
       0
       0
       1
       0
       0
       0
       0
       0
       0
       0
       0
       0
       0
       1
       0
       0
       0
       0
       0
       0
       0
       0
       1
       0
       0
       0
       0
       0
       0
       0
       0
       0
       0
       1
       0
       0
       0
       0
       0
       0
       0
       0
       0
       0
       0
       1
       0
       0
       1
       0
       0
       1
       0
       0
       0
       0
       0
       0
       0
       0
       0
       0
       0
       0
       0
       0
       0
       0
       0
       0
       0
       0
       0
       0
       0
       0
       1
       0
       0
       0
       0
       0
       0
       0
       0
       1
       0
       1
       0
       0
       0
       0
       0
       0
       0
       1
       0
       0
       0
       0
       0
       0
       0
       0
       0
       0
       0
       0
       0
       1
       1
       0
       0
       0
       0
       0
       0
       0
       0
       0
       0
       1
       0
       0
       0
       1
       0
       0
       1
       0
       1
       1
       0
       0
       0
       0
       0
       0
       0
       0
       0
       1
       1
       0
       1
       0
       0
       0
       0
       0
       0
       0
       0
       0
       0
       1
       0
       0
       1
       0
       0
       0
       1
       0
       0
       0
       0
       0
       0
       0
       0
       0
       0
       0
       0
       0
       0
       0
       0
       0
       0
       0
       0
       0
       0
       0
       0
       0
       0
       0
       0
       0
       1
       0
       0
       0
       0
       0
       0
       0
       0
       0
       0
       0
       0
       0
       0
       0
       0
       0
       0
       0
       0
       0
       0
       0
       0
       0
       0
       0
       0
       1
       0
       0
       0
       0
       2
       1
       0
       0
       0
       0
       0
       0
       0
       0
       0
       0
       0
       0
       0
       0
       0
       0
       0
       0
       0
       0
       0
       0
       0
       0
       0
       0
       1
       2
       1
       0
       0
       0
       0
       0
       0
       1
       0
       0
       0
       0
       0
       0
       0
       0
       0
       0
       1
       0
       0
       0
       0
       0
       0
       0
       0
       0
       0
       0
       0
       0
       0
       0
       0
       0
       0
       0
       0
       0
       0
       0
       0
       1
       0
       0
       0
       0
       0
       1
       0
       0
       0
       0
       0
       0
       1
       0
       0
       0
       0
       0
       0
       0
       0
       0
       0
       0
       0
       0
       0
       0
       0
       0
       0
       1
       0
       1
       0
       0
       1
       0
       0
       0
       0
       0
       0
       0
       0
       0
       0
       0
       0
       0
       0
       1
       0
       1
       0
       0
       0
       0
       0
       0
       1
       0
       0
       0
       1
       0
       0
       1
       0
       0
       0
       1
       0
       0
       0
       0
       0
       0
       0
       0
       0
       0
       0
       0
       0
       0
       0
       0
       1
       1
       0
       0
       1
       0
       0
       0
       0
       0
       0
       0
       0
       0
       0
       0
       0
       0
       0
       0
       0
       0
       0
       0
       0
       0
       0
       0
       0
       0
       0
       0
       0
       0
       0
       0
       0
       0
       0
       0
       0
       0
       0
       0
       1
       0
       1
       0
       0
       0
       0
       0
       0
       0
       0
       0
       0
       0
       0
       0
       0
       0
       0
       0
       0
       0
       0
       0
       0
       0
       0
       0
       0
       0
       0
       0
       0
       0
       0
       0
       0
       0
       0
       0
       0
       0
       0
       0
       0
       0
       0
       0
       0
       0
       0
       1
       0
       0
       0
       0
       0
       0
       0
       0
       0
       0
       0
       0
       0
       0
       1
       0
       0
       0
       0
       0
       0
       0
       0
       0
       0
       0
       0
       0
       0
       0
       0
       0
       0
       0
       0
       0
       0
       0
       0
       0
       0
       1
       0
       0
       0
       0
       1
       0
       0
       0
       0
       0
       0
       0
       0
       0
       0
       0
       0
       0
       0
       0
       0
       0
       0
       0
       0
       0
       0
       0
       0
       0
       0
       0
       0
       0
       0
       0
       0
       0
       0
       0
       0
       0
       0
       0
       0
       0
       1
       1
       0
       0
       0
       0
       1
       0
       0
       1
       0
       0
       0
       0
       0
       0
       0
       0
       0
       0
       0
       0
       0
       0
       0
       0
       0
       0
       1
       0
       0
       0
       0
       0
       0
       0
       1
       0
       0
       0
       0
       0
       0
       0
       0
       0
       0
       0
       0
       0
       0
       0
       0
       0
       0
       0
       0
       0
       0
       0
       1
       0
       0
       0
       0
       0
       0
       0
       0
       0
       0
       0
       0
       1
       0
       0
       0
       0
       0
       0
       0
       0
       0
       0
       0
       0
       0
       0
       2
       0
       0
       0
       0
       0
       0
       0
       0
       0
       0
       0
       0
       0
       0
       1
       1
       0
       1
       0
       0
       0
       0
       0
       0
       0
       0
       0
       1
       0
       0
       0
       0
       0
       0
       0
       0
       1
       0
       0
       0
       0
       0
       0
       0
       0
       0
       0
       0
       0
       0
       0
       0
       0
       0
       0
       0
       1
       0
       0
       0
       0
       0
       0
       0
       0
       0
       0
       0
       0
       0
       0
       0
       0
       1
       0
       0
       0
       0
       0
       0
       1
       0
       0
       0
       0
       0
       0
       0
       0
       0
       0
       0
       0
       0
       0
       0
       1
       0
       0
       0
       0
       0
       0
       0
       0
       0
       0
       0
       0
       0
       0
       0
       0
       0
       0
       0
       0
       0
       0
       0
       0
       0
       0
       0
       0
       0
       0
       0
       0
       0
       0
       1
       0
       0
       0
       0
       0
       0
       0
       0
       0
       0
       0
       0
       0
       0
       0
       1
       0
       0
       0
       0
       0
       0
       0
       0
       0
       0
       0
       0
       0
       0
       0
       0
       0
       0
       0
       0
       0
       0
       0
       0
       0
       0
       0
       0
       0
       1
       0
       0
       0
       0
       0
       0
       0
       0
       0
       1
       0
       0
       0
       0
       0
       0
       0
       0
       0
       0
       0
       1
       0
       0
       0
       2
       0
       0
       0
       0
       1
       0
       0
       0
       0
       0
       0
       0
       0
       0
       0
       0
       0
       0
       0
       0
       0
       0
       2
       0
       0
       0
       0
       0
       0
       1
       0
       0
       0
       0
       0
       0
       0
       0
       1
       0
       0
       0
       1
       0
       0
       1
       0
       0
       0
       0
       0
       0
       0
       0
       0
       0
       0
       0
       0
       0
       0
       1
       0
       0
       0
       0
       0
       0
       1
       0
       0
       0
       0
       0
       0
       0
       0
       0
       0
       1
       0
       0
       1
       0
       0
       0
       1
       0
       0
       0
       0
       0
       0
       0
       0
       0
       0
       0
       0
       0
       0
       0
       0
       0
       0
       0
       1
       0
       0
       1
       0
       0
       0
       0
       0
       0
       0
       0
       0
       0
       0
       1
       0
       0
       0
       0
       1
       0
       0
       0
       0
       0
       0
       0
       0
       0
       0
       0
       0
       0
       0
       0
       0
       0
       1
       0
       0
       0
       0
       0
       0
       0
       0
       0
       0
       0
       0
       0
       0
       0
       0
       0
       0
       1
       0
       0
       0
       0
       0
       0
       1
       0
       0
       0
       0
       0
       0
       1
       0
       0
       0
       1
       0
       0
       0
       0
       0
       0
       0
       0
       0
       0
       0
       0
       0
       0
       0
       0
       0
       0
       0
       0
       0
       0
       0
       0
       0
       0
       0
       0
       0
       0
       0
       0
       0
       0
       1
       0
       0
       0
       1
       0
       0
       0
       0
       0
       0
       0
       0
       0
       0
       0
       0
       0
       0
       0
       0
       0
       0
       0
       0
       0
       0
       0
       1
       0
       0
       0
       0
       0
       0
       0
       0
       0
       0
       0
       0
       0
       0
       0
       0
       0
       0
       0
       0
       0
       0
       0
       0
       0
       0
       0
       0
       0
       0
       0
       0
       0
       0
       0
       0
       0
       0
       0
       0
       0
       1
       0
       0
       0
       0
       0
       1
       0
       0
       0
       0
       0
       0
       0
       0
       0
       0
       0
       0
       0
       0
       0
       0
       0
       0
       1
       0
       0
       0
       0
       0
       0
       1
       0
       0
       0
       0
       0
       0
       0
       1
       0
       0
       0
       0
       0
       0
       1
       0
       0
       0
       0
       0
       0
       0
       0
       0
       0
       0
       0
       0
       0
       0
       0
       0
       0
       0
       0
       0
       0
       0
       0
       0
       0
       0
       0
       0
       0
       0
       0
       0
       2
       0
       0
       0
       2
       0
       0
       0
       0
       0
       0
       0
       0
       0
       0
       0
       0
       0
       0
       0
       0
       0
       0
       1
       0
       0
       0
       0
       0
       0
       0
       0
       0
       0
       0
       0
       0
       0
       0
       0
       0
       0
       0
       0
       0
       1
       0
       0
       0
       0
       0
       0
       0
       0
       0
       0
       0
       0
       0
       0
       0
       0
       0
       0
       0
       0
       0
       0
       0
       0
       0
       0
       0
       0
       0
       0
       0
       0
       0
       0
       0
       0
       0
       0
       0
       0
       0
       0
       0
       0
       0
       0
       0
       0
       0
       0
       0
       0
       0
       0
       0
       0
       0
       0
       0
       0
       0
       0
       0
       0
       0
       0
       0
       0
       0
       1
       0
       0
       0
       0
       0
       0
       0
       0
       0
       0
       0
       0
       0
       0
       0
       0
       0
       0
       0
       0
       0
       0
       0
       0
       0
       0
       0
       0
       0
       0
       0
       0
       0
       0
       1
       0
       0
       0
       0
       0
       0
       0
       0
       0
       0
       0
       0
       0
       0
       0
       0
       0
       0
       0
       0
       0
       0
       0
       0
       0
       0
       0
       0
       0
       0
       0
       0
       0
       0
       0
       0
       0
       0
       0
       0
       0
       0
       0
       0
       0
       0
       0
       0
       0
       0
       0
       0
       0
       0
       0
       1
       0
       0
       0
       0
       0
       0
       0
       0
       0
       0
       0
       0
       0
       0
       0
       0
       0
       0
       0
       0
       0
       0
       0
       0
       0
       0
       0
       0
       0
       0
       0
       0
       0
       0
       0
       0
       0
       0
       0
       0
       0
       0
       0
       0
       0
       0
       0
       0
       0
       0
       0
       0
       0
       0
       0
       0
       0
       0
       0
       0
       0
       0
       0
       0
       0
       0
       0
       0
       0
       0
       0
       0
       0
       0
       0
       0
       0
       0
       0
       0
       0
       0
       0
       0
       0
       0
       0
       0
       0
       0
       0
       0
       0
       0
       0
       0
       0
       0
       0
       1
       0
       0
       0
       0
       0
       0
       0
       0
       0
       0
       0
       0
       0
       0
       0
       0
       0
       0
       0
       0
       0
       0
       0
       0
       0
       0
       0
       0
       0
       0
       0
       0
       0
       0
       0
       0
       0
       0
       0
       0
       0
       1
       0
       0
       0
       0
       0
       0
       0
       0
       0
       0
       0
       0
       0
       0
       0
       0
       0
       0
       0
       0
       0
       0
       0
       0
       0
       0
       0
       0
       0
       0
       0
       0
       0
       0
       0
       0
       0
       0
       0
       0
       0
       0
       0
       0
       0
       0
       0
       0
       0
       0
       0
       0
       0
       0
       0
       0
       0
       0
       0
       0
       0
       0
       0
       0
       0
       0
       0
       0
       0
       0
       0
       0
       0
       0
       1
       1
       1
       2
       0
       3
       3
       2
       3
       0
       0
       0
       0
       0
       0
       0
       0
       0
       0
       0
       0
       0
       0
       0
       0
       0
       0
       0
       0
       0
       0
       0
       0
       0
       0
       0
       0
       0
       0
       0
       0
       0
       0
       0
       0
       0
       0
       0
       0
       0
       0
       0
       0
       0
       0
       0
       0
       0
       0
       0
       0
       0
       0
       0
       0
       0
       0
       0
       0
       0
       0
       0
       0
       0
       0
       0
       0
       0
       0
       0
       0
       0
       0
       0
       0
       0
       0
       0
       0
       0
       0
       0
       0
       0
       0
       0
       0
       0
       0
       0
       0
       0
       0
       0
       0
       0
       0
       0
       0
       0
       0
       0
       0
       0
       1
       0
       0
       0
       0
       0
       0
       0
       0
       0
       0
       0
       0
       0
       0
       0
       0
       0
       0
       0
       0
       0
       0
       0
       0
       0
       0
       0
       0
       0
       0
       0
       0
       0
       0
       0
       0
       0
       0
       0
       0
       0
       0
       0
       0
       0
       0
       0
       0
       0
       0
       0
       0
       0
       0
       0
       0
       0
       0
       0
       0
       0
       0
       0
       0
       0
       0
       0
       0
       0
       0
       0
       0
       0
       0
       0
       0
       0
       0
       0
       0
       0
       0
       0
       0
       0
       0
       0
       0
       0
       0
       0
       0
       0
       0
       0
       0
       0
       0
       0
       0
       0
       0
       0
       0
       0
       0
       0
       0
       0
       0
       0
       0
       0
       0
       0
       0
       0
       0
       0
       0
       0
       0
       0
       0
       0
       0
       0
       0
       0
       0
       0
       0
       0
       0
       0
       0
       0
       0
       0
       0
       0
       0
       0
       0
       0
       0
       0
       0
       0
       0
       0
       0
       0
       0
       0
       0
       0
       0
       0
       0
       0
       0
       0
       0
       0
       0
       0
       0
       0
       0
       0
       0
       0
       0
       0
       0
       0
       0
       0
       0
       0
       0
       0
       0
       0
       0
       0
       0
       0
       0
       0
       0
       0
       0
       0
       0
       0
       0
       0
       0
       0
       0
       0
       0
       0
       0
       0
       0
       0
       0
       0
       0
       0
       0
       0
       0
       0
       0
       0
       0
       0
       0
       0
       0
       0
       0
       0
       0
       0
       1
       0
       0
       0
       0
       0
       0
       0
       0
       0
       0
       0
       0
       0
       0
       0
       0
       0
       0
       0
       0
       0
       0
       0
       0
       0
       0
       0
       0
       0
       0
       0
       0
       0
       0
       0
       0
       0
       0
       0
       0
       0
       0
       0
       0
       0
       0
       0
       0
       0
       0
       0
       0
       0
       0
       0
       0
       0
       0
       0
       0
       0
       0
       0
       0
       0
       0
       0
       0
       0
       0
       0
       0
       0
       0
       0
       0
       0
       0
       0
       0
       0
       0
       0
       0
       0
       0
       0
       0
       0
       0
       0
       0
       0
       0
       0
       0
       0
       0
       0
       0
       0
       0
       0
       0
       0
       0
       0
       0
       0
       0
       0
       0
       0
       0
       0
       0
       0
       0
       0
       0
       0
       0
       0
       0
       0
       0
       0
       0
       0
       0
       0
       0
       0
       0
       0
       0
       0
       0
       0
       0
       0
       0
       0
       0
       0
       0
       0
       0
       0
       0
       0
       0
       0
       0
       0
       0
       0
       0
       0
       0
       0
       0
       0
       0
       0
       0
       0
       0
       0
       0
       0
       0
       0
       0
       0
       0
       0
       0
       0
       0
       0
       0
       0
       0
       0
       0
       0
       0
       0
       0
       0
       0
       0
       0
       0
       0
       0
       0
       0
       0
       0
       0
       0
       0
       0
       0
       0
       0
       0
       0
       0
       0
       0
       0
       0
       0
       0
       0
       0
       0
       0
       0
       0
       0
       0
       0
       0
       0
       0
       0
       0
       0
       0
       0
       0
       0
       0
       0
       0
       0
       0
       0
       0
       0
       0
       0
       0
       0
       0
       0
       0
       0
       0
       0
       0
       0
       0
       0
       0
       0
       0
       0
       0
       0
       0
       0
       0
       0
       0
       0
       0
       0
       0
       0
       0
       0
       0
       0
       0
       0
       0
       0
       0
       0
       0
       0
       0
       0
       0
       0
       0
       0
       0
       0
       0
       0
       0
       0
       0
       0
       0
       0
       0
       0
       0
       0
       0
       0
       0
       0
       0
       0
       0
       0
       0
       0
       0
       0
       0
       0
       0
       0
       0
       0
       0
       0
       0
       0
       0
       0
       0
       0
       0
       0
       0
       0
       0
       0
       0
       0
       0
       0
       0
       0
       0
       0
       0
       0
       0
       0
       0
       0
       0
       0
       0
       0
       0
       0
       0
       0
       0
       0
       0
       0
       0
       0
       0
       0
       0
       0
       0
       0
       0
       0
       0
       0
       0
       0
       0
       0
       0
       0
       0
       0
       0
       0
       0
       0
       0
       0
       0
       0
       0
       0
       0
       0
       0
       0
       0
       0
       0
       0
       0
       0
       0
       0
       0
       0
       0
       0
       0
       0
       0
       0
       0
       0
       0
       0
       0
       0
       0
       0
       0
       0
       0
       0
       0
       0
       0
       0
       0
       0
       0
       0
       0
       0
       0
       0
       0
       0
       0
       0
       0
       0
       0
       0
       0
       0
       0
       0
       0
       0
       0
       0
       0
       0
       0
       0
       0
       0
       0
       0
       0
       0
       0
       0
       0
       0
       0
       0
       0
       0
       0
       0
       0
       0
       0
       0
       0
       0
       0
       0
       0
       0
       0
       0
       0
       0
       0
       0
       0
       0
       0
       0
       0
       0
       0
       0
       0
       0
       0
       0
       0
       0
       0
       0
       0
       0
       0
       0
       0
       0
       0
       0
       0
       0
       0
       0
       0
       0
       0
       0
       0
       0
       0
       0
       0
       0
       0
       0
       0
       0
       0
       0
       0
       0
       0
       0
       0
       0
       0
       0
       0
       0
       0
       0
       0
       0
       0
       0
       0
       0
       0
       0
       0
       0
       0
       0
       0
       0
       0
       0
       0
       0
       0
       0
       0
       0
       0
       0
       0
       0
       0
       0
       0
       0
       0
       0
       0
       0
       0
       0
       0
       0
       0
       0
       0
       0
       0
       0
       0
       0
       0
       0
       0
       0
       0
       0
       0
       0
       0
       0
       0
       0
       0
       0
       0
       0
       0
       0
       0
       0
       0
       0
       0
       0
       0
       0
       0
       0
       0
       0
       0
       0
       0
       0
       0
       0
       0
       0
       0
       1
       0
       0
       0
       0
       0
       0
       0
       0
       0
       0
       0
       0
       0
       0
       0
       0
       0
       0
       0
       0
       0
       0
       0
       0
       0
       0
       0
       0
       0
       0
       0
       0
       0
       0
       0
       0
       0
       0
       0
       0
       0
       0
       0
       0
       0
       0
       0
       0
       0
       0
       0
       0
       0
       0
       0
       0
       0
       0
       0
       0
       0
       0
       0
       0
       0
       0
       0
       0
       0
       0
       0
       0
       0
       0
       0
       0
       0
       0
       0
       0
       0
       0
       0
       0
       0
       0
       0
       0
       0
       0
       0
       0
       0
       0
       0
       0
       0
       0
       0
       0
       0
       0
       0
       0
       0
       0
       0
       0
       0
       0
       0
       0
       0
       0
       0
       0
       0
       0
       0
       0
       0
       0
       0
       0
       0
       0
       0
       0
       0
       0
       0
       0
       0
       0
       0
       0
       0
       0
       0
       0
       0
       0
       0
       0
       0
       0
       0
       0
       0
       0
       0
       0
       0
       0
       0
       0
       0
       0
       0
       0
       0
       0
       0
       0
       0
       0
       0
       0
       0
       0
       0
       0
       0
       0
       0
       0
       0
       0
       0
       0
       0
       0
       0
       0
       0
       0
       0
       0
       0
       0
       0
       0
       0
       0
       0
       0
       0
       0
       0
       0
       0
       0
       0
       0
       0
       0
       0
       0
       0
       0
       0
       0
       0
       0
       0
       0
       0
       0
       0
       0
       0
       0
       0
       0
       0
       0
       1
       0
       0
       0
       0
       0
       0
       0
       0
       0
       0
       0
       0
       0
       0
       0
       0
       0
       0
       0
       0
       0
       0
       0
       0
       0
       0
       0
       0
       0
       0
       0
       0
       0
       0
       0
       0
       0
       0
       0
       0
       0
       0
       0
       0
       0
       0
       0
       0
       0
       0
       0
       0
       0
       0
       0
       0
       0
       0
       0
       0
       0
       0
       0
       0
       0
       0
       0
       0
       0
       0
       0
       0
       0
       0
       0
       0
       0
       0
       0
       0
       0
       0
       0
       0
       0
       0
       0
       0
       0
       0
       0
       0
       0
       0
       0
       0
       0
       0
       0
       0
       0
       0
       0
       0
       1
       0
       0
       0
       0
       0
       0
       0
       0
       0
       0
       0
       0
       0
       0
       0
       0
       0
       0
       0
       0
       0
       0
       0
       0
       0
       0
       0
       0
       0
       0
       0
       0
       0
       0
       0
       0
       0
       0
       0
       0
       0
       0
       0
       0
       0
       0
       0
       0
       0
       0
       0
       0
       0
       0
       0
       0
       0
       0
       0
       0
       0
       0
       0
       0
       0
       0
       0
       0
       0
       0
       0
       0
       0
       0
       0
       0
       0
       0
       0
       0
       0
       0
       0
       0
       0
       0
       0
       0
       0
       0
       0
       0
       0
       0
       0
       0
       0
       0
       0
       0
       0
       0
       0
       0
       0
       0
       0
       0
       0
       0
       0
       0
       0
       0
       0
       0
       0
       0
       0
       0
       0
       0
       0
       0
       0
       0
       0
       0
       0
       0
       0
       0
       0
       0
       0
       0
       0
       0
       0
       0
       0
       0
       0
       0
       0
       0
       0
       0
       0
       0
       0
       0
       0
       0
       0
       0
       0
       0
       0
       0
       0
       0
       0
       0
       0
       0
       0
       0
       0
       0
       0
       0
       0
       0
       0
       0
       0
       0
       0
       0
       0
       0
       0
       0
       0
       0
       0
       0
       0
       0
       0
       0
       0
       0
       0
$ROI:
0
$PRESETS:
Real Time
180
0
$ENER_FIT:
0.888569 0.390988
$MCA_CAL:
3
8.885689E-001 3.909876E-001 3.191953E-008 keV
$SHAPE_CAL:
3
0.000000E+000 0.000000E+000 0.000000E+000
