$SPEC_ID:
1
$SPEC_REM:
DET# 2
DETDESC# MCB 130 Normal
AP# Maestro Version 7.01
$DATE_MEA:
09/25/2019 20:53:32
$MEAS_TIM:
177 180
$DATA:
0 8191
       0
       0
       0
       0
       0
       0
       0
       0
       0
       0
       0
       0
       0
       0
       0
       0
       0
       0
       0
       0
       0
       0
       0
       0
       0
       0
      18
     402
     112
      68
      86
     106
     135
     139
     137
     109
     114
      96
     135
     136
     173
     155
     157
     151
     178
     124
      96
      89
      81
     107
     106
      97
     104
      82
      88
      69
      87
      73
      88
     110
      99
     101
      84
      89
      81
     105
      85
     117
     117
     147
     216
     219
     178
     115
     140
     139
     180
     176
     140
     118
     119
     114
     106
      96
      91
      92
     138
     170
     245
     373
     408
     269
     126
      84
      78
      87
      86
      93
      94
      81
     102
     167
     185
     145
     126
      92
      91
      73
      78
      82
      88
     102
      93
     112
     100
     103
      80
      80
      91
      86
      72
      80
      85
     112
     149
     144
     131
      99
      84
      89
     106
      89
      80
      96
      74
      80
      83
      91
      84
      84
      85
      86
      98
      97
     197
     223
     148
     117
      92
     114
     105
      84
     113
      93
     103
     115
     110
      82
      94
      89
     100
      95
      85
      98
     113
     107
     104
     126
     107
      90
     106
     105
     102
     116
     121
      97
     111
     139
     114
     117
     112
     127
     105
     144
     141
     134
     139
     128
      98
     158
     172
     157
     130
      84
     124
     143
     144
     117
     137
     149
     133
     129
     139
     155
     213
     308
     295
     217
     132
     121
     142
     125
     116
     159
     177
     151
     114
     143
     120
     147
     149
     135
     115
     148
     138
     115
     150
     139
     131
     143
     158
     161
     170
     151
     146
     122
     147
     129
     141
     168
     189
     195
     164
     151
     134
     132
     121
     129
     166
     215
     265
     240
     281
     283
     251
     164
     143
     140
     142
     148
     133
     161
     198
     315
     383
     268
     198
     172
     204
     326
     420
     337
     187
     107
     135
     120
     129
     117
     136
     129
     131
     135
     154
     145
     142
     161
     121
     130
     122
     132
     127
     130
     146
     131
     147
     132
     183
     156
     152
     188
     130
     124
     105
     115
     107
     133
     141
     161
     134
     138
     136
     127
     112
     107
     119
     114
     121
      97
     109
     100
     126
     152
     116
     103
     120
     106
     124
     127
     106
     115
     111
     126
     108
     100
     124
     123
     110
     107
     115
     115
      91
     128
     114
      99
      93
      84
     108
     121
     104
     125
     115
     111
     119
     104
      99
     125
     257
     571
     767
     593
     239
     122
     101
      90
     111
     105
      97
     102
     112
     109
     136
     145
     118
     110
      82
      99
      86
      89
      82
      87
      97
      87
     108
      88
      94
      93
      97
      83
      89
      90
     122
      93
      90
      88
      85
      86
      92
     103
      86
     102
      94
      67
     103
      95
      90
      87
      89
      85
      89
      83
      82
      99
      82
      96
      88
     113
     106
      77
      78
      78
      81
      88
      77
      65
      86
      72
      90
      82
      73
      80
      85
      80
      76
      54
      70
      64
      75
      74
      78
      67
      91
      80
      77
      83
      80
      80
      70
      72
      64
      79
      66
      69
      70
      73
      78
      73
      67
      69
      63
      73
      79
      88
     115
      97
      75
      77
      77
      72
      68
      59
      61
      62
      86
      73
      88
      64
      82
      74
      74
      54
      65
      59
      68
      51
      78
      74
      61
      52
      66
      70
      57
      76
      58
      71
      53
      59
      66
      46
      57
      66
      57
      69
      67
      75
      63
      55
      56
      62
      63
      73
      64
      58
      46
      60
      66
      59
      52
      71
      71
      48
      62
      49
      54
      75
      58
      63
      77
      57
      57
      65
      68
      55
      59
      73
      77
      85
      72
      70
      64
      62
      52
      54
      65
      65
      69
      56
      48
      53
      42
      55
      64
      58
      65
      68
      55
      53
      56
      75
      48
      71
      43
      45
      49
      65
      55
      44
      43
      44
      56
      60
      52
      44
      50
      57
      55
      48
      54
      55
      48
      55
      69
     160
     346
     415
     299
     160
      55
      57
      53
      54
      50
      53
      63
      52
      44
      46
      46
      56
      46
      36
      54
      44
      49
      62
      44
      49
      46
      64
      63
      67
      62
      46
      55
      44
      49
      50
      61
      59
      67
      42
      45
      41
      39
      42
      51
      44
      43
      42
      44
      34
      24
      22
      51
      29
      43
      85
     261
     606
     724
     500
     233
      73
      49
      49
      42
      44
      43
      35
      49
      57
      40
      44
      43
      44
      42
      36
      37
      44
      35
      38
      28
      47
      36
      40
      38
      34
      42
      44
      34
      48
      40
      52
      43
      32
      32
      31
      35
      38
      36
      45
      48
      46
      67
      55
      41
      39
      40
      34
      34
      30
      39
      52
      35
      45
      32
      42
      41
      35
      29
      41
      55
      49
      36
      29
      38
      37
      48
      53
      87
     127
     101
      78
      36
      38
      38
      34
      46
      35
      38
      37
      38
      36
      31
      31
      33
      34
      46
      33
      42
      39
      39
      33
      28
      38
      34
      38
      38
      37
      32
      36
      15
      36
      41
      37
      33
      30
      34
      75
     146
     248
     252
     128
      68
      59
      46
      59
      43
      45
      40
      35
      32
      31
      57
      59
      51
      33
      27
      27
      29
      34
      38
      31
      32
      26
      29
      20
      28
      26
      37
      43
      40
      31
      35
      18
      40
      37
      31
      26
      42
      34
      20
      33
      35
      19
      20
      31
      32
      28
      27
      39
      26
      30
      31
      27
      31
      23
      33
      55
      66
      67
      55
      39
      28
      22
      37
      29
      39
      43
      32
      31
      36
      26
      30
      21
      29
      34
      25
      34
      28
      31
      26
      19
      25
      31
      45
      29
      26
      28
      38
      47
      38
      46
      37
      30
      38
      27
      23
      28
      19
      27
      19
      24
      29
      31
      41
      39
      21
      21
      38
      19
      33
      24
      26
      27
      29
      23
      41
      28
      30
      37
      33
      23
      25
      22
      33
      27
      28
      22
      27
      24
      31
      24
      30
      23
      32
      22
      32
      25
      28
      14
      27
      22
      26
      28
      31
      29
      47
      41
      33
      47
      42
      42
      31
      26
      30
      14
      32
      30
      34
      26
      35
      32
      26
      31
      20
      27
      20
      30
      23
      18
      19
      32
      25
      17
      23
      16
      27
      22
      21
      30
      41
      77
      85
      52
      33
      22
      23
      25
      21
      27
      16
      30
      25
      20
      29
      22
      11
      18
      13
      26
      27
      18
      24
      17
      21
      18
      25
      14
      21
      18
      14
      23
      20
      31
      21
      19
      17
      33
      21
      22
      30
      18
      18
      21
      17
      20
      22
      18
      16
      17
      27
      15
      20
      18
      22
      21
      21
      18
      12
      19
      26
      15
      14
      19
      15
      16
      21
      20
      16
      20
      20
      21
      17
      16
      27
      17
      25
      17
      20
      16
      19
      22
      31
      19
      21
      11
      21
      18
      26
      27
      18
      21
      19
      21
      20
      23
      15
      12
      15
      19
      23
      14
      29
      19
      19
      20
      15
      22
      14
      23
      14
      19
      21
      24
      27
      20
      18
      20
      22
      18
      17
      21
      17
      24
      14
      19
      18
      18
      18
      16
       8
      20
      16
      15
      16
      22
      16
      21
      17
      24
      21
      21
      30
      11
      17
      19
      15
      15
      26
      22
       8
      22
      18
      20
      24
      11
       6
      18
      14
      13
      11
      17
      18
      14
      13
      22
      23
      18
      26
      19
      24
      12
      17
      14
      14
      18
       7
      27
      23
      15
      20
      18
      13
      17
      20
      24
      16
      16
      16
      20
      19
      14
      25
      18
      19
      22
      10
      19
      11
      15
      15
      17
      17
      22
      17
      13
      11
      22
      17
      23
      19
      29
      21
      12
      15
      14
      16
      20
      16
      13
      16
       9
      12
      18
      20
      11
      26
      16
      19
      17
      25
      15
      16
      16
      20
      17
      21
      16
      17
      19
      18
      18
      20
      15
      13
      20
      16
      19
      10
      16
      18
      26
      19
      28
      17
      13
      16
      23
      14
      13
      22
      21
      15
      14
      15
      23
      30
      29
      23
      21
      32
      24
      16
      13
      18
      15
      16
      13
      16
      14
      22
      20
      17
       8
      19
      12
      16
      22
      17
      13
      13
      15
      13
      21
      12
      20
      12
       8
      13
      14
      13
      20
      17
      13
      18
      15
      13
      14
       9
      14
      20
      15
      13
      15
      26
      32
      28
      27
      18
      19
      17
      16
      20
      14
      20
      22
      19
      14
      13
      14
      18
      16
       8
      14
      16
      21
       7
      13
      11
      14
      18
      25
      29
      24
      27
      15
      15
      15
      24
      14
      11
      11
      14
       8
      16
      10
      10
      13
      11
      15
      12
      14
      19
      12
      19
      11
      19
      23
      27
      30
      21
      12
      13
      13
      13
      23
      25
      25
      15
      14
      15
      10
      23
      16
      17
      13
      18
      14
      19
      13
      11
       9
      14
      13
       7
      15
      10
      12
       9
      17
       7
      13
      18
      16
      16
      24
      19
      37
      28
      14
      15
      18
       8
      11
      15
      15
      24
      25
      13
      16
      10
      12
      29
      73
     188
     284
     292
     161
      86
      30
      20
      16
      10
      12
      18
      12
      15
       9
      10
      15
      12
      18
      16
      24
      33
      22
      12
      20
      12
      13
      17
      19
      14
      11
      12
       7
      15
      12
      15
       8
      12
       3
      10
      12
      13
      13
      13
       7
      19
      17
      11
       7
       9
       9
      17
       6
      14
      10
      12
       6
       4
      14
       6
       8
      14
      10
      12
      12
      17
      40
      63
      98
      88
      46
      26
      19
      10
      11
       9
      12
      20
      13
       9
       7
       8
       9
       9
      11
       9
       6
      15
       6
       9
       5
       7
       8
      15
       8
      13
      12
      10
      10
       5
      13
       8
       9
       5
       9
       8
       2
      15
       9
       5
      12
      11
      11
      12
       9
      12
      15
       8
       5
      11
      10
      10
       6
       9
       7
       9
       6
      17
      12
      14
       9
      12
       3
       5
       8
       3
       9
      15
      14
      16
       7
      10
       9
       7
       8
       9
       8
       6
       6
       5
      13
      11
      10
      10
       8
       3
      11
       4
       7
       7
       8
       8
       3
       8
       8
       6
       7
       5
       7
      11
       7
       5
       9
       5
      10
       9
      14
       6
       8
       7
       6
       9
       7
       8
       7
       8
      16
      13
      11
      10
       8
       6
      14
       9
       9
      11
       6
       8
       7
       6
       6
      12
      15
      12
      22
      32
      18
      19
      15
       9
       7
       8
       5
       9
       7
       6
       7
       9
       5
       7
       5
       6
       7
       7
       7
      12
       2
       3
      12
      10
       5
       7
       8
      11
       9
       7
       5
       9
       4
       9
       5
       7
       5
       4
       4
       6
       5
       8
       7
       9
       5
       8
       7
      11
       5
       7
       9
       7
      14
      17
      24
      19
      15
       7
       6
       6
       8
       2
       5
       1
       8
       2
       5
       7
      11
       3
      13
       8
      10
       9
      10
       5
       4
       4
       7
       5
       2
       8
       8
       5
       2
       7
       9
       4
       7
       5
       9
      12
       6
       4
       9
       7
       7
       6
       8
       7
       8
       3
       2
       8
      15
       7
      12
      11
       9
      10
       8
      12
      16
      13
      16
       5
       8
       3
       6
      12
       5
      13
      51
     116
     145
     207
     156
     102
      43
      10
      11
       6
       6
       6
       5
       3
       6
       5
       7
      11
      17
      20
      18
      18
      10
      15
      24
      32
      70
     112
      91
      69
      39
      21
      13
       9
       7
      12
      11
       5
      10
       7
       4
       5
       5
       4
       4
       5
       7
       3
       7
       2
       3
       4
       7
       3
       3
       6
       6
       5
       4
       9
       8
      12
       4
       7
       6
       4
       4
       6
       8
       9
       4
       5
       3
       7
       1
       7
       3
       2
       8
       7
       5
       4
       5
       6
       6
       4
       1
       3
       3
       7
       1
       4
       1
       2
       2
       8
       6
       3
       5
       4
       4
       3
       5
       3
       3
       7
       5
      11
       3
       7
       4
       5
       7
       4
       5
       5
       6
       6
       7
       8
       5
       6
       6
       5
       5
       2
       9
      12
      10
       6
       9
       4
       3
       5
       3
       4
       6
       6
       5
       6
       9
       2
       7
       2
       5
       5
       4
       3
       4
       2
       7
       5
       2
       6
       7
       3
       0
       7
       5
       5
       4
      10
       7
       6
      12
      15
      10
      14
      11
      10
       5
       6
      14
       6
       3
       5
       1
       5
      10
      12
      10
      10
       4
       6
       5
       4
       5
       8
       4
       1
       3
       5
       1
       4
       5
       3
       5
       5
       5
       4
       4
       2
       5
       4
       2
       6
       4
       3
       8
       8
      20
      20
      16
      10
      11
       5
       7
      16
      27
      75
     141
     147
     133
      80
      37
      14
       6
       3
       3
       5
       7
       4
       6
       3
       8
      10
      16
      30
      23
      15
      11
       6
       6
       6
       5
       3
       6
       1
       7
       5
       7
       4
       2
       3
      11
      14
       6
       8
       7
       3
       2
       1
       2
       4
       2
      10
       6
       5
       4
       3
       7
       7
       1
       0
       8
       2
       6
       1
       6
       4
       4
       8
       9
       4
       9
       5
       8
       7
       4
       4
       5
       4
       3
      19
      33
      52
      68
      54
      40
      22
      18
       3
       3
       1
       5
       2
       3
      13
      12
      12
       4
      10
       5
       4
       2
       3
       5
       3
       5
       3
       3
       4
       6
       5
       6
       4
       7
       5
       4
       5
       6
       4
       1
       3
       4
       6
       4
       6
       3
       3
       5
       1
       6
       1
       3
       8
       3
       5
       4
       4
       3
       3
       3
       3
       8
       3
       6
       3
       2
       3
       3
       5
       4
       5
       7
       4
       3
       3
       5
       1
       4
       3
       6
       3
       4
       3
      10
       2
       4
       5
       4
       3
       9
       5
       5
       4
       6
       4
       3
       3
       2
       3
       5
       5
       3
       3
      12
       5
       6
       9
       2
       5
       5
       5
       2
       8
       7
      12
       8
       4
       3
       3
       6
       1
       3
       1
       6
       0
       4
       4
       9
       7
       4
       2
       4
       8
       6
       3
       3
       1
       3
       3
       1
       7
       0
       1
       1
       7
       2
       2
       3
       5
       4
       1
       1
       4
       4
       3
       3
       3
       4
       4
       1
       2
       3
       4
       2
       4
       3
       5
       6
       9
       5
       5
       2
       3
       4
       5
       4
       3
       3
       4
       2
       2
       0
       2
       4
       3
       2
       2
       0
       3
       1
       3
       3
       7
       1
       1
       1
       1
       3
       4
       5
       3
       3
       1
       2
       2
       7
       2
       7
       7
       6
       1
       0
       6
       1
       4
       2
       7
       4
       7
       3
       2
       3
       3
       2
       4
       3
       5
       3
       1
       4
       2
       5
       1
       2
       3
       5
       4
       4
       4
       3
       0
       7
       3
       3
       1
       4
       4
       1
       2
       2
       4
       2
       4
       0
       0
       3
       4
       0
       2
       4
       2
       0
       4
       6
       8
       6
      12
       8
       9
       4
       2
       3
       2
       4
       7
       9
      21
       9
      15
       5
       5
       6
       5
       4
       3
       1
       5
       2
       7
       2
       2
       6
       5
       4
       1
       5
       3
       5
       2
       3
       2
      12
       5
       5
       1
       3
       5
       1
       1
       3
       5
       2
       3
       5
       2
       1
       0
       1
       2
       0
       0
       5
       8
       6
       2
       4
       3
       2
       4
       4
       0
       2
      10
       1
       3
       1
       2
       4
       3
       4
       2
       2
       1
       3
       2
       1
       3
       1
       6
       0
       3
       1
       3
       5
       3
       5
       4
       4
      11
       5
       5
       5
       4
       2
       2
       2
       2
       4
       0
       3
       1
       5
       0
       0
       2
       2
       3
       1
       5
       3
       2
       2
      10
       3
       5
       3
       5
       2
       3
       1
       3
       2
       7
       4
       4
       7
       7
       4
       3
       6
       2
       1
       2
       3
       5
       2
       4
       0
       4
       6
       4
       2
       2
       2
       4
       3
       5
       5
       7
       6
       5
       2
       5
       4
       3
       3
       1
       2
       1
       0
       2
       3
       1
       2
       1
       3
       3
       0
       2
       7
       2
       3
       1
       4
       2
       1
       1
       3
       1
       6
       2
       5
       3
       2
       5
       4
       3
       4
       3
       1
       9
       2
       4
       1
       4
       1
       7
       9
      14
      17
      13
      12
       3
       6
       3
       3
       3
       1
       2
       2
       3
       2
       1
       2
       1
       0
       4
       7
       3
      10
       3
       4
       5
       2
       4
       5
       4
      11
      12
       9
      11
       2
       6
       1
       3
       3
       4
       2
       5
       1
       5
       2
       0
       5
       1
       3
       3
       5
       2
       4
       2
       3
       1
       0
       2
       2
       1
       2
       3
       2
       2
       4
       1
       1
       3
       3
       2
       3
       3
       2
       2
       0
       2
       3
       2
       1
       4
       4
       3
       0
       0
       3
       0
       1
       4
       2
       2
       2
       1
       1
       2
       3
       2
       0
       1
       2
       4
       1
       2
       1
       6
       2
       2
       3
       1
       4
       2
       4
       4
       1
       2
       2
       0
       2
       0
       2
       2
       2
       4
       5
       2
       1
       1
       2
       2
       2
       1
       3
       4
       6
       2
       3
       2
       3
       0
       1
       0
       5
       0
       2
       2
       0
       2
       5
       2
       3
       1
       1
       1
       3
       3
       1
       2
       1
       4
       3
       2
       5
       2
       6
       3
       2
       0
       1
       1
       0
       3
       5
       0
       5
       4
       2
       2
       3
       4
      13
      18
      26
      17
      20
       8
       5
       6
       3
       2
       1
       5
       2
       5
       2
       2
       0
       1
       4
       1
       3
       2
       4
       1
       2
       2
       0
       5
       3
       2
       3
       0
       0
       3
       2
       2
       5
       4
       2
       5
       2
       8
       5
       2
       1
       3
       2
       4
       3
       4
       0
       1
       1
       1
       1
       1
       1
       3
       4
       3
       0
       2
       2
       1
       3
       4
       1
       1
       1
       0
       2
       2
       2
       2
       5
       2
       5
       3
       4
       4
       1
       2
       3
       3
       1
       2
       2
       1
       1
       2
       2
       3
       5
       2
       3
       2
       2
       0
       1
       1
       2
       6
       2
       0
       2
       1
       4
       4
       4
       1
       2
       1
       0
       4
       1
       2
       1
       3
       6
       2
       3
       2
       3
       1
       1
       3
       2
       2
       3
       2
       3
       6
       1
       0
       2
       3
       1
       3
       1
       2
       2
       1
       3
       2
       2
       2
       2
       0
       1
       2
       2
       1
       1
       0
       2
       3
       4
       2
       2
       2
       3
       5
       2
       2
       1
       1
       1
       2
       1
       2
       2
       3
       1
       3
       3
       0
       2
       1
       0
       1
       2
       1
       0
       1
       2
       1
       0
       6
       2
       3
       2
       3
       4
       3
       1
       1
       3
       0
       0
       2
       2
       0
       1
       4
       3
       2
       1
       4
       2
       0
       2
       3
       4
       2
       2
       1
       0
       4
       3
       1
       3
       4
       2
       0
       1
       1
       1
       3
       1
       3
       0
       3
       1
       5
       6
       1
       1
       3
       1
       2
       1
       0
       1
       0
       2
       5
       1
       8
       7
      12
       5
       3
       4
       6
       2
       1
       1
       3
       2
       4
       1
       0
       2
       0
       1
       3
       1
       0
       2
       2
       1
       1
       3
       3
       3
       3
       6
       6
       9
       3
       3
       3
       2
       1
       2
       2
       1
       4
       4
       4
       1
       2
       2
       2
       0
       1
       2
       1
       2
       3
       1
       1
       0
       3
       3
       5
       2
       1
       3
       3
       5
       3
       1
       3
       0
       5
       3
       4
       1
       6
       5
       2
       0
       3
       1
       1
       1
       3
       1
       1
       3
       2
       0
       1
       1
       2
       4
       1
       2
       4
       1
       1
       1
       0
       4
       0
       2
       2
       3
       2
       1
       1
       2
       2
       1
       0
       1
       2
       4
       1
       0
       2
       1
       0
       1
       2
       1
       1
       2
       2
       0
       0
       2
       2
       2
       1
       2
       1
       2
       1
       3
       4
       6
       2
       6
       6
       5
       0
       3
       0
       1
       3
       1
       2
       4
       7
       6
      10
       1
       2
       2
       0
       5
       3
       1
       0
       1
       0
       2
       0
       1
       4
       2
       2
       3
       2
       0
       0
       3
       3
       3
       0
       1
       1
       3
       5
       0
       2
       1
       3
       0
       2
       2
       0
       2
       1
       1
       2
       0
       2
       2
       1
       5
       0
       2
       0
       1
       2
       1
       2
       0
       1
       3
       5
       2
       0
       1
       2
       0
       1
       0
       0
       2
       3
       3
       1
       0
       4
       2
       4
       2
       2
       2
       2
       0
       1
       1
       2
       1
       2
       3
       1
       1
       1
       0
       2
       1
       0
       3
       2
       1
       1
       2
       4
       1
       3
       1
       3
       1
       1
       2
       1
       0
       3
       1
       3
       1
       2
       2
       1
       3
       3
       1
       1
       2
       1
       1
       1
       0
       0
       0
       0
       2
       1
       0
       1
       1
       1
       3
       3
       0
       2
       1
       0
       0
       2
       2
       0
       1
       0
       1
       0
       1
       1
       2
       5
       2
       2
       2
       5
       3
       1
       1
       3
       1
       1
       2
       0
       2
       2
       0
       0
       4
       1
       1
       0
       0
       0
       2
       2
       1
       1
       0
       2
       0
       0
       1
       0
       2
       0
       0
       1
       1
       0
       0
       3
       3
       2
       4
       1
       0
       1
       2
       0
       1
       1
       1
       2
       1
       2
       0
       1
       4
       3
       0
       3
       7
       6
       2
       4
       2
       2
       0
       2
       0
       2
       3
       0
       1
       0
       1
       0
       1
       0
       2
       2
       0
       0
       1
       1
       1
       4
       2
       0
       4
       5
       6
       5
       5
       5
       1
       0
       2
       3
       1
       0
       3
       1
       3
       2
       1
       2
       0
       2
       0
       1
       2
       0
       3
       0
       2
       0
       4
       2
       1
       1
       3
       2
       1
       0
       0
       2
       2
       1
       2
       1
       0
       1
       1
       0
       0
       0
       2
       2
       3
       4
       3
       2
       2
       2
       1
       0
       1
       1
       1
       0
       2
       3
       0
       3
       2
       3
       2
       1
       2
       2
       5
       2
       2
       0
       1
       0
       0
       0
       0
       5
       0
       0
       4
       2
       3
       0
       1
       2
       0
       1
       0
       0
       0
       1
       0
       1
       0
       1
       2
       1
       2
       2
       0
       2
       2
       0
       1
       4
       2
       0
       0
       1
       3
       1
       1
       2
       1
       2
       1
       2
       1
       0
       0
       1
       1
       3
       0
       2
       1
       2
       0
       0
       0
       0
       1
       1
       1
       0
       1
       0
       0
       1
       1
       1
       1
       2
       2
       1
       0
       1
       1
       0
       4
       4
       7
       5
       4
       2
       5
       3
       1
       1
       1
       0
       3
       2
       1
       0
       1
       0
       1
       3
       0
       0
       0
       1
       1
       1
       1
       1
       1
       1
       0
       1
       1
       2
       2
       1
       0
       1
       2
       0
       0
       0
       0
       1
       0
       1
       1
       1
       2
       0
       1
       0
       0
       1
       2
       3
       1
       3
       3
       0
       1
       1
       1
       0
       1
       1
       0
       0
       2
       1
       0
       2
       0
       0
       1
       3
       1
       1
       1
       0
       1
       2
       1
       2
       1
       3
       1
       1
       0
       3
       2
       0
       0
       1
       2
       0
       2
       2
       1
       1
       0
       3
       0
       1
       1
       6
       4
       2
       0
       2
       0
       0
       0
       0
       1
       2
       2
       0
       1
       4
       2
       2
       2
       1
       1
       1
       1
       0
       1
       1
       0
       1
       2
       2
       2
       0
       0
       1
       1
       1
       1
       2
       0
       0
       0
       0
       0
       1
       0
       0
       2
       0
       0
       1
       0
       0
       0
       0
       0
       2
       1
       0
       0
       0
       1
       1
       0
       1
       2
       1
       5
       3
       3
       2
       2
       2
       2
       1
       3
       0
       0
       1
       0
       1
       0
       0
       2
       0
       0
       2
       0
       1
       0
       1
       2
       1
       3
       1
       1
       4
       1
       1
       1
       0
       0
       0
       0
       0
       2
       0
       1
       1
       0
       3
       0
       1
       1
       0
       0
       0
       1
       1
       0
       0
       0
       0
       1
       0
       0
       0
       0
       0
       0
       0
       0
       0
       0
       0
       1
       0
       0
       3
       1
       2
       2
       0
       0
       1
       0
       1
       0
       0
       1
       3
       1
       0
       3
       0
       2
       0
       1
       0
       2
       1
       0
       0
       1
       1
       3
       0
       1
       1
       1
       0
       1
       1
       0
       0
       1
       0
       1
       0
       1
       1
       2
       1
       0
       2
       2
       0
       2
       1
       0
       0
       2
       0
       1
       0
       0
       3
       2
       2
       0
       0
       1
       1
       1
       1
       1
       1
       0
       0
       0
       1
       1
       0
       0
       0
       2
       0
       0
       0
       1
       1
       4
       2
       2
       2
       4
      12
      16
      16
      21
      17
      18
       8
       4
       3
       1
       0
       0
       0
       0
       0
       0
       0
       1
       0
       0
       0
       0
       0
       0
       1
       0
       1
       2
       1
       1
       0
       0
       1
       0
       0
       1
       0
       1
       0
       2
       0
       0
       0
       0
       1
       0
       1
       0
       0
       0
       0
       1
       0
       1
       1
       0
       0
       0
       0
       0
       4
       1
       0
       0
       0
       0
       2
       0
       1
       0
       0
       1
       1
       0
       0
       1
       1
       0
       1
       0
       0
       1
       0
       0
       1
       0
       2
       1
       2
       0
       0
       2
       0
       1
       1
       0
       0
       1
       0
       0
       0
       0
       0
       0
       0
       1
       0
       1
       1
       2
       1
       0
       1
       0
       0
       0
       0
       1
       0
       0
       0
       1
       0
       0
       1
       0
       0
       2
       0
       1
       0
       0
       2
       1
       1
       0
       1
       1
       0
       0
       0
       0
       0
       1
       0
       0
       0
       0
       0
       0
       1
       0
       0
       0
       1
       0
       1
       2
       0
       0
       0
       0
       0
       0
       1
       0
       0
       1
       0
       1
       0
       0
       0
       0
       1
       4
       0
       0
       0
       2
       2
       0
       0
       0
       1
       0
       0
       0
       0
       1
       0
       1
       0
       0
       0
       0
       0
       0
       0
       0
       0
       3
       2
       0
       0
       1
       2
       0
       0
       0
       0
       0
       0
       0
       0
       0
       0
       1
       1
       0
       0
       1
       1
       1
       0
       0
       0
       1
       0
       1
       2
       1
       0
       0
       0
       0
       0
       1
       0
       0
       0
       1
       0
       1
       0
       0
       0
       0
       1
       0
       0
       0
       0
       0
       0
       1
       0
       0
       1
       2
       1
       0
       0
       0
       0
       0
       0
       1
       0
       1
       2
       1
       1
       2
       0
       0
       1
       0
       0
       0
       0
       2
       0
       0
       0
       0
       1
       0
       1
       0
       1
       1
       1
       0
       0
       1
       0
       1
       0
       0
       0
       0
       1
       0
       0
       0
       0
       0
       0
       0
       0
       0
       0
       0
       0
       1
       0
       0
       1
       1
       0
       0
       1
       0
       0
       0
       1
       0
       0
       0
       2
       0
       0
       1
       0
       0
       0
       1
       1
       0
       1
       0
       3
       0
       0
       4
       4
       5
       6
       5
       8
       1
       2
       3
       2
       1
       0
       0
       0
       1
       0
       1
       1
       0
       0
       1
       0
       0
       0
       0
       1
       0
       0
       1
       1
       0
       1
       0
       0
       1
       1
       0
       1
       0
       0
       0
       0
       0
       0
       1
       0
       2
       0
       1
       0
       0
       1
       0
       0
       0
       0
       0
       0
       1
       0
       1
       0
       1
       0
       0
       0
       1
       2
       0
       1
       2
       1
       0
       0
       0
       1
       0
       0
       0
       0
       0
       0
       0
       0
       0
       1
       0
       0
       0
       0
       1
       0
       0
       1
       1
       0
       0
       0
       0
       0
       2
       0
       1
       1
       1
       0
       0
       1
       0
       0
       1
       1
       0
       1
       1
       0
       0
       0
       0
       0
       0
       0
       0
       0
       0
       0
       1
       0
       0
       0
       0
       0
       0
       0
       0
       1
       0
       0
       0
       0
       0
       0
       1
       0
       0
       1
       1
       1
       0
       0
       0
       1
       0
       0
       0
       0
       2
       1
       0
       0
       1
       0
       0
       1
       0
       0
       0
       0
       0
       2
       0
       0
       0
       0
       0
       1
       1
       1
       0
       0
       1
       0
       0
       0
       0
       0
       0
       0
       0
       0
       0
       0
       0
       0
       0
       0
       0
       0
       0
       2
       0
       0
       0
       0
       1
       0
       0
       0
       0
       0
       0
       0
       2
       2
       1
       1
       2
       1
       1
       0
       0
       1
       0
       0
       0
       0
       0
       0
       1
       1
       1
       1
       0
       0
       0
       0
       0
       0
       0
       0
       0
       0
       1
       0
       0
       0
       0
       0
       0
       2
       0
       0
       0
       0
       0
       0
       0
       0
       0
       0
       0
       0
       0
       1
       0
       0
       1
       0
       0
       0
       0
       0
       0
       0
       0
       0
       1
       0
       0
       0
       0
       0
       1
       0
       0
       0
       1
       0
       0
       0
       0
       0
       2
       0
       0
       0
       0
       0
       0
       0
       0
       0
       0
       0
       0
       0
       0
       0
       0
       0
       2
       1
       0
       0
       0
       0
       0
       0
       0
       0
       0
       0
       0
       0
       0
       0
       0
       0
       0
       0
       0
       0
       0
       1
       0
       0
       0
       0
       0
       0
       0
       0
       0
       0
       0
       1
       0
       0
       0
       1
       0
       1
       0
       3
       0
       1
       0
       0
       0
       0
       0
       0
       0
       0
       0
       0
       0
       0
       1
       0
       0
       0
       0
       0
       1
       0
       0
       1
       1
       0
       0
       0
       0
       0
       1
       0
       0
       0
       0
       0
       1
       0
       0
       0
       0
       0
       0
       1
       1
       1
       0
       3
       1
       0
       1
       0
       0
       0
       1
       0
       0
       0
       0
       0
       0
       0
       0
       0
       0
       0
       0
       1
       0
       0
       0
       0
       0
       0
       0
       0
       0
       0
       1
       1
       4
       4
       3
       2
       2
       4
       0
       0
       0
       0
       0
       0
       0
       0
       0
       0
       1
       0
       0
       0
       1
       0
       0
       0
       0
       0
       0
       0
       0
       0
       0
       0
       1
       0
       0
       0
       1
       0
       0
       0
       0
       0
       0
       0
       0
       0
       0
       0
       0
       0
       2
       1
       0
       0
       0
       0
       0
       1
       0
       0
       1
       0
       0
       0
       0
       0
       0
       0
       2
       1
       0
       2
       2
       2
       1
       1
       0
       0
       0
       0
       0
       1
       0
       0
       0
       0
       1
       0
       0
       0
       0
       0
       0
       0
       0
       0
       0
       0
       0
       0
       0
       0
       1
       0
       0
       0
       0
       0
       0
       0
       0
       0
       0
       0
       0
       0
       0
       1
       0
       0
       0
       0
       0
       0
       0
       0
       0
       0
       0
       1
       2
       0
       0
       0
       0
       0
       0
       1
       1
       0
       1
       0
       0
       0
       0
       2
       0
       0
       0
       0
       0
       0
       0
       0
       0
       0
       0
       0
       0
       0
       0
       0
       0
       1
       2
       0
       0
       1
       0
       1
       1
       0
       1
       0
       1
       0
       0
       0
       0
       0
       0
       0
       0
       0
       0
       0
       0
       0
       1
       1
       1
       0
       1
       0
       0
       0
       0
       0
       0
       0
       0
       0
       1
       0
       0
       0
       0
       0
       0
       0
       0
       0
       0
       0
       0
       0
       1
       0
       1
       0
       1
       0
       0
       1
       0
       0
       0
       0
       1
       0
       1
       0
       0
       0
       0
       0
       0
       1
       0
       0
       0
       0
       0
       0
       0
       0
       0
       0
       0
       0
       0
       0
       0
       0
       0
       0
       0
       0
       0
       0
       0
       0
       0
       0
       0
       0
       0
       0
       0
       0
       0
       0
       0
       0
       1
       0
       0
       0
       1
       0
       1
       0
       0
       0
       1
       0
       0
       0
       0
       0
       0
       0
       0
       0
       0
       0
       0
       0
       0
       0
       0
       0
       0
       1
       0
       0
       0
       0
       0
       0
       0
       0
       0
       0
       0
       0
       0
       1
       0
       1
       0
       0
       0
       0
       0
       0
       1
       2
       1
       1
       0
       1
       0
       0
       1
       1
       0
       0
       0
       0
       0
       0
       0
       0
       1
       1
       0
       0
       0
       0
       0
       0
       1
       0
       0
       0
       0
       0
       1
       0
       0
       0
       0
       0
       0
       0
       0
       0
       0
       0
       0
       0
       0
       0
       0
       0
       0
       0
       0
       0
       0
       0
       0
       1
       0
       0
       0
       0
       0
       0
       1
       0
       0
       1
       2
       0
       1
       0
       0
       0
       0
       1
       1
       0
       0
       0
       0
       0
       0
       0
       0
       0
       0
       0
       0
       0
       0
       1
       0
       0
       0
       0
       0
       0
       1
       0
       0
       0
       1
       0
       0
       0
       0
       0
       0
       0
       0
       0
       0
       0
       0
       1
       0
       0
       1
       0
       0
       0
       0
       0
       0
       0
       0
       0
       0
       0
       0
       0
       0
       0
       0
       0
       0
       0
       0
       0
       0
       0
       0
       0
       0
       0
       0
       0
       0
       0
       0
       0
       0
       0
       0
       0
       0
       0
       0
       0
       0
       0
       0
       0
       0
       0
       0
       0
       0
       1
       0
       0
       0
       0
       0
       0
       0
       0
       0
       0
       0
       0
       0
       0
       0
       0
       0
       0
       0
       0
       0
       1
       0
       0
       1
       1
       0
       0
       0
       0
       0
       0
       0
       0
       0
       0
       0
       0
       1
       0
       0
       1
       0
       0
       0
       0
       1
       0
       0
       0
       0
       0
       0
       0
       0
       0
       0
       0
       0
       0
       0
       0
       0
       0
       0
       0
       0
       0
       0
       0
       1
       1
       0
       0
       0
       0
       0
       0
       0
       0
       0
       0
       0
       0
       0
       0
       1
       1
       0
       0
       1
       0
       0
       0
       0
       0
       0
       1
       0
       0
       0
       0
       0
       0
       0
       0
       0
       0
       0
       0
       0
       0
       1
       1
       0
       0
       0
       0
       0
       0
       0
       0
       1
       0
       0
       0
       0
       0
       1
       0
       0
       0
       0
       0
       0
       0
       1
       0
       0
       0
       0
       0
       1
       0
       0
       0
       0
       0
       0
       1
       0
       0
       0
       0
       0
       0
       0
       1
       0
       0
       0
       0
       0
       1
       0
       0
       0
       0
       0
       0
       0
       0
       0
       0
       0
       0
       0
       0
       0
       0
       0
       0
       0
       0
       0
       0
       0
       0
       0
       0
       0
       0
       0
       0
       0
       0
       1
       0
       0
       0
       0
       0
       0
       1
       0
       0
       0
       0
       0
       0
       0
       0
       0
       0
       0
       0
       0
       0
       0
       0
       0
       0
       0
       0
       1
       0
       0
       0
       0
       0
       0
       0
       0
       0
       1
       1
       0
       0
       1
       0
       0
       0
       0
       0
       0
       0
       0
       0
       0
       0
       0
       0
       0
       1
       0
       0
       0
       0
       0
       0
       0
       0
       0
       0
       0
       0
       0
       1
       0
       0
       0
       0
       0
       0
       0
       0
       0
       0
       0
       0
       0
       0
       0
       0
       0
       0
       0
       0
       0
       0
       0
       0
       0
       1
       0
       0
       0
       0
       0
       0
       0
       0
       0
       0
       0
       0
       0
       0
       0
       0
       0
       0
       0
       0
       0
       0
       0
       0
       0
       0
       1
       0
       0
       1
       0
       0
       0
       0
       0
       0
       0
       0
       0
       0
       2
       0
       0
       0
       0
       0
       0
       0
       0
       0
       0
       0
       0
       0
       0
       1
       0
       0
       0
       0
       1
       0
       0
       0
       0
       1
       0
       0
       0
       0
       0
       0
       0
       0
       0
       0
       0
       0
       0
       1
       1
       0
       0
       1
       0
       0
       0
       0
       0
       0
       0
       0
       0
       0
       0
       0
       0
       0
       0
       1
       0
       0
       0
       0
       0
       1
       0
       0
       0
       1
       0
       0
       0
       0
       0
       0
       0
       0
       0
       0
       0
       0
       0
       0
       0
       0
       0
       0
       0
       0
       0
       0
       0
       0
       0
       0
       0
       0
       0
       1
       0
       0
       0
       0
       0
       0
       0
       0
       0
       0
       0
       0
       1
       0
       0
       0
       0
       0
       0
       0
       0
       0
       0
       0
       0
       0
       0
       0
       0
       0
       0
       0
       0
       0
       0
       0
       0
       0
       0
       0
       0
       0
       0
       0
       0
       0
       0
       0
       0
       0
       1
       0
       0
       0
       0
       0
       0
       0
       0
       0
       0
       0
       0
       0
       0
       0
       0
       1
       0
       0
       0
       0
       0
       0
       0
       0
       0
       0
       0
       0
       0
       0
       0
       0
       0
       0
       0
       0
       0
       0
       0
       0
       0
       0
       0
       0
       0
       0
       0
       0
       0
       0
       0
       0
       0
       0
       0
       1
       0
       0
       1
       0
       0
       0
       0
       1
       0
       0
       0
       0
       0
       0
       0
       1
       0
       0
       0
       0
       0
       0
       0
       1
       0
       0
       0
       0
       0
       0
       0
       0
       0
       0
       0
       0
       0
       1
       1
       0
       0
       1
       0
       0
       1
       0
       0
       1
       0
       0
       0
       1
       0
       0
       0
       0
       1
       0
       0
       0
       0
       0
       0
       0
       0
       0
       0
       0
       0
       0
       1
       0
       0
       0
       0
       2
       0
       0
       0
       0
       1
       0
       0
       0
       0
       1
       0
       1
       0
       1
       1
       0
       0
       0
       0
       0
       0
       0
       0
       0
       0
       0
       0
       0
       0
       0
       0
       0
       0
       0
       0
       0
       0
       0
       0
       0
       0
       0
       1
       0
       0
       0
       1
       0
       0
       0
       0
       0
       0
       0
       0
       0
       0
       0
       0
       0
       0
       0
       0
       0
       0
       0
       0
       0
       0
       0
       0
       1
       0
       0
       0
       0
       0
       0
       0
       0
       0
       0
       0
       0
       0
       0
       1
       0
       0
       0
       0
       0
       0
       0
       0
       0
       0
       0
       0
       0
       0
       0
       0
       0
       0
       0
       0
       0
       0
       0
       0
       0
       0
       0
       0
       0
       0
       0
       0
       0
       0
       0
       0
       0
       0
       0
       0
       0
       1
       0
       0
       0
       0
       0
       0
       0
       0
       0
       0
       0
       0
       0
       0
       0
       0
       0
       0
       0
       0
       0
       1
       1
       0
       0
       0
       0
       0
       1
       0
       0
       0
       0
       0
       0
       0
       0
       0
       0
       0
       0
       0
       0
       0
       0
       0
       0
       0
       0
       1
       0
       0
       0
       0
       0
       0
       0
       0
       0
       0
       0
       0
       0
       0
       0
       0
       0
       0
       0
       0
       0
       0
       0
       0
       0
       0
       1
       0
       0
       0
       0
       0
       0
       0
       0
       0
       0
       0
       0
       0
       0
       0
       0
       1
       0
       0
       0
       0
       1
       1
       0
       0
       0
       0
       0
       0
       0
       0
       0
       0
       0
       1
       0
       0
       0
       0
       0
       0
       0
       0
       0
       0
       0
       0
       0
       0
       1
       0
       0
       0
       0
       0
       0
       0
       0
       0
       0
       0
       0
       0
       0
       0
       0
       0
       0
       0
       0
       0
       0
       0
       0
       0
       0
       0
       0
       0
       0
       0
       0
       0
       0
       0
       0
       0
       0
       0
       0
       0
       0
       0
       0
       0
       0
       0
       1
       0
       0
       0
       0
       0
       0
       0
       0
       0
       0
       0
       0
       0
       0
       0
       1
       1
       0
       0
       0
       0
       0
       0
       0
       0
       0
       0
       0
       0
       0
       0
       0
       0
       0
       0
       0
       0
       0
       0
       0
       0
       0
       0
       0
       1
       0
       1
       0
       1
       0
       0
       0
       0
       0
       1
       0
       0
       0
       0
       0
       0
       0
       0
       0
       0
       0
       0
       0
       0
       0
       0
       0
       0
       0
       0
       0
       0
       0
       0
       0
       0
       0
       0
       0
       0
       0
       0
       0
       0
       0
       0
       1
       1
       0
       0
       0
       0
       0
       0
       1
       0
       1
       1
       0
       0
       0
       0
       0
       0
       0
       0
       0
       0
       0
       0
       1
       0
       1
       1
       0
       0
       0
       0
       0
       0
       0
       0
       0
       0
       0
       0
       0
       0
       0
       0
       0
       0
       0
       0
       0
       0
       0
       0
       0
       0
       0
       0
       0
       0
       0
       0
       0
       0
       0
       0
       0
       0
       0
       0
       0
       0
       0
       0
       0
       1
       0
       0
       0
       0
       0
       0
       0
       0
       1
       1
       0
       0
       0
       0
       0
       0
       0
       0
       0
       0
       0
       1
       0
       0
       0
       0
       0
       0
       0
       0
       0
       0
       0
       0
       0
       0
       0
       0
       0
       0
       0
       0
       0
       0
       0
       0
       1
       0
       0
       0
       0
       0
       0
       0
       0
       1
       0
       0
       0
       0
       0
       0
       0
       0
       0
       0
       0
       0
       0
       0
       0
       0
       0
       0
       0
       0
       0
       0
       0
       0
       0
       0
       0
       0
       0
       0
       0
       0
       0
       0
       0
       0
       0
       0
       0
       0
       0
       0
       0
       0
       0
       0
       0
       0
       0
       0
       0
       0
       0
       0
       0
       0
       0
       0
       0
       0
       0
       0
       0
       0
       0
       0
       1
       0
       0
       0
       0
       0
       0
       0
       0
       0
       0
       0
       0
       0
       0
       0
       0
       0
       0
       0
       0
       0
       0
       0
       0
       0
       0
       0
       0
       0
       0
       0
       0
       1
       0
       0
       0
       0
       0
       0
       0
       0
       1
       1
       0
       1
       0
       0
       0
       0
       0
       0
       0
       0
       0
       0
       0
       0
       0
       0
       0
       0
       0
       0
       0
       0
       0
       0
       0
       0
       0
       0
       0
       0
       0
       0
       0
       0
       0
       0
       0
       0
       0
       0
       0
       0
       0
       0
       0
       0
       0
       0
       0
       0
       0
       0
       0
       0
       0
       0
       0
       0
       0
       0
       0
       0
       0
       0
       0
       0
       1
       0
       0
       0
       0
       0
       0
       0
       0
       1
       0
       0
       0
       0
       0
       0
       0
       0
       0
       0
       0
       0
       0
       0
       0
       0
       0
       0
       0
       0
       0
       0
       0
       0
       0
       0
       0
       0
       0
       0
       0
       0
       0
       0
       0
       0
       0
       0
       0
       0
       0
       0
       0
       0
       0
       0
       0
       0
       0
       0
       1
       0
       0
       0
       0
       0
       0
       0
       0
       0
       0
       0
       0
       0
       0
       0
       0
       0
       0
       0
       0
       0
       0
       0
       0
       0
       0
       0
       0
       0
       0
       0
       0
       0
       0
       0
       0
       0
       0
       0
       0
       0
       0
       0
       0
       0
       0
       0
       0
       1
       0
       0
       0
       0
       0
       0
       0
       0
       0
       0
       0
       0
       0
       0
       1
       0
       0
       0
       0
       0
       0
       0
       0
       0
       0
       0
       0
       0
       0
       0
       0
       0
       0
       0
       0
       0
       0
       0
       0
       0
       0
       0
       0
       0
       0
       0
       0
       0
       0
       0
       0
       0
       0
       0
       0
       0
       0
       0
       0
       0
       0
       0
       0
       0
       0
       0
       0
       0
       0
       0
       0
       0
       0
       0
       0
       0
       0
       0
       0
       0
       0
       0
       0
       0
       0
       0
       0
       0
       0
       1
       0
       0
       0
       0
       0
       0
       0
       0
       0
       0
       0
       0
       0
       0
       0
       0
       0
       1
       0
       0
       0
       0
       0
       0
       0
       0
       0
       0
       0
       0
       0
       0
       0
       0
       0
       0
       0
       0
       0
       0
       0
       0
       0
       0
       0
       0
       0
       0
       0
       0
       0
       0
       0
       0
       0
       0
       0
       0
       0
       0
       0
       0
       0
       0
       0
       0
       0
       0
       0
       0
       0
       0
       0
       0
       0
       0
       0
       0
       0
       1
       0
       0
       0
       0
       0
       0
       0
       0
       0
       0
       0
       0
       0
       0
       0
       0
       0
       0
       0
       0
       0
       0
       0
       0
       0
       0
       0
       0
       0
       0
       0
       0
       0
       0
       0
       0
       0
       0
       0
       0
       0
       0
       0
       0
       0
       0
       0
       0
       0
       0
       0
       0
       0
       0
       0
       0
       0
       0
       0
       0
       0
       0
       0
       0
       0
       0
       0
       0
       0
       0
       0
       1
       0
       0
       0
       0
       0
       0
       1
       0
       0
       0
       3
       4
       2
       1
       0
       0
       1
       1
       0
       0
       0
       0
       0
       0
       0
       0
       0
       0
       0
       0
       0
       0
       0
       0
       0
       0
       0
       0
       0
       0
       0
       0
       0
       0
       0
       0
       0
       0
       0
       0
       0
       0
       0
       0
       0
       0
       0
       0
       0
       0
       0
       0
       0
       0
       0
       0
       0
       0
       0
       0
       0
       0
       0
       0
       0
       0
       0
       0
       0
       0
       0
       0
       0
       0
       0
       0
       0
       0
       0
       0
       0
       0
       0
       0
       0
       0
       0
       0
       0
       0
       0
       0
       0
       0
       0
       0
       0
       0
       0
       0
       0
       0
       0
       0
       0
       0
       0
       0
       0
       0
       0
       0
       0
       0
       0
       0
       0
       0
       0
       0
       0
       0
       0
       0
       0
       0
       0
       0
       0
       0
       0
       0
       0
       0
       0
       0
       0
       0
       0
       0
       0
       0
       0
       0
       0
       0
       0
       0
       0
       0
       0
       0
       0
       0
       0
       0
       0
       0
       0
       0
       0
       0
       0
       0
       0
       0
       0
       0
       0
       0
       0
       0
       0
       0
       0
       0
       0
       0
       0
       0
       0
       0
       0
       0
       0
       0
       0
       0
       0
       0
       0
       0
       0
       0
       0
       0
       0
       0
       0
       0
       0
       0
       0
       0
       0
       0
       1
       0
       0
       0
       0
       0
       0
       0
       0
       0
       0
       0
       0
       0
       0
       0
       0
       0
       0
       0
       0
       0
       0
       0
       0
       0
       0
       0
       0
       0
       0
       0
       0
       0
       0
       0
       0
       0
       0
       0
       0
       0
       0
       0
       0
       0
       0
       0
       0
       0
       0
       0
       0
       0
       0
       0
       0
       0
       0
       0
       0
       0
       0
       0
       0
       0
       0
       0
       0
       0
       0
       0
       0
       0
       0
       0
       0
       0
       0
       0
       0
       0
       0
       0
       0
       0
       0
       0
       0
       0
       0
       1
       0
       0
       0
       0
       0
       0
       0
       0
       0
       0
       0
       0
       0
       0
       0
       0
       0
       0
       0
       0
       0
       0
       0
       0
       0
       0
       0
       0
       0
       0
       0
       0
       0
       0
       0
       0
       0
       0
       0
       0
       0
       0
       0
       0
       0
       0
       0
       0
       0
       0
       0
       0
       0
       0
       0
       0
       0
       0
       0
       0
       0
       0
       0
       0
       1
       0
       0
       0
       0
       0
       0
       0
       0
       0
       0
       0
       0
       0
       0
       0
       0
       0
       0
       0
       0
       0
       0
       0
       0
       0
       0
       0
       0
       0
       0
       0
       0
       0
       0
       0
       0
       0
       0
       0
       0
       0
       0
       0
       0
       0
       0
       0
       0
       0
       0
       0
       0
       0
       0
       0
       0
       0
       0
       0
       0
       0
       0
       1
       0
       0
       0
       0
       0
       0
       0
       0
       0
       0
       0
       0
       0
       0
       0
       0
       0
       0
       0
       0
       0
       0
       0
       0
       0
       0
       0
       0
       0
       0
       0
       0
       0
       0
       0
       0
       1
       0
       0
       0
       0
       0
       0
       0
       0
       0
       0
       0
       0
       0
       0
       0
       0
       0
       0
       0
       0
       0
       0
       0
       0
       0
       0
       0
       0
       0
       0
       0
       0
       0
       0
       0
       0
       0
       0
       0
       0
       0
       0
       0
       0
       0
       0
       0
       0
       0
       0
       0
       0
       0
       0
       0
       0
       0
       0
       0
       0
       0
       0
       0
       0
       0
       0
       0
       0
       0
       0
       0
       0
       0
       0
       0
       0
       0
       0
       0
       0
       0
       0
       0
       0
       0
       0
       0
       0
       0
       0
       0
       0
       0
       0
       0
       0
       0
       0
       0
       0
       0
       0
       0
       0
       0
       0
       0
       0
       0
       0
       0
       0
       0
       0
       0
       0
       0
       0
       0
       0
       0
       0
       0
       0
       0
       0
       0
       0
       0
       0
       0
       0
       0
       0
       0
       0
       0
       0
       0
       0
       0
       0
       0
       0
       0
       0
       0
       0
       0
       0
       0
       0
       0
       0
       0
       0
       0
       0
       0
       0
       0
       0
       0
       0
       0
       0
       0
       0
       0
       0
       0
       0
       0
       0
       0
       0
       0
       0
       0
       0
       0
       0
       0
       0
       0
       0
       0
       1
       0
       0
       0
       0
       0
       0
       0
       0
       0
       0
       0
       0
       0
       0
       0
       0
       0
       0
       1
       0
       0
       0
       0
       0
       0
       0
       0
       0
       0
       0
       0
       0
       0
       0
       0
       0
       0
       0
       0
       0
       0
       0
       0
       0
       0
       0
       0
       0
       0
       0
       0
       0
       0
       0
       0
       0
       0
       0
       0
       0
       0
       0
       0
       0
       0
       0
       0
       0
       0
       0
       1
       0
       0
       0
       0
       0
       0
       0
       0
       0
       0
       0
       0
       0
       0
       0
       0
       0
       0
       0
       0
       0
       0
       0
       0
       0
       0
       0
       0
       0
       0
       0
       0
       0
       0
       0
       0
       0
       0
       0
       0
       0
       0
       0
       0
       0
       0
       0
       0
       0
       0
       0
       0
       0
       0
       0
       0
       0
       0
       0
       0
       0
       0
       0
       0
       0
       0
       0
       0
       0
       0
       0
       0
       0
       0
       0
       0
       0
       0
       0
       0
       0
       0
       0
       0
       0
       0
       0
       0
       0
       0
       0
       0
       0
       0
       0
       0
       0
       0
       0
       0
       0
       0
       0
       0
       0
       0
       0
       0
       0
       0
       0
       0
       0
       0
       0
       0
       0
       0
       0
       0
       0
       0
       0
       0
       0
       0
       0
       0
       0
       0
       0
       0
       0
       0
       0
       0
       0
       0
       0
       0
       0
       0
       0
       0
       0
       0
       0
       0
       0
       0
       0
       0
       0
       0
       0
       0
       0
       0
       0
       0
       0
       0
       0
       0
       0
       0
       0
       0
       0
       0
       0
       0
       0
       0
       0
       0
       0
       0
       0
       0
       0
       0
       0
       1
       0
       0
       0
       0
       0
       0
       0
       0
       0
       0
       0
       0
       0
       0
       0
       0
       0
       0
       0
       0
       0
       0
       0
       0
       0
       0
       0
       0
       0
       0
       0
       0
       0
       0
       0
       0
       0
       0
       0
       0
       0
       0
       0
       0
       0
       0
       0
       0
       0
       0
       0
       0
       0
       0
       0
       0
       0
       0
       0
       0
       0
       0
       0
       0
       0
       0
       0
       0
       0
       0
       0
       0
       0
       0
       0
       0
       0
       0
       0
       0
       0
       0
       0
       0
       0
       0
       0
       0
       0
       0
       0
       0
       0
       0
       0
       0
       0
       0
       0
       0
       0
       0
       0
       0
       0
       0
       0
       0
       0
       0
       0
       0
       0
       0
       0
       0
       0
       0
       0
       0
       0
       1
       0
       0
       0
       0
       0
       0
       0
       0
       0
       0
       0
       0
       0
       0
       0
       0
       0
       0
       0
       0
       0
       0
       0
       0
       0
       0
       0
       0
       0
       0
       0
       0
       0
       0
       0
       0
       0
       0
       0
       0
       0
       0
       0
       0
       0
       0
       0
       0
       0
       0
       0
       0
       0
       0
       0
       0
       0
       0
       0
       0
       0
       0
       0
       0
       0
       0
       0
       0
       0
       0
       0
       0
       0
       0
       0
       0
       0
       0
       0
       0
       0
       0
       0
       0
       0
       0
       0
       0
       0
       0
       0
       0
       0
       0
       0
       0
       0
       0
       0
       0
       0
       0
       0
       0
       0
       0
       0
       0
       0
       0
       0
       0
       0
       0
       0
       0
       0
       0
       0
       0
       0
       0
       0
       0
       0
       0
       0
       0
       0
       0
       0
       0
       0
       0
       0
       0
       0
       0
       0
       0
       0
       0
       0
       0
       0
       0
       0
       0
       0
       0
       0
       0
       0
       0
       0
       0
       0
       0
       0
       0
       0
       0
       0
       0
       0
       0
       0
       0
       0
       0
       0
       0
       0
       0
       0
       0
       0
       0
       0
       0
       0
       0
       0
       0
       0
       0
       0
       0
       0
       0
       0
       0
       0
       0
       0
       0
       0
       0
       0
       0
       0
       0
       0
       0
       0
       0
       0
       0
       0
       0
       0
       0
       0
       0
       0
       0
       0
       0
       0
       0
       0
       0
       0
       0
       0
       0
       0
       0
       0
       0
       0
       0
       0
       0
       0
       0
       0
       0
       0
       0
       0
       0
       0
       0
       0
       0
       0
       0
       0
       0
       0
       0
       0
       0
       0
       0
       0
       0
       0
       0
       0
       0
       0
       0
       0
       0
       0
       0
       0
       0
       0
       0
       0
       0
       0
       0
       0
       0
       0
       0
       0
       0
       0
       0
       0
       0
       0
       0
       0
       0
       0
       0
       0
       0
       0
       0
       0
       0
       0
       0
       0
       0
       0
       0
       0
       0
       0
       0
       0
       0
       0
       0
       0
       0
       0
       0
       0
       0
       0
       0
       0
       0
       0
       0
       0
       0
       0
       0
       0
       0
       0
       0
       0
       0
       0
       0
       0
       0
       0
       0
       0
       0
       0
       0
       0
       0
       0
       0
       0
       0
       0
       0
       0
       0
       0
       0
       0
       0
       0
       0
       0
       0
       0
       0
       0
       0
       0
       0
       0
       0
       0
       0
       0
       0
       0
       0
       0
       0
       0
       0
       0
       0
       0
       0
       0
       0
       0
       0
       0
       0
       0
       0
       0
       0
       0
       0
       0
       0
       0
       0
       0
       0
       0
       0
       0
       0
       0
       0
       0
       0
       0
       0
       0
       0
       0
       0
       0
       0
       0
       0
       0
       0
       0
       0
       0
       0
       0
       0
       0
       0
       0
       0
       0
       0
       0
       0
       0
       0
       0
       0
       0
       0
       0
       0
       0
       0
       0
       0
       0
       0
       0
       0
       0
       0
       0
       0
       0
       0
       0
       0
       0
       0
       0
       0
       0
       0
       0
       0
       0
       0
       0
       0
$ROI:
0
$PRESETS:
Real Time
180
0
$ENER_FIT:
0.888569 0.390988
$MCA_CAL:
3
8.885689E-001 3.909876E-001 3.191953E-008 keV
$SHAPE_CAL:
3
0.000000E+000 0.000000E+000 0.000000E+000
