$SPEC_ID:
1
$SPEC_REM:
DET# 2
DETDESC# MCB 130 Normal
AP# Maestro Version 7.01
$DATE_MEA:
09/26/2019 09:13:00
$MEAS_TIM:
178 180
$DATA:
0 8191
       0
       0
       0
       0
       0
       0
       0
       0
       0
       0
       0
       0
       0
       0
       0
       0
       0
       0
       0
       0
       0
       0
       0
       0
       0
       0
      11
     342
      94
      47
      63
     114
     129
     139
     145
     102
      79
      93
      93
     110
     122
     132
     120
     142
     135
     105
      89
      72
      85
      94
      95
      70
      93
      73
      68
      62
      68
      76
      91
      98
      84
      75
      60
      66
      85
      71
      71
      79
     100
     131
     182
     176
     134
     102
     103
     135
     156
     163
     124
     111
     108
     101
      85
      79
      93
      96
     121
     122
     247
     298
     332
     211
      99
      70
      62
      75
      84
      65
      89
      65
      78
     143
     167
     107
     101
      73
      74
      77
      57
      70
      68
      78
      67
      71
      90
      86
      74
      75
      76
      76
      63
      65
      63
      68
     118
     140
     110
      90
      63
      76
      76
      89
      68
      77
      93
      77
      78
      80
      83
      52
      80
      83
      87
     101
     143
     163
     132
      90
      81
     106
     104
      91
      99
      71
     102
      82
     107
      80
      95
      86
     105
      72
      83
      94
      95
      77
      94
      92
     121
     106
     119
      90
     103
      78
     100
     104
      98
      94
     109
     115
     119
     108
     122
     107
     131
     128
     131
     111
     116
     124
     182
     131
     107
     129
     129
     117
     109
     130
     118
     134
     121
     111
     136
     134
     183
     258
     247
     174
     147
     122
     116
     101
     116
     124
     152
     151
     122
     129
     109
     155
     158
     131
     121
     123
     135
     126
     133
     111
     139
     111
     126
     169
     151
     131
     121
     139
     132
     112
     121
     154
     170
     168
     163
     139
     129
     133
     116
     114
     140
     181
     208
     237
     229
     259
     209
     155
     143
     108
     123
     104
     120
     131
     195
     296
     332
     255
     148
     126
     214
     292
     374
     280
     154
     116
      95
     119
     109
     126
     107
      95
     102
     125
     131
     142
     134
     111
     126
     111
     116
     103
     127
     111
     114
     104
     128
     141
     138
     136
     157
     134
     127
     119
     106
     107
      96
     105
     116
     123
     116
     125
     105
     116
     113
     102
     108
     112
      94
     119
     116
      86
     121
      95
      91
     108
     109
     116
     106
     105
      85
      98
     103
      99
      94
      98
     100
      91
      94
     111
     121
      99
      97
      96
     114
      96
     105
      80
     104
     103
      98
      98
      96
      85
      83
      89
      98
     112
     236
     496
     692
     482
     244
      99
      87
      86
     100
      90
      88
      92
      73
     107
     104
     129
      96
      96
      99
      81
      60
      71
     101
      79
      83
      94
      93
      82
      80
      88
     102
      89
      71
      82
      98
      87
      92
      75
      95
      93
      76
      69
      95
      73
      72
      86
      63
      70
      71
      75
      62
      71
      60
      65
      79
      69
      67
      81
      89
      88
      78
      85
      78
      76
      69
      79
      71
      68
      79
      62
      65
      81
      80
      72
      76
      71
      67
      80
      72
      65
      73
      67
      85
      65
      67
      84
      62
      69
      64
      66
      80
      62
      76
      58
      67
      57
      59
      65
      67
      67
      58
      64
      57
      56
      62
      78
      98
      89
      77
      65
      62
      54
      69
      62
      64
      72
      70
      68
      62
      83
      74
      91
      76
      66
      83
      55
      47
      61
      65
      58
      65
      62
      54
      55
      63
      48
      58
      39
      62
      56
      42
      54
      66
      57
      62
      50
      65
      62
      47
      50
      50
      68
      68
      53
      52
      49
      53
      45
      52
      56
      51
      71
      54
      64
      45
      48
      57
      48
      46
      60
      59
      44
      47
      51
      48
      54
      49
      57
      73
      80
      80
      59
      48
      46
      46
      48
      45
      42
      42
      38
      44
      57
      53
      52
      46
      54
      48
      41
      52
      62
      41
      52
      41
      37
      38
      40
      45
      51
      41
      42
      52
      48
      59
      49
      44
      37
      46
      47
      37
      36
      42
      48
      46
      51
      76
     150
     312
     347
     257
     150
      68
      45
      37
      40
      44
      52
      46
      40
      34
      39
      42
      40
      37
      44
      44
      50
      43
      42
      41
      37
      35
      35
      40
      70
      55
      50
      40
      31
      42
      38
      45
      41
      39
      41
      21
      31
      41
      21
      31
      39
      31
      31
      27
      38
      39
      23
      38
      30
      30
      48
     141
     289
     368
     274
     125
      51
      34
      33
      24
      41
      38
      38
      34
      32
      49
      39
      34
      35
      27
      34
      34
      30
      34
      39
      32
      29
      39
      40
      29
      32
      32
      24
      35
      30
      42
      37
      33
      32
      36
      26
      36
      28
      44
      34
      38
      33
      35
      38
      39
      33
      31
      32
      26
      36
      32
      29
      40
      29
      34
      23
      41
      30
      24
      32
      28
      26
      22
      31
      41
      18
      41
      41
      63
     111
      92
      64
      33
      30
      32
      25
      27
      25
      27
      32
      26
      33
      19
      25
      22
      34
      26
      50
      27
      36
      48
      36
      30
      39
      22
      26
      23
      24
      28
      28
      34
      27
      19
      30
      27
      21
      33
      70
     123
     228
     210
     116
      42
      34
      43
      48
      41
      28
      29
      26
      19
      37
      59
      53
      49
      49
      29
      26
      23
      25
      17
      27
      27
      29
      31
      23
      24
      23
      38
      24
      26
      23
      23
      27
      13
      18
      20
      33
      40
      25
      20
      33
      23
      20
      22
      27
      19
      29
      21
      21
      33
      28
      23
      21
      24
      21
      28
      44
      54
      54
      50
      39
      28
      18
      36
      38
      31
      26
      28
      34
      24
      25
      22
      17
      22
      23
      22
      25
      20
      18
      22
      18
      24
      16
      24
      27
      14
      23
      30
      28
      31
      31
      28
      21
      29
      17
      21
      18
      24
      27
      20
      21
      27
      24
      39
      19
      21
      28
      21
      21
      30
      33
      23
      22
      21
      28
      28
      22
      24
      28
      30
      22
      16
      20
      13
      20
      24
      30
      20
      24
      33
      26
      26
      23
      22
      25
      23
      25
      21
      24
      18
      16
      20
      29
      18
      26
      35
      38
      42
      37
      39
      23
      24
      18
      14
      23
      24
      31
      35
      24
      20
      16
      10
      21
      24
      11
      20
      19
      12
      16
      21
      19
      16
      16
      17
      22
      18
       6
      18
      16
      37
      52
      62
      64
      26
      25
      16
      24
       9
      21
      16
      13
      16
      11
      20
      19
      18
      20
      28
      16
      17
      22
       9
      19
      22
      17
      16
      24
      18
      19
      14
      14
      17
      15
      17
      15
      11
      16
      15
      13
       9
      16
      20
      10
      21
      15
      13
      10
      15
      20
      14
      13
      19
      14
      22
      14
      15
      18
      13
      17
      15
      23
      21
      17
      15
      21
      11
      17
      18
      17
      15
      11
      15
      12
      17
      21
      14
      12
      21
      12
      18
      11
      18
      14
      17
      14
      10
      15
      15
      15
      18
      15
      12
      13
      18
      16
      12
      11
      18
      15
      14
      15
      13
       3
      18
      17
       6
      18
       5
      15
      21
      14
      16
      16
      19
      18
      12
      12
      12
       6
      13
      16
      13
       6
      13
      15
      14
      15
      21
      13
      14
      14
      21
      13
      18
      21
      10
      18
      12
      14
      12
      10
      15
      15
      10
      16
      11
      13
       9
       8
      17
      16
      15
      10
       9
      17
      11
       9
       7
       6
      13
      15
      16
      19
       9
      13
      22
      14
      19
       9
      13
      10
      17
      10
      10
      14
      14
      20
      15
       6
       8
      16
       8
      14
      11
       9
      15
      16
       9
      18
      14
      14
      11
       6
      12
      15
      18
      20
      11
      16
      11
      11
      13
      15
      12
      13
      13
      10
      15
      13
      12
      20
      14
      13
      16
      15
      16
      12
      14
       9
      13
       7
       9
       6
       8
      13
      18
      10
      15
      22
       9
       7
      11
      12
      14
      11
      10
      11
      20
      10
      14
      14
      11
      17
      17
       7
      12
      17
      13
       6
      16
      15
       5
      15
      18
      18
      19
      17
      12
      13
      11
      13
      12
      12
      11
      22
      26
      29
      25
      24
      11
      16
      13
      12
      16
      12
      12
      13
      10
      12
      10
      10
      12
       8
      13
      10
      14
      12
      12
      20
       9
      13
      15
      13
      16
       9
       6
      11
      12
      12
      16
      13
      14
      20
      13
      17
      14
       8
      13
      14
      13
       8
      10
      11
      19
      27
      29
      23
      13
       8
      12
       7
      14
      14
      17
      15
      10
      13
      10
      12
       7
      11
       9
      16
       9
       9
      12
      12
       8
       8
      20
      28
      15
      20
      14
       8
      12
      10
       7
       3
      12
       9
      14
      10
       8
      12
      12
      10
      12
      13
       8
      12
      12
      16
      15
      11
      11
      13
      15
      17
      13
      13
      19
      14
      13
      18
      16
      17
      14
      14
      14
       7
      11
       7
      16
      15
      12
       7
      10
      11
       3
      12
      11
      14
       8
      11
      15
       6
      12
      19
      13
      10
       7
       9
      10
      16
      29
      31
      24
      14
      14
      12
      13
      11
      12
      11
      16
      11
      15
       7
      20
      11
      27
      56
     106
     164
     170
     107
      62
      24
      17
      13
       8
      13
      11
       5
       9
      14
       4
       6
      14
       9
      11
      30
      25
      19
      17
       9
      17
       4
       9
      10
      11
       5
      15
       8
       9
       5
       8
      11
       9
       8
       4
      10
       8
      15
       8
      15
       8
      12
      14
       7
       8
       6
       9
      10
       9
       9
      16
       7
       8
      17
       7
       6
      10
       3
       7
       7
       7
      18
      39
      38
      34
      23
      20
      14
       8
      11
       8
       5
       6
       5
       9
       9
       8
       5
      12
       7
       6
       7
       6
       5
      13
       7
       6
       3
       8
       7
       4
       6
       7
       6
       5
       7
       3
       6
       6
       4
       4
       5
       6
       5
       6
       5
       7
       8
      14
       3
       5
       9
       5
      10
       7
       6
       6
       5
      10
       4
       2
       6
       8
       2
       7
       8
       7
       5
       7
       6
       7
       4
       3
       8
      15
       6
       8
       8
       7
      11
       7
       4
       5
       2
      11
       2
       3
       9
       7
       7
       3
       4
       6
       7
       5
       4
       6
       6
       6
       9
       6
       2
       4
       3
       6
       4
       8
       6
       3
       7
       5
       3
       7
      10
       7
       9
       6
       5
       3
       7
       5
      10
       6
       6
       7
      11
       4
      15
       9
       9
       8
       4
      12
       6
       7
      10
       6
       2
      13
      15
      23
      29
      20
      15
       9
       4
       9
       5
       7
       4
       4
       8
       6
       2
       4
       4
       8
       4
       4
       3
       4
       9
       6
       8
       4
       3
      11
       5
       5
      12
       8
       4
       4
       4
       5
       9
       6
       0
      15
       5
       4
       5
       6
       5
       6
       3
       8
       5
       5
       4
       2
       7
      14
      10
      18
      17
      14
       5
       9
       9
       8
       4
       3
       7
       4
       6
       4
       4
       5
       4
       4
       8
       5
       9
       3
       5
       2
       5
       2
       6
       9
       6
      10
       8
       5
       7
       4
       6
       6
       4
       4
       3
       7
       2
       4
       4
       5
       6
       6
       6
       1
       3
       5
       4
      12
       6
       7
       7
       7
       8
       5
       4
      10
      12
       8
       8
       4
       2
       5
       5
       5
       5
      11
      16
      70
     105
     128
     102
      62
      17
       9
       6
       4
       5
       5
       4
       8
       4
       0
       4
       2
       8
      20
      17
      15
       5
       8
      14
      43
      63
     110
      97
      68
      32
      18
      10
      12
       5
       9
       4
       8
       4
       6
       9
       2
       2
       6
       1
       3
       2
       6
       1
       3
       5
       2
       5
       4
       2
       2
       1
       7
       4
       3
      10
       3
       4
       2
       3
       4
       5
       4
       4
       3
       1
       2
       2
       5
       5
       4
       5
       2
       6
       4
       0
       2
       1
       2
       4
       2
       6
       5
       5
       3
       3
       1
       2
       5
       4
       6
       1
       4
       6
       1
       5
       8
       2
       6
       5
       3
       4
       8
       1
       4
       4
       3
       8
       2
       7
       4
       6
       4
       8
       5
       6
       5
       5
       6
       3
       4
       6
       5
       7
       5
       2
       3
       2
       3
       5
       3
       4
       0
       4
       2
       2
       3
       2
       1
       5
       4
       7
       5
       3
       8
       2
       2
       5
       4
       3
       4
       5
       1
       2
       4
       4
       4
       3
       4
       3
       9
      10
      13
       6
       7
      10
      12
       9
       8
       7
       2
       1
      12
       8
       2
       7
       8
       8
       1
       4
       3
       3
       3
       5
       3
       1
       2
       6
       2
       4
       3
       2
       3
       5
       4
       6
       4
       4
       1
       2
       2
       3
       7
       6
       8
      14
      20
      12
      21
       8
       5
       3
       6
      20
      42
      80
      85
      81
      58
      41
      12
      11
       3
       2
       3
       4
       0
       4
       2
       3
       3
      12
      12
      12
       4
       6
       5
       4
       4
       5
       5
       2
       1
       3
       1
       2
       2
       1
       5
       5
      13
       8
       4
       2
       2
       5
       2
       5
       2
       2
       1
       2
       2
       3
       2
       1
       3
       2
       3
       1
       4
       6
       5
       4
       4
       3
       2
       2
       3
       7
       5
       7
       5
       3
       3
       4
       2
      12
      15
      28
      67
      64
      55
      39
      29
      13
       6
       3
       3
       2
       2
       4
       7
       4
       9
      13
       7
       5
       5
       0
       2
       4
       3
       5
       4
       2
       5
       3
       2
       3
       1
       3
       2
       1
       5
       4
       1
       4
       5
       1
       1
       4
       3
       2
       2
       3
       1
       2
       1
       2
       2
       1
       4
       3
       0
       3
       4
       0
       8
       4
       3
       4
       5
       3
       1
       0
       6
       2
       2
       1
       3
       3
       3
       1
       2
       3
       3
       6
       3
       3
       1
       2
       1
       1
       1
       4
       5
       5
       2
       5
       1
       3
       5
       3
       3
       4
       1
      10
       6
       4
       2
       2
       2
       8
       5
       5
       4
       6
       4
       9
       6
       6
       3
       6
       4
       2
       4
       5
       4
       4
       4
       2
       3
       2
       3
       3
       1
       4
       3
       3
       4
       2
       3
       4
       4
       1
       4
       0
       2
       2
       1
       2
       2
       1
       1
       6
       2
       2
       0
       1
       2
       3
       2
       2
       2
       1
       4
       2
       0
       1
       4
       2
       4
       5
       5
       1
       1
       1
       1
       2
       2
       2
       2
       4
       2
       1
       2
       2
       2
       0
       0
       1
       1
       1
       1
       3
       2
       1
       1
       1
       0
       4
       3
       3
       2
       3
       1
       1
       2
       2
       3
       4
       1
       3
       2
       1
       5
       3
       3
       3
       2
       0
       5
       0
       6
       4
       3
       5
       2
       3
       3
       2
       0
       3
       1
       2
       2
       1
       3
       3
       5
       5
       1
       4
       3
       3
       3
       2
       1
       2
       2
       3
       6
       4
       3
       3
       8
       4
       0
       0
       1
       1
       3
       2
       1
       4
       2
       3
       0
       4
       3
       2
       2
       4
       4
       8
       9
       5
       5
       6
       3
       1
       6
      12
      18
      14
      10
      10
       6
       1
       2
       0
       0
       2
       1
       4
       1
       8
       4
       0
       1
       1
       4
       2
       1
       1
       1
       3
       2
       7
       8
       3
       5
       3
       1
       2
       0
       2
       0
       3
       3
       4
       0
       3
       1
       4
       1
       2
       2
       1
       1
       0
       2
       2
       3
       1
       1
       2
       4
       3
       0
       2
       1
       0
       1
       4
       0
       1
       1
       3
       1
       1
       3
       4
       2
       1
       2
       3
       0
       1
       3
       2
       1
       3
       3
       5
       9
       8
       3
       0
       1
       0
       1
       4
       2
       1
       2
       2
       1
       1
       3
       2
       2
       1
       2
       2
       4
       1
       5
       2
       5
       3
       0
       1
       0
       1
       0
       2
       0
       1
       3
       1
       5
       2
       2
       1
       1
       1
       1
       1
       3
       1
       0
       3
       2
       4
       0
       3
       5
       2
       2
       2
       4
       8
       1
       3
       4
       1
       4
       0
       5
       3
       0
       3
       2
       3
       4
       1
       0
       1
       2
       1
       5
       2
       1
       1
       2
       1
       1
       1
       1
       0
       2
       2
       3
       2
       2
       3
       1
       3
       5
       2
       1
       1
       1
       1
       2
       0
       2
       1
       2
       0
       1
       3
       1
       8
       8
       8
      16
      10
       7
       3
       3
       1
       2
       2
       1
       3
       2
       2
       0
       4
       2
       4
       2
       4
       3
       3
       1
       4
       5
       3
       5
       2
       3
      10
       9
      10
       8
       4
       3
       5
       3
       4
       6
       2
       3
       1
       1
       2
       2
       1
       3
       2
       3
       2
       2
       1
       1
       1
       0
       3
       3
       0
       2
       2
       1
       4
       4
       2
       0
       1
       1
       0
       2
       1
       0
       2
       1
       4
       1
       2
       1
       1
       4
       0
       2
       0
       1
       0
       2
       0
       1
       0
       2
       0
       0
       2
       1
       1
       0
       2
       3
       0
       2
       0
       1
       3
       2
       5
       2
       5
       1
       3
       1
       2
       1
       6
       1
       3
       0
       0
       1
       4
       2
       2
       1
       5
       3
       7
       3
       3
       0
       2
       3
       4
       3
       2
       3
       3
       0
       1
       3
       1
       1
       1
       1
       0
       2
       3
       2
       0
       0
       2
       0
       2
       1
       3
       2
       0
       1
       0
       1
       4
       1
       0
       1
       2
       3
       2
       1
       2
       2
       1
       0
       4
       4
       3
       2
       2
       3
       2
       5
       3
       7
       9
      10
      12
       4
       4
       3
       3
       1
       3
       1
       1
       1
       1
       0
       3
       0
       0
       1
       1
       3
       2
       2
       4
       1
       2
       4
       2
       2
       2
       1
       2
       1
       1
       2
       1
       4
       4
       2
       0
       2
       1
       3
       1
       1
       2
       1
       0
       1
       1
       0
       0
       1
       2
       1
       2
       1
       3
       3
       0
       0
       2
       3
       4
       1
       0
       5
       0
       0
       0
       2
       0
       0
       1
       4
       4
       1
       1
       1
       3
       0
       1
       2
       1
       1
       1
       2
       1
       0
       1
       2
       1
       2
       0
       4
       1
       4
       0
       1
       1
       0
       1
       3
       2
       2
       1
       3
       1
       1
       1
       2
       2
       2
       2
       3
       2
       0
       1
       3
       3
       1
       2
       0
       1
       1
       1
       2
       2
       0
       2
       0
       2
       1
       4
       1
       2
       3
       3
       0
       2
       1
       1
       1
       1
       5
       1
       1
       2
       2
       3
       0
       3
       2
       0
       3
       2
       0
       1
       1
       3
       3
       4
       1
       0
       4
       1
       2
       2
       1
       0
       1
       1
       1
       0
       3
       0
       0
       1
       2
       2
       3
       4
       1
       2
       1
       4
       3
       1
       4
       1
       0
       0
       2
       1
       1
       2
       2
       1
       2
       4
       1
       1
       1
       1
       1
       2
       1
       4
       3
       2
       0
       0
       1
       0
       1
       0
       2
       2
       1
       0
       2
       2
       1
       2
       3
       2
       2
       0
       2
       1
       0
       0
       3
       2
       2
       5
       4
       2
       0
       2
       0
       1
       2
       0
       8
       4
       6
       6
       6
       8
       2
       1
       2
       1
       0
       2
       0
       1
       2
       2
       1
       3
       1
       5
       2
       0
       0
       1
       1
       1
       1
       0
       0
       3
       0
       0
       1
       2
       3
       2
       3
       0
       0
       2
       1
       0
       2
       2
       3
       2
       5
       4
       1
       0
       0
       2
       1
       1
       1
       1
       1
       1
       0
       2
       0
       0
       2
       2
       3
       2
       2
       3
       2
       2
       2
       0
       1
       5
       2
       1
       2
       1
       1
       0
       2
       0
       0
       3
       1
       1
       3
       1
       1
       0
       1
       3
       2
       0
       3
       1
       2
       3
       1
       4
       1
       2
       2
       1
       1
       3
       2
       1
       2
       1
       2
       1
       2
       1
       1
       0
       2
       2
       3
       2
       2
       0
       0
       2
       0
       1
       1
       0
       0
       1
       1
       2
       1
       0
       3
       2
       2
       2
       5
       8
       4
       4
       4
       1
       1
       1
       1
       3
       5
       6
       4
       3
       1
       1
       2
       2
       1
       1
       0
       0
       1
       2
       0
       3
       0
       1
       2
       1
       1
       0
       0
       0
       0
       0
       0
       1
       0
       0
       0
       1
       2
       0
       1
       5
       0
       0
       1
       3
       2
       1
       0
       3
       1
       2
       1
       1
       0
       1
       4
       1
       2
       1
       1
       1
       2
       2
       0
       3
       0
       1
       4
       2
       2
       0
       1
       1
       0
       1
       0
       0
       3
       1
       0
       3
       1
       4
       1
       3
       3
       1
       0
       0
       3
       0
       1
       0
       1
       2
       1
       1
       3
       0
       2
       1
       2
       2
       1
       3
       0
       1
       0
       1
       2
       1
       1
       1
       1
       0
       1
       0
       2
       0
       2
       2
       1
       1
       0
       1
       0
       2
       1
       3
       1
       0
       2
       3
       1
       4
       1
       1
       2
       2
       1
       1
       1
       1
       3
       1
       2
       2
       0
       0
       1
       1
       0
       0
       0
       1
       1
       1
       3
       2
       7
       2
       1
       6
       0
       3
       1
       0
       0
       0
       1
       2
       0
       1
       3
       0
       2
       1
       2
       1
       1
       2
       1
       1
       1
       1
       0
       0
       2
       1
       3
       0
       0
       1
       1
       0
       0
       0
       1
       0
       0
       1
       2
       2
       0
       0
       1
       0
       2
       0
       0
       0
       0
       1
       1
       1
       4
       2
       2
       7
       4
       6
       4
       1
       1
       2
       1
       1
       0
       1
       1
       2
       1
       1
       0
       0
       1
       0
       2
       2
       0
       1
       0
       2
       1
       1
       1
       1
       2
       4
       5
       1
       1
       0
       3
       0
       2
       1
       0
       0
       2
       1
       1
       2
       1
       1
       1
       2
       0
       0
       1
       1
       2
       3
       2
       1
       1
       1
       1
       1
       2
       3
       1
       1
       1
       0
       1
       1
       1
       0
       0
       0
       1
       0
       1
       1
       1
       0
       2
       1
       0
       2
       1
       2
       0
       3
       1
       3
       2
       1
       2
       2
       0
       0
       1
       1
       4
       2
       1
       3
       0
       1
       0
       1
       0
       0
       2
       0
       1
       0
       1
       1
       1
       0
       0
       0
       0
       2
       1
       0
       0
       1
       0
       1
       2
       2
       0
       0
       1
       1
       2
       4
       0
       3
       0
       2
       0
       0
       0
       1
       1
       0
       0
       1
       1
       1
       2
       0
       0
       1
       1
       2
       2
       0
       1
       1
       0
       0
       0
       1
       0
       0
       0
       0
       2
       1
       0
       1
       0
       0
       0
       1
       1
       2
       1
       2
       1
       0
       2
       1
       0
       0
       1
       5
       5
       5
       6
       7
       2
       1
       1
       1
       3
       0
       2
       0
       2
       0
       0
       1
       1
       0
       0
       0
       1
       2
       2
       0
       1
       1
       0
       0
       0
       1
       1
       0
       0
       1
       0
       0
       1
       0
       1
       0
       0
       1
       1
       0
       1
       0
       0
       0
       1
       1
       1
       1
       0
       3
       0
       2
       1
       1
       0
       1
       0
       1
       0
       0
       1
       2
       0
       0
       3
       0
       0
       0
       1
       2
       2
       0
       1
       1
       1
       1
       0
       3
       0
       1
       0
       1
       0
       0
       0
       0
       0
       0
       0
       0
       0
       1
       0
       0
       1
       0
       0
       0
       3
       0
       0
       0
       1
       0
       0
       0
       0
       2
       0
       0
       1
       2
       1
       0
       1
       1
       0
       0
       0
       0
       0
       2
       0
       1
       1
       1
       2
       1
       2
       3
       1
       2
       0
       1
       1
       1
       0
       0
       0
       2
       0
       0
       0
       0
       0
       0
       0
       0
       1
       1
       0
       0
       1
       0
       1
       3
       0
       0
       1
       1
       2
       1
       0
       2
       3
       1
       5
       3
       2
       3
       2
       1
       1
       1
       1
       0
       0
       0
       0
       0
       1
       0
       0
       0
       2
       0
       0
       0
       1
       2
       2
       1
       0
       3
       0
       0
       1
       2
       1
       1
       1
       0
       0
       0
       1
       1
       1
       0
       0
       0
       0
       0
       4
       0
       2
       0
       1
       1
       0
       0
       1
       0
       1
       0
       1
       1
       1
       0
       1
       1
       1
       0
       1
       2
       2
       0
       0
       0
       0
       0
       2
       1
       2
       0
       0
       1
       0
       1
       0
       0
       1
       1
       0
       0
       0
       0
       0
       0
       0
       0
       0
       0
       0
       0
       2
       0
       1
       1
       0
       0
       0
       1
       0
       2
       0
       0
       0
       1
       1
       2
       1
       0
       2
       0
       0
       1
       0
       0
       0
       1
       0
       0
       0
       0
       0
       1
       1
       1
       1
       0
       0
       0
       1
       0
       0
       1
       0
       0
       0
       0
       0
       0
       2
       0
       1
       2
       1
       0
       1
       1
       2
       5
       9
       8
      21
      26
      16
      17
       7
       5
       4
       2
       0
       0
       0
       1
       1
       1
       0
       0
       0
       1
       0
       0
       0
       2
       1
       0
       1
       0
       0
       0
       0
       0
       0
       0
       0
       0
       0
       0
       1
       0
       1
       1
       0
       0
       1
       0
       0
       0
       0
       0
       0
       0
       0
       0
       1
       0
       0
       0
       0
       0
       1
       0
       1
       0
       0
       2
       2
       0
       0
       1
       0
       1
       0
       1
       0
       0
       1
       1
       1
       0
       0
       0
       0
       0
       1
       0
       0
       1
       0
       2
       2
       2
       0
       0
       0
       0
       0
       1
       0
       1
       0
       1
       0
       1
       0
       1
       0
       0
       0
       1
       0
       0
       0
       0
       0
       1
       0
       0
       0
       0
       0
       0
       0
       1
       1
       0
       1
       0
       1
       0
       2
       1
       0
       0
       0
       0
       0
       0
       1
       0
       0
       1
       1
       0
       1
       1
       0
       0
       0
       2
       0
       0
       0
       0
       1
       0
       0
       1
       0
       2
       0
       0
       0
       0
       0
       0
       0
       0
       0
       2
       0
       0
       0
       0
       1
       0
       1
       0
       0
       0
       0
       1
       0
       0
       0
       1
       0
       0
       0
       1
       1
       2
       0
       0
       0
       0
       1
       0
       0
       0
       0
       0
       1
       0
       0
       0
       0
       0
       0
       0
       0
       0
       1
       0
       1
       1
       0
       0
       1
       0
       0
       0
       0
       0
       0
       0
       0
       0
       0
       0
       1
       0
       0
       1
       0
       0
       0
       0
       0
       0
       0
       1
       0
       0
       0
       0
       0
       1
       0
       0
       0
       0
       1
       0
       0
       0
       0
       0
       1
       0
       0
       0
       0
       0
       0
       0
       0
       0
       1
       0
       0
       0
       0
       0
       0
       0
       0
       0
       0
       0
       0
       0
       1
       0
       0
       0
       0
       1
       0
       1
       0
       0
       0
       0
       0
       1
       0
       1
       0
       1
       1
       0
       0
       0
       1
       0
       0
       1
       0
       0
       0
       0
       0
       0
       0
       0
       1
       1
       3
       2
       1
       1
       0
       1
       0
       1
       0
       1
       0
       0
       0
       0
       0
       0
       0
       0
       0
       1
       0
       0
       1
       0
       0
       0
       0
       0
       3
       6
       7
      10
      10
       9
       8
       4
       1
       1
       0
       1
       0
       0
       0
       1
       0
       1
       0
       0
       0
       0
       0
       0
       0
       0
       0
       0
       0
       0
       0
       0
       0
       0
       0
       0
       0
       0
       0
       0
       0
       1
       0
       0
       0
       0
       0
       0
       0
       0
       0
       1
       1
       1
       0
       0
       0
       0
       1
       0
       1
       1
       0
       0
       0
       0
       0
       0
       1
       0
       0
       0
       0
       0
       0
       0
       1
       0
       0
       0
       0
       0
       0
       0
       1
       0
       2
       0
       0
       1
       0
       2
       0
       0
       0
       0
       1
       1
       0
       0
       1
       0
       0
       1
       0
       0
       1
       0
       0
       0
       0
       1
       0
       0
       0
       0
       0
       0
       0
       0
       0
       0
       0
       0
       0
       0
       0
       0
       0
       0
       0
       0
       0
       0
       0
       1
       0
       0
       0
       0
       0
       1
       0
       0
       0
       1
       0
       0
       0
       0
       1
       0
       0
       0
       0
       0
       0
       0
       0
       0
       0
       0
       2
       0
       0
       0
       0
       1
       0
       1
       3
       0
       1
       0
       0
       1
       0
       2
       0
       0
       1
       0
       2
       0
       0
       0
       0
       0
       0
       0
       1
       0
       0
       0
       0
       0
       1
       0
       0
       0
       0
       0
       0
       0
       1
       0
       0
       0
       0
       0
       1
       0
       1
       0
       2
       0
       0
       0
       1
       0
       0
       0
       2
       0
       0
       0
       1
       0
       0
       0
       0
       0
       0
       1
       0
       0
       0
       0
       0
       0
       0
       0
       0
       0
       0
       0
       0
       0
       1
       0
       0
       0
       0
       0
       0
       0
       0
       2
       0
       0
       0
       0
       1
       0
       0
       0
       0
       0
       0
       0
       0
       0
       0
       0
       0
       0
       0
       1
       0
       0
       0
       0
       0
       1
       0
       0
       2
       0
       0
       1
       0
       0
       0
       0
       0
       0
       0
       0
       1
       0
       0
       0
       0
       0
       1
       0
       0
       1
       0
       1
       0
       1
       0
       0
       0
       0
       0
       0
       0
       0
       0
       0
       1
       0
       0
       1
       0
       0
       1
       0
       0
       0
       0
       0
       0
       0
       1
       0
       0
       0
       0
       0
       1
       0
       1
       1
       1
       1
       1
       0
       0
       1
       0
       0
       0
       0
       0
       0
       0
       0
       0
       0
       0
       0
       1
       0
       0
       0
       0
       1
       0
       0
       2
       0
       0
       0
       0
       0
       0
       0
       0
       0
       0
       0
       0
       0
       0
       0
       0
       0
       0
       0
       0
       0
       0
       0
       0
       0
       0
       0
       0
       0
       0
       0
       0
       0
       1
       0
       0
       0
       0
       0
       0
       0
       0
       0
       0
       0
       0
       1
       0
       0
       0
       0
       0
       0
       0
       0
       0
       0
       1
       1
       1
       3
       0
       2
       2
       3
       1
       2
       1
       1
       1
       0
       0
       0
       0
       0
       0
       0
       0
       0
       0
       0
       1
       0
       1
       0
       0
       0
       0
       0
       0
       0
       0
       0
       1
       0
       0
       0
       0
       1
       0
       0
       0
       0
       0
       0
       1
       0
       1
       0
       0
       0
       1
       0
       0
       0
       0
       0
       0
       0
       1
       1
       0
       0
       1
       0
       0
       0
       0
       2
       0
       1
       0
       0
       1
       0
       0
       0
       0
       0
       0
       0
       0
       0
       0
       1
       0
       1
       1
       0
       0
       0
       0
       0
       0
       0
       1
       0
       0
       0
       0
       0
       0
       0
       0
       0
       0
       0
       0
       0
       0
       0
       0
       0
       0
       1
       0
       2
       0
       0
       0
       0
       0
       0
       1
       0
       0
       0
       0
       0
       0
       0
       0
       0
       0
       0
       1
       0
       0
       0
       0
       0
       0
       0
       0
       0
       0
       0
       0
       0
       0
       0
       0
       0
       0
       0
       0
       0
       0
       0
       0
       0
       1
       0
       0
       0
       0
       0
       1
       0
       0
       0
       0
       0
       0
       0
       1
       1
       0
       0
       0
       0
       1
       0
       0
       0
       0
       0
       1
       0
       0
       0
       1
       0
       0
       0
       0
       0
       0
       0
       1
       1
       0
       0
       1
       0
       1
       0
       0
       0
       0
       0
       0
       0
       0
       1
       0
       0
       0
       0
       1
       0
       0
       0
       1
       1
       0
       0
       0
       0
       1
       0
       0
       0
       0
       0
       1
       0
       0
       0
       0
       0
       0
       0
       0
       0
       0
       0
       0
       0
       0
       0
       0
       0
       0
       0
       0
       0
       0
       0
       1
       0
       0
       0
       0
       0
       0
       0
       0
       0
       0
       1
       1
       0
       0
       0
       0
       0
       0
       0
       0
       1
       0
       0
       0
       0
       0
       0
       0
       0
       0
       0
       0
       0
       0
       0
       0
       0
       0
       0
       1
       0
       0
       0
       0
       0
       0
       0
       0
       0
       0
       0
       0
       0
       0
       0
       0
       0
       0
       1
       0
       0
       0
       0
       0
       1
       0
       0
       1
       0
       0
       0
       0
       0
       0
       0
       0
       0
       0
       0
       0
       0
       0
       0
       0
       0
       0
       0
       0
       0
       0
       0
       1
       0
       0
       0
       0
       1
       0
       0
       0
       0
       0
       0
       0
       0
       0
       0
       0
       0
       1
       0
       0
       0
       0
       0
       0
       0
       0
       0
       0
       0
       0
       0
       0
       1
       0
       1
       0
       0
       0
       0
       0
       0
       0
       0
       1
       0
       0
       1
       1
       2
       1
       1
       2
       1
       0
       0
       0
       2
       0
       0
       1
       0
       0
       0
       0
       0
       0
       0
       0
       0
       0
       0
       0
       0
       0
       1
       0
       0
       0
       0
       0
       0
       0
       0
       0
       0
       0
       0
       0
       1
       0
       0
       0
       0
       0
       0
       0
       0
       0
       0
       0
       0
       0
       0
       1
       0
       0
       1
       0
       0
       0
       0
       0
       0
       0
       0
       0
       0
       0
       0
       0
       0
       0
       0
       2
       0
       0
       0
       0
       0
       0
       0
       0
       0
       0
       0
       0
       0
       0
       0
       0
       0
       0
       0
       0
       0
       0
       0
       0
       0
       0
       0
       0
       0
       0
       0
       0
       0
       0
       0
       0
       0
       0
       0
       0
       1
       0
       0
       0
       0
       0
       0
       0
       1
       0
       0
       0
       0
       0
       0
       0
       0
       0
       0
       0
       0
       0
       0
       0
       0
       0
       0
       0
       0
       0
       0
       0
       0
       1
       0
       0
       0
       0
       0
       0
       0
       0
       0
       0
       0
       0
       0
       0
       0
       0
       0
       0
       0
       0
       0
       0
       0
       0
       0
       1
       0
       0
       0
       0
       0
       0
       0
       0
       0
       0
       0
       0
       0
       0
       0
       0
       0
       0
       0
       0
       0
       0
       0
       0
       0
       0
       0
       0
       0
       0
       0
       0
       0
       0
       0
       0
       0
       0
       1
       0
       0
       0
       0
       0
       0
       0
       0
       1
       0
       1
       0
       0
       0
       0
       0
       0
       0
       0
       0
       0
       0
       0
       0
       0
       0
       0
       0
       0
       0
       0
       0
       0
       0
       0
       0
       0
       0
       0
       0
       0
       0
       0
       0
       0
       0
       0
       0
       0
       0
       0
       0
       0
       0
       0
       0
       1
       0
       0
       0
       0
       0
       0
       0
       0
       0
       0
       0
       0
       1
       0
       0
       0
       0
       0
       0
       0
       0
       1
       0
       0
       0
       0
       0
       0
       0
       0
       0
       0
       1
       0
       0
       0
       0
       0
       0
       0
       0
       0
       0
       0
       0
       0
       0
       0
       0
       0
       0
       0
       0
       0
       0
       0
       0
       0
       0
       0
       0
       0
       0
       0
       0
       0
       0
       0
       1
       0
       0
       0
       0
       0
       0
       0
       0
       0
       0
       0
       0
       0
       0
       0
       0
       0
       0
       0
       0
       0
       0
       0
       0
       0
       0
       0
       0
       0
       0
       0
       0
       0
       0
       0
       0
       0
       0
       0
       0
       0
       0
       0
       0
       1
       0
       0
       0
       0
       0
       1
       1
       0
       1
       0
       1
       0
       0
       0
       0
       0
       0
       0
       0
       0
       0
       0
       0
       0
       0
       0
       0
       1
       0
       0
       0
       0
       0
       0
       0
       0
       0
       0
       0
       0
       0
       0
       0
       0
       0
       0
       0
       0
       0
       0
       0
       0
       1
       0
       0
       0
       0
       0
       0
       0
       0
       0
       0
       0
       0
       0
       0
       0
       0
       0
       0
       0
       0
       1
       0
       1
       0
       0
       1
       0
       0
       0
       0
       0
       0
       0
       0
       0
       0
       0
       0
       0
       0
       0
       0
       0
       0
       0
       0
       0
       0
       0
       0
       0
       0
       0
       0
       0
       0
       0
       0
       0
       1
       0
       0
       0
       0
       0
       0
       0
       0
       0
       0
       1
       0
       0
       0
       0
       0
       0
       0
       0
       0
       0
       0
       0
       0
       0
       0
       0
       0
       0
       0
       0
       0
       0
       0
       0
       0
       0
       0
       0
       0
       0
       0
       0
       0
       0
       1
       0
       0
       0
       0
       0
       0
       0
       0
       0
       0
       0
       0
       0
       0
       0
       0
       0
       0
       0
       1
       0
       1
       0
       0
       0
       1
       0
       0
       0
       0
       1
       0
       0
       0
       0
       0
       0
       0
       0
       0
       0
       0
       0
       0
       0
       0
       0
       0
       0
       0
       0
       0
       0
       0
       0
       0
       0
       0
       0
       0
       0
       0
       0
       0
       0
       0
       0
       0
       0
       0
       0
       0
       0
       0
       0
       0
       0
       0
       0
       0
       0
       0
       0
       0
       0
       0
       0
       0
       0
       0
       0
       0
       0
       0
       0
       0
       0
       0
       0
       0
       1
       0
       0
       0
       0
       1
       0
       0
       0
       0
       0
       0
       1
       0
       0
       0
       0
       0
       0
       0
       0
       0
       0
       0
       0
       0
       0
       0
       0
       0
       0
       0
       0
       0
       0
       0
       0
       0
       0
       0
       0
       0
       0
       0
       0
       0
       0
       0
       0
       0
       0
       0
       0
       0
       0
       0
       0
       0
       0
       0
       0
       0
       0
       0
       1
       0
       0
       0
       0
       0
       0
       0
       0
       0
       0
       1
       0
       0
       0
       1
       0
       1
       1
       0
       0
       0
       1
       1
       0
       0
       0
       0
       0
       0
       0
       0
       0
       0
       0
       1
       0
       0
       0
       0
       0
       0
       0
       0
       0
       0
       0
       0
       0
       0
       0
       0
       0
       0
       0
       0
       0
       1
       0
       0
       0
       0
       0
       0
       0
       0
       0
       0
       0
       1
       0
       0
       0
       0
       0
       0
       0
       0
       0
       0
       0
       0
       0
       0
       0
       0
       0
       0
       0
       0
       0
       0
       1
       0
       0
       0
       0
       0
       0
       0
       0
       1
       0
       0
       0
       0
       0
       0
       0
       0
       0
       0
       0
       0
       0
       0
       0
       0
       0
       0
       0
       0
       0
       1
       0
       0
       0
       0
       0
       0
       0
       0
       0
       0
       0
       0
       0
       0
       0
       0
       0
       0
       0
       0
       0
       0
       0
       0
       0
       0
       0
       0
       0
       0
       0
       0
       0
       0
       0
       0
       0
       0
       0
       0
       0
       0
       0
       1
       0
       0
       0
       0
       0
       0
       0
       0
       0
       0
       1
       0
       0
       0
       0
       0
       0
       0
       0
       0
       0
       0
       0
       0
       0
       0
       0
       0
       0
       0
       0
       0
       0
       0
       0
       0
       0
       0
       0
       1
       0
       0
       0
       0
       0
       0
       1
       0
       0
       0
       0
       1
       0
       0
       0
       0
       0
       0
       0
       0
       0
       1
       0
       0
       0
       1
       0
       0
       0
       0
       0
       0
       1
       0
       0
       0
       0
       0
       0
       0
       0
       1
       0
       0
       0
       0
       0
       0
       0
       0
       0
       0
       0
       0
       1
       0
       0
       0
       0
       0
       0
       0
       0
       0
       0
       0
       0
       0
       0
       0
       0
       0
       0
       0
       0
       0
       0
       0
       0
       0
       0
       0
       0
       0
       0
       0
       0
       0
       0
       0
       0
       0
       1
       0
       0
       0
       0
       0
       0
       0
       0
       1
       0
       0
       0
       0
       0
       0
       0
       0
       0
       0
       0
       1
       0
       0
       0
       0
       0
       0
       0
       0
       0
       0
       0
       0
       0
       0
       0
       0
       0
       0
       0
       0
       0
       0
       0
       0
       0
       2
       0
       0
       0
       0
       0
       0
       0
       0
       0
       0
       0
       0
       0
       0
       0
       0
       0
       0
       0
       0
       0
       0
       0
       0
       0
       0
       0
       0
       0
       0
       0
       0
       0
       0
       0
       0
       0
       0
       0
       0
       0
       0
       0
       1
       0
       0
       0
       0
       0
       0
       0
       0
       0
       0
       0
       0
       0
       0
       0
       0
       0
       0
       0
       0
       0
       0
       0
       0
       0
       0
       0
       0
       0
       0
       0
       0
       0
       1
       0
       0
       1
       0
       0
       0
       0
       0
       0
       0
       0
       0
       0
       0
       0
       0
       0
       0
       0
       0
       0
       0
       0
       0
       0
       0
       0
       0
       1
       0
       0
       0
       0
       0
       0
       1
       0
       0
       0
       0
       0
       0
       0
       0
       0
       0
       0
       0
       1
       0
       0
       0
       0
       0
       0
       1
       0
       0
       0
       0
       0
       0
       0
       0
       0
       0
       0
       0
       0
       1
       0
       0
       0
       0
       0
       0
       0
       0
       0
       0
       0
       0
       0
       1
       0
       0
       0
       0
       0
       0
       0
       0
       0
       0
       0
       0
       0
       0
       0
       1
       0
       0
       0
       0
       0
       1
       0
       0
       0
       0
       0
       0
       0
       0
       0
       0
       0
       0
       0
       1
       0
       0
       0
       0
       0
       0
       0
       0
       0
       0
       0
       0
       0
       0
       0
       0
       0
       0
       0
       0
       0
       0
       0
       0
       0
       0
       0
       0
       1
       0
       0
       0
       0
       0
       0
       0
       0
       0
       0
       0
       0
       0
       0
       0
       0
       0
       0
       0
       0
       0
       0
       0
       0
       0
       0
       0
       0
       0
       0
       0
       0
       0
       0
       0
       0
       0
       0
       0
       0
       0
       0
       0
       0
       0
       1
       0
       0
       0
       0
       0
       0
       0
       0
       0
       0
       0
       0
       0
       0
       0
       0
       0
       0
       0
       0
       0
       0
       0
       0
       1
       0
       0
       0
       0
       0
       0
       0
       0
       0
       0
       0
       0
       0
       0
       0
       0
       1
       0
       0
       0
       0
       0
       0
       1
       0
       0
       0
       0
       0
       0
       0
       0
       0
       0
       0
       0
       0
       0
       0
       0
       0
       0
       0
       0
       0
       0
       0
       0
       0
       0
       0
       0
       0
       0
       0
       0
       0
       0
       0
       0
       0
       0
       0
       0
       0
       0
       0
       0
       0
       0
       0
       0
       0
       0
       0
       0
       0
       1
       1
       0
       0
       0
       0
       0
       0
       0
       0
       0
       0
       0
       0
       0
       0
       0
       0
       0
       1
       0
       0
       0
       1
       0
       0
       0
       0
       0
       0
       0
       0
       0
       0
       0
       0
       0
       0
       0
       0
       0
       0
       0
       0
       0
       0
       0
       0
       0
       0
       0
       0
       0
       0
       0
       0
       0
       0
       0
       0
       0
       0
       0
       0
       0
       0
       0
       0
       0
       0
       0
       0
       0
       0
       0
       0
       0
       1
       0
       0
       0
       0
       0
       0
       0
       0
       0
       0
       0
       0
       0
       0
       0
       0
       0
       0
       0
       0
       0
       0
       0
       0
       0
       0
       0
       0
       1
       0
       0
       1
       0
       1
       0
       0
       0
       0
       0
       0
       0
       0
       0
       1
       0
       0
       0
       0
       0
       0
       0
       0
       0
       0
       0
       0
       0
       0
       0
       0
       0
       0
       0
       0
       0
       0
       0
       0
       0
       0
       0
       0
       0
       0
       0
       0
       0
       0
       0
       0
       0
       0
       0
       2
       0
       0
       0
       0
       0
       0
       0
       0
       0
       0
       0
       0
       0
       0
       0
       0
       0
       0
       0
       0
       0
       0
       0
       0
       0
       0
       0
       0
       0
       0
       0
       0
       0
       0
       0
       0
       0
       0
       0
       1
       0
       0
       0
       0
       1
       0
       0
       0
       0
       0
       0
       0
       0
       0
       0
       0
       0
       0
       0
       0
       0
       0
       0
       0
       0
       0
       0
       0
       0
       0
       1
       0
       0
       0
       0
       0
       0
       0
       0
       0
       0
       0
       0
       0
       0
       0
       0
       0
       0
       1
       0
       1
       0
       0
       0
       0
       0
       0
       0
       0
       0
       0
       0
       0
       0
       0
       0
       0
       0
       0
       0
       0
       0
       0
       0
       0
       0
       0
       0
       0
       0
       0
       0
       0
       0
       0
       0
       0
       0
       0
       0
       0
       0
       0
       0
       0
       0
       0
       0
       0
       0
       0
       0
       0
       0
       1
       0
       0
       0
       0
       0
       0
       0
       0
       0
       0
       0
       0
       0
       0
       0
       0
       0
       0
       0
       0
       0
       0
       0
       0
       1
       0
       0
       0
       0
       0
       0
       0
       1
       1
       1
       1
       0
       4
       3
       3
       0
       3
       1
       1
       0
       0
       0
       0
       0
       0
       0
       0
       0
       0
       0
       0
       0
       0
       0
       0
       0
       0
       0
       0
       0
       0
       0
       0
       0
       0
       0
       0
       0
       0
       0
       0
       0
       0
       0
       0
       0
       0
       0
       0
       0
       0
       0
       0
       0
       0
       0
       0
       0
       0
       0
       0
       0
       0
       0
       0
       0
       0
       0
       0
       0
       0
       0
       0
       0
       0
       0
       0
       0
       0
       0
       0
       0
       0
       0
       0
       0
       0
       0
       0
       0
       0
       0
       0
       0
       0
       0
       0
       0
       0
       0
       0
       0
       0
       0
       0
       0
       0
       0
       0
       0
       0
       0
       0
       0
       0
       0
       0
       0
       0
       0
       0
       0
       0
       0
       0
       0
       0
       0
       0
       0
       0
       0
       0
       0
       0
       0
       0
       0
       0
       0
       0
       0
       0
       0
       0
       0
       0
       0
       0
       0
       0
       0
       0
       0
       0
       0
       0
       0
       0
       0
       0
       0
       0
       0
       0
       0
       0
       1
       0
       0
       0
       0
       0
       0
       0
       0
       0
       0
       0
       0
       0
       0
       0
       0
       0
       1
       0
       1
       0
       0
       0
       0
       0
       0
       0
       0
       0
       0
       0
       0
       0
       0
       0
       0
       0
       0
       0
       0
       0
       1
       0
       0
       0
       0
       0
       0
       0
       0
       0
       0
       0
       0
       0
       0
       0
       0
       0
       0
       0
       0
       0
       0
       0
       0
       0
       0
       0
       0
       0
       1
       0
       0
       0
       0
       0
       0
       0
       0
       0
       0
       0
       0
       0
       0
       0
       0
       0
       0
       0
       0
       0
       0
       0
       0
       0
       0
       0
       0
       0
       0
       0
       0
       0
       0
       0
       0
       0
       0
       0
       2
       0
       0
       0
       0
       0
       0
       0
       0
       0
       0
       0
       0
       0
       0
       0
       0
       0
       0
       0
       0
       0
       0
       0
       0
       0
       0
       0
       0
       0
       0
       0
       0
       0
       0
       0
       0
       0
       0
       0
       0
       0
       0
       1
       0
       0
       0
       0
       0
       0
       0
       0
       0
       0
       0
       0
       0
       0
       0
       0
       0
       0
       0
       0
       0
       0
       0
       0
       0
       0
       0
       0
       0
       0
       0
       0
       0
       0
       0
       0
       0
       0
       0
       0
       0
       0
       0
       0
       0
       0
       0
       0
       0
       0
       0
       0
       0
       0
       0
       0
       0
       0
       0
       0
       0
       0
       0
       0
       0
       0
       0
       0
       0
       0
       0
       0
       0
       0
       0
       0
       0
       0
       0
       0
       0
       0
       0
       0
       0
       0
       0
       0
       0
       0
       0
       0
       0
       0
       0
       0
       0
       0
       0
       0
       0
       0
       0
       0
       0
       0
       0
       0
       0
       0
       0
       0
       0
       0
       0
       0
       0
       1
       0
       0
       0
       0
       0
       0
       0
       0
       0
       0
       0
       0
       0
       0
       0
       0
       0
       0
       0
       0
       0
       0
       0
       0
       0
       0
       0
       0
       0
       0
       0
       1
       0
       0
       0
       0
       0
       0
       0
       0
       0
       0
       0
       0
       0
       0
       0
       0
       0
       0
       0
       0
       0
       0
       0
       0
       0
       0
       0
       0
       1
       0
       0
       0
       0
       0
       0
       0
       0
       0
       0
       0
       0
       0
       0
       0
       0
       0
       0
       0
       0
       0
       0
       0
       0
       0
       0
       0
       0
       0
       0
       0
       0
       0
       0
       0
       0
       0
       0
       0
       0
       0
       0
       0
       0
       0
       0
       0
       0
       0
       0
       0
       0
       0
       0
       0
       0
       0
       0
       0
       0
       0
       0
       0
       0
       0
       0
       0
       0
       0
       0
       0
       0
       0
       0
       0
       0
       0
       0
       0
       0
       0
       0
       0
       0
       0
       0
       0
       0
       0
       1
       0
       0
       0
       0
       0
       0
       0
       0
       0
       0
       0
       0
       0
       0
       0
       0
       0
       0
       0
       0
       0
       0
       0
       0
       0
       0
       0
       1
       0
       0
       0
       0
       0
       0
       0
       0
       0
       0
       0
       0
       0
       0
       0
       0
       0
       0
       0
       0
       0
       0
       0
       0
       0
       0
       0
       0
       0
       0
       0
       0
       0
       0
       0
       0
       0
       0
       0
       0
       0
       0
       0
       0
       0
       0
       0
       1
       0
       0
       0
       0
       0
       0
       0
       0
       0
       0
       0
       0
       0
       0
       0
       0
       0
       0
       0
       0
       0
       0
       0
       0
       0
       0
       0
       0
       0
       0
       0
       0
       0
       0
       0
       0
       0
       0
       0
       0
       0
       0
       0
       0
       0
       0
       0
       0
       0
       0
       0
       0
       0
       0
       0
       0
       0
       0
       0
       0
       0
       0
       1
       0
       0
       0
       0
       0
       0
       0
       0
       0
       0
       0
       0
       0
       0
       0
       0
       0
       0
       0
       0
       0
       0
       0
       0
       0
       0
       0
       0
       0
       0
       0
       0
       0
       0
       0
       0
       0
       0
       0
       0
       0
       0
       0
       0
       0
       0
       0
       0
       0
       0
       0
       0
       0
       0
       0
       0
       0
       0
       0
       0
       0
       0
       0
       0
       0
       0
       0
       0
       0
       0
       0
       0
       0
       0
       0
       0
       0
       0
       0
       0
       0
       0
       0
       0
       0
       0
       1
       0
       0
       0
       0
       0
       0
       0
       0
       0
       0
       0
       0
       0
       0
       0
       0
       1
       0
       0
       0
       0
       0
       0
       0
       0
       0
       0
       0
       0
       0
       0
       0
       0
       0
       0
       0
       0
       0
       0
       0
       0
       0
       0
       0
       0
       0
       0
       0
       0
       1
       0
       0
       0
       0
       0
       0
       0
       0
       0
       0
       0
       0
       0
       0
       0
       0
       0
       0
       0
       0
       0
       0
       0
       0
       0
       0
       0
       0
       0
       0
       0
       0
       0
       0
       0
       0
       0
       0
       0
       0
       0
       0
       0
       0
       0
       0
       0
       0
       0
       0
       0
       0
       0
       0
       0
       0
       0
       0
       0
       0
       0
       0
       0
       0
       0
       0
       1
       0
       0
       0
       0
       0
       0
       0
       0
       1
       0
       0
       0
       0
       0
       0
       0
       0
       0
       0
       0
       0
       0
       0
       0
       0
       0
       0
       0
       0
       0
       0
       0
       0
       0
       0
       0
       0
       0
       0
       0
       0
       0
       0
       0
       0
       0
       0
       0
       0
       0
       0
       0
       0
       0
       0
       0
       0
       0
       0
       0
       0
       0
       0
       0
       0
       0
       0
       0
       0
       0
       0
       0
       0
       0
       0
       0
       0
       0
       1
       1
       0
       0
       0
       0
       0
       0
       0
       0
       0
       0
       0
       0
       0
       0
       0
       0
       0
       0
       0
       0
       0
       0
       0
       0
       0
       0
       0
       0
       0
       0
       0
       1
       1
       0
       0
       1
       0
       0
       0
       0
       0
       0
       0
       0
       0
       0
       0
       0
       0
       0
       0
       0
       0
       0
       0
       0
       1
       0
       0
       0
       0
       0
       0
       0
       0
       0
       0
       0
       0
       0
       0
       0
       0
       0
       0
       0
       0
       0
       0
       0
       0
       0
       0
       0
       0
       0
       0
       0
       0
       0
       0
       0
       0
       0
       0
       0
       0
       0
       0
       0
       0
       0
       0
       0
       0
       0
       0
       0
       0
       0
       0
       0
       0
       0
       0
       0
       0
       0
       0
       0
       0
       0
       0
       0
       0
       0
       0
       0
       0
       0
       0
       0
       0
       0
       0
       0
       0
       0
       0
       0
       0
       0
       0
       0
       0
       0
       0
       0
       0
       0
       0
       0
       0
       0
       0
       0
       0
       0
       0
       0
       0
       0
       0
       0
       0
       0
       0
       0
       0
       0
       0
       0
       0
       0
       0
       0
       0
       0
       0
       0
       0
       0
       0
       0
       0
       0
       0
       0
       0
       0
       0
       0
       0
       0
       0
       0
       0
       0
       0
       0
       0
       0
       0
       0
       0
       0
       0
       0
       0
       0
       0
       0
       0
       0
       0
       0
       0
       0
       0
       0
       0
       0
       0
       0
       0
       0
       0
       0
       0
       0
       0
       0
       0
       0
       0
       0
       0
       0
       0
       0
       0
       0
       0
       0
       0
       0
       0
       0
       0
       0
       0
       0
       0
       0
       0
       0
       0
       0
       0
       0
       0
       0
       0
       0
       0
       0
       0
       0
       0
       0
       0
       0
       0
       0
       0
       0
       0
       0
       0
       0
       0
       0
       0
       0
       0
       0
       0
       0
       0
       0
       0
       0
       0
       0
       0
       0
       0
       0
       0
       0
       0
       0
       0
       0
       0
       0
       0
       0
       0
       0
       0
       0
       0
       0
       0
       0
       0
       0
       0
       0
       0
       0
       0
       0
       0
       0
       0
       0
       0
       0
       0
       0
       0
       0
       0
       0
       0
       0
       0
       0
       0
       0
       0
       0
       0
       0
       0
       0
       0
       0
       0
       0
       0
       0
       0
       0
       0
       0
       0
       0
       0
       0
       0
       0
       0
       0
       0
       0
       0
       0
       0
       0
       0
       0
       0
       0
       0
       0
       0
       0
       0
       0
       0
       0
       0
       0
       0
       0
       0
       0
       0
       0
       0
       0
       0
       0
       0
       0
       0
       0
       0
       0
       0
       0
       0
       0
       0
       0
       0
       0
       0
       0
       0
       0
       0
       0
       0
       0
       0
       0
       0
       0
       0
       0
       0
       0
       0
       0
       0
       0
       0
       0
       0
       0
       0
       0
       0
       0
       0
       0
       0
       0
       0
       0
       0
       0
       0
       0
       0
       0
       0
       0
       0
       0
       0
       0
       0
       0
       0
       0
       0
       0
       0
       0
       0
       0
       0
       0
       0
       0
       0
       0
       0
       0
       0
       0
       0
       0
       0
       0
       0
       0
       0
       0
       0
       0
       0
$ROI:
0
$PRESETS:
Real Time
180
0
$ENER_FIT:
0.888569 0.390988
$MCA_CAL:
3
8.885689E-001 3.909876E-001 3.191953E-008 keV
$SHAPE_CAL:
3
0.000000E+000 0.000000E+000 0.000000E+000
