$SPEC_ID:
1
$SPEC_REM:
DET# 2
DETDESC# MCB 130 Normal
AP# Maestro Version 7.01
$DATE_MEA:
09/25/2019 14:31:45
$MEAS_TIM:
177 180
$DATA:
0 8191
       0
       0
       0
       0
       0
       0
       0
       0
       0
       0
       0
       0
       0
       0
       0
       0
       0
       0
       0
       0
       0
       0
       0
       0
       0
       0
      13
     452
     118
      72
      93
     118
     160
     154
     151
     159
     123
     118
     128
     170
     179
     157
     153
     163
     152
     136
      93
      94
     105
     107
     123
     120
      98
      99
      94
      86
      89
      80
      99
     109
     115
      95
     107
      94
      97
      98
     111
     108
     134
     181
     238
     243
     162
     126
     134
     148
     204
     200
     151
     123
     135
     125
     107
     117
     111
     109
     129
     185
     293
     385
     469
     307
     124
      96
     121
     100
     114
     104
     114
     122
     149
     165
     173
     171
     130
     123
     117
      93
      84
      98
      99
      88
     118
      84
      86
      80
     101
     108
      80
      87
     105
      83
     108
     117
     137
     183
     163
     103
      89
      97
     106
     107
     106
      81
      95
      95
      99
      82
     116
     104
      88
      96
     112
     162
     227
     261
     199
     115
      96
     117
     113
     119
     112
     113
     119
     136
     117
     102
     114
     118
     120
     115
     105
     103
     123
     113
     112
     124
     125
     123
     133
     126
     128
     102
     118
     128
     115
     119
     122
     124
     118
     132
     137
     140
     159
     147
     158
     135
     140
     145
     183
     158
     132
     129
     126
     147
     124
     157
     135
     144
     141
     139
     151
     150
     229
     322
     301
     185
     144
     145
     137
     125
     150
     152
     161
     183
     131
     149
     152
     179
     190
     196
     155
     156
     143
     171
     130
     158
     135
     166
     167
     160
     159
     172
     149
     165
     148
     170
     141
     186
     217
     229
     156
     184
     135
     178
     155
     162
     196
     255
     263
     308
     309
     307
     259
     178
     149
     161
     140
     168
     151
     172
     270
     382
     351
     246
     190
     148
     239
     395
     441
     298
     169
     127
     148
     149
     150
     137
     150
     127
     137
     149
     148
     195
     168
     147
     141
     120
     141
     140
     147
     142
     148
     150
     162
     168
     180
     178
     162
     179
     169
     146
     126
     125
     135
     112
     153
     161
     151
     149
     156
     133
     132
     129
     132
     129
     119
     127
     126
     139
     135
     105
     125
     136
     124
      92
     121
     125
     128
     138
     130
     108
     123
     124
     119
     107
     123
     108
     119
     122
     131
     133
     114
     128
     112
     112
     132
     117
     110
     118
     120
      90
     102
     104
     115
     148
     298
     588
     866
     563
     278
     133
      98
     111
     105
     105
     111
     115
      88
     117
     133
     145
     129
     108
     112
     102
     103
     104
      99
     122
     111
     101
     107
     112
     129
     130
     111
     116
     106
     110
     106
     113
      93
      95
      84
      94
      91
      86
      97
     108
      92
      80
      94
     109
      95
      96
      80
      79
      85
     109
      78
      91
      94
      96
      98
     117
     112
      72
      89
      89
      95
      84
     103
      92
      84
     105
      96
      99
      92
      78
      93
      73
      96
      94
      82
      94
      83
      83
      71
      84
      91
      99
      96
      92
      80
      86
      72
      83
      80
      95
      87
      90
      89
      83
      90
      73
      85
      87
      70
      85
      77
     107
     106
      94
      93
      83
      73
      95
      78
      76
      81
      74
      81
      88
      68
      68
      70
      76
      74
      79
      85
      82
      91
      66
      73
      74
      92
      76
      67
      85
      74
      68
      91
      81
      77
      71
      92
      84
      74
      68
      70
      82
      80
      86
      86
      92
      67
      69
      69
      75
      72
      80
      80
      85
      66
      68
      63
      55
      58
      73
      66
      56
      51
      65
      62
      66
      65
      73
      73
      63
      46
      66
      69
      68
      75
      96
     102
      63
      71
      70
      63
      68
      68
      65
      61
      69
      61
      61
      62
      74
      55
      69
      59
      64
      58
      64
      66
      69
      64
      45
      58
      69
      60
      69
      70
      75
      69
      57
      57
      59
      70
      58
      57
      58
      68
      53
      64
      52
      57
      61
      83
     188
     408
     463
     345
     171
      64
      62
      61
      66
      61
      72
      68
      70
      57
      57
      53
      52
      66
      60
      58
      49
      65
      56
      59
      51
      52
      67
      78
      80
      71
      75
      36
      35
      49
      49
      59
      68
      59
      56
      56
      43
      49
      44
      54
      38
      41
      52
      48
      59
      52
      47
      37
      61
      51
      92
     381
     863
    1095
     777
     287
      99
      55
      40
      38
      40
      57
      50
      43
      67
      50
      58
      47
      45
      50
      37
      38
      35
      52
      46
      38
      49
      51
      45
      38
      41
      46
      51
      34
      48
      35
      64
      49
      49
      52
      43
      56
      48
      42
      47
      49
      72
      98
      49
      57
      36
      42
      43
      49
      43
      41
      50
      52
      43
      45
      42
      38
      37
      45
      46
      47
      36
      54
      43
      39
      55
      45
      76
     117
     132
     129
      63
      53
      44
      36
      41
      44
      32
      41
      32
      40
      32
      43
      36
      44
      48
      44
      38
      52
      53
      45
      40
      34
      43
      30
      42
      47
      41
      42
      28
      34
      46
      55
      36
      31
      39
      41
      92
     199
     294
     283
     144
      67
      59
      63
      45
      52
      41
      46
      42
      33
      45
      52
      67
      50
      49
      44
      39
      27
      45
      23
      28
      33
      28
      41
      36
      35
      40
      40
      53
      58
      36
      40
      39
      44
      40
      45
      46
      39
      41
      36
      21
      47
      42
      35
      32
      29
      27
      34
      36
      38
      34
      34
      36
      31
      38
      51
      72
      62
      86
      53
      39
      29
      32
      33
      57
      50
      43
      31
      34
      43
      35
      40
      40
      20
      32
      33
      41
      37
      36
      29
      31
      31
      29
      29
      33
      34
      37
      28
      51
      30
      42
      25
      40
      34
      22
      38
      23
      30
      29
      38
      29
      31
      42
      45
      52
      38
      38
      29
      38
      34
      39
      29
      25
      40
      37
      39
      43
      33
      41
      37
      37
      25
      26
      32
      30
      31
      29
      28
      24
      43
      35
      38
      26
      37
      27
      33
      28
      31
      21
      33
      22
      36
      36
      41
      51
      55
      52
      56
      53
      40
      37
      38
      23
      33
      34
      26
      45
      34
      45
      44
      27
      20
      16
      32
      34
      24
      32
      29
      36
      33
      26
      21
      41
      23
      30
      22
      40
      25
      18
      48
      64
      76
      64
      28
      31
      31
      23
      35
      25
      26
      27
      30
      31
      26
      20
      20
      25
      23
      28
      30
      22
      19
      30
      30
      27
      16
      27
      33
      32
      22
      27
      25
      19
      24
      32
      22
      28
      31
      27
      25
      25
      28
      22
      15
      20
      23
      32
      20
      30
      31
      29
      20
      16
      12
      27
      16
      36
      24
      17
      26
      19
      22
      27
      15
      23
      31
      23
      22
      23
      20
      18
      16
      24
      32
      15
      21
      23
      29
      30
      28
      24
      27
      17
      22
      19
      24
      20
      25
      25
      25
      16
      22
      24
      20
      26
      28
      18
      25
      16
      18
      21
      22
      25
      19
      21
      19
      13
      18
      31
      23
      17
      27
      30
      31
      21
      21
      21
      19
      23
      18
      15
      26
      13
      18
      24
      18
      25
      18
      14
      20
      22
      22
      21
      23
      17
      24
      38
      31
      34
      33
      18
      26
      27
      28
      26
      28
      20
      25
      16
      20
      25
      24
      28
      22
      13
      31
      15
      16
      25
      16
      23
      25
      22
      18
      14
      21
      19
      17
      28
      15
      15
      21
      24
      26
      19
      37
      16
      27
      26
       9
      21
      17
      24
      20
      18
      25
      21
      18
      15
      17
      23
      18
      31
      26
      25
      14
      21
      21
      24
      17
      22
      16
      11
      22
      22
      18
      17
      27
      15
      29
      23
      22
      20
      21
      20
      25
      11
      18
      24
      21
      25
      19
      17
      21
      12
      25
      20
      33
      14
      30
      24
      22
      15
      23
      26
      21
      16
      21
      18
      19
      29
      24
      20
      18
      22
      15
      19
      20
      28
      15
      24
      21
      22
      25
      22
      23
      17
      14
      20
      26
      19
      22
      22
      22
      23
      24
      36
      35
      21
      24
      25
      15
      14
      19
      17
      19
      25
      13
      18
      19
      25
      30
      18
      12
      23
      25
      22
       8
      22
      19
      16
      13
      20
      24
      17
      15
      20
      28
      23
      10
      14
      19
      17
      21
      20
      20
      15
      17
      21
      19
      17
      17
      14
      22
      27
      38
      24
      21
      16
      13
      22
      24
      28
      31
      20
      24
      16
      10
      24
      21
      12
      12
      15
      17
      21
      23
      16
      15
      19
      33
      47
      43
      22
      18
       9
      17
      26
      14
      20
      18
      16
      15
      18
      27
      18
      12
      13
      14
      17
      10
      14
      11
      32
      26
      21
      18
      26
      28
      34
      35
      21
      15
      19
      22
      19
      27
      28
      20
      21
      12
      17
      19
      24
      20
      16
      22
      16
      13
      18
      18
      20
      18
      22
      18
      24
      11
      18
      18
      16
      12
      19
      11
      16
      16
      23
      37
      52
      45
      21
       9
      16
      14
      18
      22
      28
      30
      38
      17
      20
      16
      30
      25
      95
     232
     348
     344
     206
      98
      41
      20
      12
      17
      17
      13
      16
      13
      13
      19
       9
      18
      17
      19
      26
      30
      29
      28
      16
      15
      15
      13
      14
      14
      16
       6
      17
      14
      12
      16
      12
      16
      22
      14
      16
      13
      13
      16
      22
      24
      22
      16
      20
      19
      17
      12
      19
      13
      20
       8
      16
      13
      16
      15
       8
      10
       7
      14
      14
      28
      36
     124
     120
     111
      80
      45
      15
      11
      14
      11
      13
      13
      13
      15
       8
      10
      15
      15
       8
      16
      15
      12
      18
      10
      18
      13
      10
      20
      14
       7
      13
       4
       7
       9
      16
      18
      17
      11
      13
      10
      13
      10
       8
      12
       6
      20
      14
      13
      14
       9
       7
      11
       9
      11
      16
      12
      18
       6
      11
      11
      11
       6
       9
      10
      11
      15
      12
      11
       7
       8
      13
      11
      11
      17
       6
      18
      13
       8
       9
      12
       8
      14
      12
       7
       6
       8
      11
      10
       6
       5
      12
       8
      10
      12
       8
       9
       6
       6
      10
      15
       9
       8
      12
       6
       9
      12
      12
       8
       8
      11
       7
       8
       9
      15
       9
      13
       9
       6
       6
      13
       9
      14
      17
      11
      16
      14
      13
      13
      17
      12
       8
      10
       6
       6
       6
      26
      20
      24
      25
      28
      24
      16
       9
       9
       4
       7
       9
       6
       7
      13
       7
       7
      10
      11
       6
      14
       9
       7
       9
       5
       9
       7
      13
       8
      17
      10
      12
       8
      18
      11
       8
       5
      13
       8
       5
       7
      10
       6
       8
       7
       4
       8
      11
       6
      13
       5
      11
       5
       8
       9
      12
      16
      14
      21
      35
      17
      11
       9
       9
      12
       6
       7
       4
       5
       3
      12
      11
       5
       7
      11
       8
       8
       6
       6
       9
      11
       8
       9
       9
      10
      11
       6
      10
       2
       6
       8
      12
       9
       5
       4
       8
       5
       8
       6
       5
       8
       8
       7
       7
       4
       8
      13
      14
       9
       8
      11
       6
       7
      10
      14
      18
      27
      30
      19
      10
      12
      13
       7
      13
       8
      10
      20
      61
     141
     217
     277
     219
      96
      52
      16
       6
      11
      10
       7
      14
       9
       6
       5
       8
       9
      16
      21
      19
      15
      17
      13
      17
      40
      92
     101
     134
      67
      38
      20
      19
      15
      10
       9
       6
       9
       8
       3
       7
       9
       6
       4
       6
       9
       8
       7
       3
      14
       6
       9
       7
       8
       2
      11
       3
       7
       7
       9
      13
      13
       3
      10
      12
       6
       9
       7
       2
       5
       5
       5
       6
       4
       7
       5
       8
      10
       4
       7
       3
      10
       5
       6
       5
       8
       5
       8
       7
       6
       6
       7
       8
       7
       6
      10
       5
       3
       5
       8
       5
       7
       2
       4
       7
       5
      10
       2
       4
       6
       4
       4
       6
       5
       7
       7
       4
       6
       9
       9
       4
       6
       8
       5
      13
       7
       6
       9
      14
       7
      10
       5
       5
       7
      10
       8
       5
       1
       4
       2
       3
       7
       3
       7
       8
       5
      10
       5
       7
       9
       4
       5
       6
      12
       4
       5
       6
       7
       4
       7
       6
       4
       7
       8
      10
      14
      21
      10
      10
      12
       7
      14
       7
       9
      13
       7
       7
       5
      10
      12
       8
      12
      12
       8
       4
      11
       7
       7
       6
       5
       4
      11
       4
      10
       9
       5
      10
       8
       5
       3
       1
       2
       5
       7
       9
       3
       5
      10
       6
      12
      23
      24
      22
      13
      17
       6
       9
      12
      41
      95
     170
     193
     179
     115
      59
      21
       9
       6
      13
       5
      11
       4
       4
       2
      17
      17
      28
      31
      32
      23
      22
      11
       9
       4
       4
       4
       6
       4
       4
       4
       5
       9
       6
       8
       2
      12
       5
       9
       3
      10
       4
       5
       3
       3
       4
       6
       6
       4
       7
       8
       6
       4
       6
       5
       7
       8
       8
       3
      11
       5
       8
       5
       3
       8
      13
       5
       9
       9
       5
       6
       4
       4
       8
      17
      32
      72
      78
      60
      52
      25
      21
       6
       4
       3
       8
       3
       4
       6
      11
      12
      10
       9
      12
       4
       9
       5
       6
       8
       8
      10
       4
      10
       6
       2
       5
       3
       3
       4
      12
       5
       7
       3
       4
       1
       4
       6
       4
       4
       5
       6
       6
       1
       5
       3
       3
       2
       4
       5
       4
       8
       3
      13
       7
       7
       7
       7
       3
       1
       5
       5
       9
      11
       9
       5
       4
       4
       6
       7
       7
       5
       6
       2
       6
       5
       1
       7
       2
       3
       5
       6
       9
       1
       2
       6
       6
       6
       5
       8
       6
       5
       7
       6
      11
       8
      10
       4
      12
      11
      17
       4
      12
       3
       5
       4
       5
       6
       7
       5
       4
      10
       4
       5
       7
       3
       4
       3
       4
       5
       3
       8
       5
       5
       2
       9
       4
       5
       3
       1
       6
       4
       3
       3
       5
       7
       4
       2
       1
       4
       6
       4
       2
       1
       6
       1
       5
       4
       4
       6
       5
       6
       5
       6
       2
       4
       3
       5
       4
       3
       2
       8
       9
       6
       7
       5
       6
       2
       6
       1
       4
       2
       2
       2
       4
       5
       5
       5
       4
       2
       6
       5
       5
       6
       2
       3
       1
       6
       3
       3
       5
       3
       7
       5
       6
       3
       5
       3
       3
       5
       4
       7
       6
       7
       1
       2
       1
       5
       4
       2
       4
       3
       9
       3
       5
       2
       3
       3
       7
       6
       6
       5
       8
       2
       2
       2
       1
       3
       1
       5
       3
       5
       5
       6
       1
       1
       7
       5
       3
       3
       6
       7
       6
       5
       4
       5
       1
       7
       2
       2
       4
       8
       7
       3
       2
       3
       7
       2
       6
      11
       9
      20
      13
       5
       5
       3
       4
       3
       2
      12
      13
      16
      17
      16
      10
       6
       3
       3
       2
       3
       1
       2
       5
       6
       5
       6
       1
       2
       3
       6
       4
       3
       2
       3
       4
       8
      14
       7
      10
       4
       9
       5
       6
       3
       1
       2
       7
       3
       2
       4
       3
       2
       3
       4
       3
       7
       8
       4
       4
       3
       3
       5
       3
       7
       5
       4
       4
       3
       1
       3
       3
       3
       3
       3
      10
       4
       4
       3
       3
       6
       4
       3
       1
       3
       4
       6
       6
       6
       4
       6
       5
       9
       6
      10
      13
      11
       5
       2
       3
       3
       4
       1
       5
       2
       4
       0
       3
       6
       1
       3
       2
       2
       1
       1
       3
       5
       4
       6
       5
       6
       2
       1
       1
       3
       2
       8
       3
       4
       4
      10
      10
       9
       3
       4
       4
       5
       3
       1
       7
       3
       4
       2
       4
       2
       1
       4
       3
       7
       2
       6
       5
       7
       3
       5
       5
       3
       4
       5
       3
       2
       2
       6
       5
       2
       0
       3
       1
       0
       3
       4
       4
       3
       5
       5
       1
       1
       4
       3
       2
       4
       0
       7
       2
       1
       2
      10
       6
       1
       1
       2
       1
       4
       1
       2
       3
       1
       4
       5
       3
       2
       3
       9
       9
      15
      20
      16
      15
       7
       5
       3
       2
       4
       9
       0
       4
       3
       1
       1
       3
       1
       6
       5
       6
       7
       5
       6
       4
       2
       6
      10
       1
       5
      13
      13
      13
      13
       1
       9
       6
       4
       3
       4
       2
       5
       5
       4
       3
       4
       7
       5
       3
       5
       1
       5
       2
       4
       1
       2
       3
       1
       7
       2
       2
       4
       3
       5
       3
       3
       1
       2
       4
       6
       5
       1
       2
       1
       1
       3
       2
       2
       3
       4
       3
       1
       3
       5
       4
       2
       3
       3
       1
       4
       1
       2
       3
       6
       2
       4
       4
       7
       5
       4
       4
       2
       5
       4
       1
       2
       5
       2
       3
       3
       3
       1
       1
       4
       2
       3
       4
       6
       1
       4
       8
       2
       4
       3
       2
       2
       6
       2
       2
       3
       3
       4
       2
       5
       4
       2
       1
       3
       2
       3
       2
       3
       3
       1
       1
       1
       2
       5
       3
       1
       2
       4
       2
       2
       1
       2
       2
       1
       3
       2
       4
       6
       1
       0
       4
       3
       4
       5
       3
       5
       4
       2
       4
       5
       5
       7
       7
       6
      19
      26
      43
      39
      17
      30
      11
       8
       1
       0
       5
       1
       0
       4
       5
       0
       4
       2
       3
       2
       3
       3
       1
       2
       2
       0
       3
       2
       3
       3
       3
       3
       1
       3
       2
       4
       7
       2
      10
       7
       9
       6
       6
       2
       1
       4
       3
       5
       3
       2
       1
       4
       1
       4
       1
       2
       3
       3
       3
       1
       3
       4
       2
       3
       1
       2
       6
       3
       1
       2
       1
       2
       6
       3
       5
       5
       4
       0
       3
       2
       6
       2
       1
       0
       2
       3
       3
       0
       2
       2
       0
       2
       1
       4
       7
       3
       0
       1
       2
       2
       2
       1
       2
       1
       3
       1
       2
       3
       3
       1
       4
       2
       5
       5
       0
       6
       2
       2
       4
       4
       5
       7
       1
       5
       5
       2
       0
       3
       2
       1
       1
       1
       3
       1
       2
       1
       1
       2
       4
       1
       4
       3
       1
       2
       2
       1
       1
       0
       1
       2
       1
       2
       2
       2
       2
       4
       2
       3
       3
       3
       3
       0
       0
       2
       3
       2
       1
       1
       2
       6
       1
       2
       0
       1
       1
       6
       5
       0
       3
       3
       5
       1
       5
       0
       2
       1
       3
       4
       3
       2
       4
       2
       4
       2
       5
       1
       1
       5
       3
       5
       7
       3
       3
       3
       1
       3
       1
       0
       1
       0
       3
       3
       2
       5
       1
       3
       1
       3
       2
       1
       3
       0
       3
       1
       1
       3
       2
       3
       0
       1
       4
       2
       3
       4
       4
       3
       2
       4
       1
       0
       5
       2
       4
       3
       1
       3
       2
       6
       5
      10
       8
       6
       3
       2
       1
       2
       3
       1
       0
       3
       4
       6
       0
       3
       0
       1
       1
       0
       1
       3
       4
       0
       0
       4
      10
       8
      10
      11
      16
       7
       2
       8
       0
       4
       0
       4
       4
       2
       3
       3
       1
       2
       2
       1
       0
       1
       3
       1
       3
       2
       2
       4
       1
       1
       3
       3
       6
       2
       2
       2
       2
       0
       2
       4
       2
       3
       2
       4
       2
       1
       3
       3
       1
       2
       1
       1
       1
       3
       0
       0
       2
       2
       2
       2
       1
       2
       1
       4
       3
       1
       2
       2
       2
       7
       1
       3
       2
       3
       0
       0
       4
       3
       2
       2
       2
       3
       3
       0
       4
       2
       4
       1
       3
       2
       3
       4
       2
       0
       4
       2
       6
       1
       2
       3
       3
       2
       1
       1
       2
       1
       2
       0
      11
       8
       5
       9
       5
       1
       2
       1
       1
       2
       2
       2
       7
       6
       8
       5
       6
       2
       2
       0
       2
       2
       3
       1
       0
       0
       3
       1
       2
       4
       0
       2
       2
       0
       1
       0
       2
       4
       1
       0
       3
       0
       2
       2
       1
       3
       1
       1
       1
       3
       4
       3
       4
       2
       1
       1
       2
       0
       1
       1
       1
       1
       0
       0
       2
       3
       3
       1
       6
       0
       3
       0
       0
       1
       4
       3
       0
       0
       0
       0
       5
       3
       5
       3
       7
       1
       3
       3
       3
       1
       0
       2
       3
       2
       3
       2
       1
       0
       3
       1
       0
       1
       1
       2
       2
       6
       2
       3
       0
       2
       3
       2
       1
       4
       0
       0
       4
       2
       3
       1
       3
       2
       0
       0
       1
       2
       2
       1
       3
       1
       1
       1
       1
       1
       2
       2
       4
       1
       2
       0
       0
       3
       3
       3
       3
       3
       0
       2
       2
       2
       2
       1
       3
       3
       1
       1
       4
       2
       1
       2
       5
       8
       4
       4
       5
       2
       5
       2
       5
       1
       2
       1
       3
       1
       1
       2
       1
       2
       1
       3
       2
       2
       1
       1
       2
       1
       2
       4
       1
       1
       1
       2
       1
       2
       1
       1
       1
       1
       2
       1
       0
       2
       0
       1
       2
       0
       2
       1
       1
       0
       3
       3
       1
       2
       1
       1
       0
       1
       2
       0
       1
       3
       6
       3
      16
      12
      12
      16
       3
       2
       3
       3
       1
       4
       1
       2
       2
       1
       1
       2
       1
       2
       1
       2
       3
       3
       1
       2
       0
       0
       1
       2
       3
       6
       5
       4
       3
       6
       4
       4
       1
       1
       4
       2
       2
       1
       2
       1
       0
       0
       1
       2
       0
       2
       1
       3
       0
       4
       1
       0
       0
       3
       2
       1
       2
       1
       1
       1
       1
       2
       1
       2
       2
       2
       2
       2
       0
       1
       2
       3
       1
       3
       1
       2
       1
       2
       1
       1
       4
       1
       4
       2
       4
       3
       0
       2
       1
       0
       2
       2
       3
       2
       6
       6
       4
       3
       0
       1
       0
       3
       3
       1
       2
       1
       1
       2
       2
       1
       2
       1
       0
       2
       0
       2
       2
       2
       2
       1
       1
       1
       2
       1
       2
       1
       1
       1
       0
       1
       3
       2
       1
       2
       2
       1
       1
       0
       0
       0
       1
       3
       1
       1
       1
       1
       1
       1
       0
       1
       2
       1
       1
       0
       3
       2
       0
       2
       3
       1
       0
       0
       0
       2
       1
       0
       0
       2
       1
       3
       0
       0
       0
       1
       1
       0
       1
       3
       2
       4
       3
       6
       4
       3
       1
       3
       1
       1
       2
       0
       2
       0
       0
       3
       0
       2
       1
       1
       2
       1
       2
       4
       3
       1
       1
       3
       0
       0
       0
       1
       1
       1
       1
       0
       5
       1
       0
       2
       3
       1
       1
       0
       2
       0
       0
       2
       2
       0
       1
       0
       0
       1
       1
       1
       4
       1
       1
       0
       2
       1
       1
       1
       3
       0
       3
       1
       0
       1
       0
       2
       1
       1
       2
       2
       2
       1
       1
       2
       3
       1
       0
       2
       3
       1
       0
       1
       3
       0
       2
       2
       4
       2
       0
       1
       0
       1
       1
       0
       1
       3
       1
       2
       1
       4
       1
       2
       2
       1
       1
       1
       1
       1
       2
       1
       1
       2
       2
       2
       1
       3
       0
       1
       1
       1
       1
       1
       1
       0
       1
       1
       2
       2
       7
       4
       2
       0
       3
       4
       1
       0
       1
       2
       2
       0
       0
       3
       1
       0
       1
       1
       4
       0
       0
       2
       1
       1
       0
       1
       0
       1
       2
       1
       2
       0
       1
       1
       0
       1
       2
       3
       5
       2
       3
       5
       1
       1
       2
       1
       0
       2
       0
       3
       0
       1
       1
       3
       4
       1
       1
       1
       1
       1
       1
       1
       2
       0
       4
       3
       0
       2
       1
       1
       0
       1
       1
       2
       1
       1
       1
       1
       3
       0
       2
       4
       1
       0
       1
       1
       0
       0
       0
       1
       1
       3
       1
       0
       0
       1
       1
       1
       1
       2
       0
       2
       2
       0
       1
       1
       0
       0
       1
       2
       0
       0
       0
       1
       1
       1
       1
       2
       0
       1
       3
       0
       1
       0
       0
       0
       2
       0
       2
       0
       1
       0
       0
       0
       0
       3
       0
       1
       1
       0
       0
       1
       0
       2
       1
       2
       1
       1
       3
       0
       1
       2
       0
       3
       1
       2
       1
       0
       0
       0
       0
       0
       0
       1
       2
       3
       2
       0
       0
       0
       1
       0
       4
       2
       2
       3
       0
       1
       1
       0
       2
       2
       0
       0
       1
       1
       1
       1
       4
       6
       4
       3
       5
       2
       4
       4
      21
      27
      18
      25
      19
      12
       8
       4
       5
       0
       0
       0
       0
       0
       0
       1
       0
       1
       0
       0
       0
       0
       2
       0
       0
       1
       2
       0
       0
       1
       0
       0
       0
       2
       0
       0
       1
       0
       3
       1
       1
       0
       0
       0
       1
       0
       1
       0
       0
       1
       0
       1
       0
       1
       2
       1
       0
       1
       1
       0
       1
       0
       0
       1
       0
       1
       2
       1
       0
       1
       0
       1
       0
       1
       1
       2
       1
       1
       0
       1
       0
       0
       0
       0
       0
       0
       3
       0
       2
       0
       0
       2
       1
       1
       0
       0
       0
       2
       1
       0
       0
       0
       1
       2
       1
       1
       1
       1
       1
       0
       0
       2
       1
       2
       0
       1
       1
       0
       1
       1
       0
       0
       1
       2
       1
       2
       2
       2
       1
       1
       2
       0
       1
       0
       1
       0
       1
       1
       0
       4
       0
       0
       0
       0
       2
       1
       1
       0
       4
       3
       0
       1
       1
       0
       3
       1
       0
       1
       1
       0
       0
       1
       0
       1
       0
       0
       1
       1
       0
       3
       0
       0
       0
       1
       0
       0
       0
       1
       0
       1
       0
       0
       0
       0
       2
       0
       2
       0
       0
       1
       1
       0
       2
       0
       2
       0
       0
       0
       0
       0
       1
       1
       1
       0
       0
       2
       0
       2
       1
       1
       2
       1
       1
       0
       0
       1
       1
       0
       1
       0
       1
       1
       0
       1
       2
       1
       0
       2
       1
       0
       0
       0
       1
       0
       3
       1
       0
       0
       1
       2
       1
       0
       0
       0
       0
       1
       0
       0
       0
       1
       0
       0
       0
       0
       0
       0
       0
       1
       1
       1
       0
       0
       0
       0
       1
       0
       2
       1
       0
       1
       1
       3
       1
       1
       0
       2
       1
       1
       0
       1
       1
       1
       0
       0
       2
       0
       0
       0
       0
       0
       0
       0
       1
       0
       1
       0
       2
       1
       0
       0
       2
       0
       1
       0
       0
       0
       0
       0
       0
       0
       0
       0
       0
       1
       1
       0
       0
       1
       2
       0
       0
       0
       0
       1
       2
       1
       0
       0
       0
       1
       2
       0
       0
       0
       0
       0
       1
       0
       3
       1
       0
       1
       0
       0
       5
       1
       1
       7
       7
       6
       5
       7
       3
       4
       0
       2
       0
       0
       0
       2
       1
       1
       0
       2
       0
       1
       0
       0
       1
       0
       0
       0
       0
       1
       1
       0
       0
       0
       0
       0
       0
       1
       0
       0
       1
       0
       1
       1
       0
       1
       1
       0
       1
       0
       1
       0
       1
       0
       3
       0
       2
       1
       1
       0
       0
       0
       0
       0
       1
       1
       1
       0
       0
       1
       0
       0
       0
       0
       0
       2
       0
       1
       0
       0
       1
       1
       1
       1
       0
       0
       0
       0
       0
       1
       0
       1
       0
       1
       1
       0
       0
       0
       2
       0
       0
       0
       0
       0
       1
       0
       0
       0
       0
       0
       0
       1
       1
       0
       0
       0
       0
       1
       0
       0
       0
       1
       1
       0
       0
       0
       0
       0
       0
       2
       0
       0
       1
       0
       0
       0
       0
       0
       2
       0
       1
       0
       0
       0
       1
       0
       0
       0
       1
       3
       1
       0
       1
       0
       0
       0
       0
       0
       0
       0
       0
       0
       0
       0
       0
       1
       1
       2
       1
       0
       0
       1
       0
       0
       0
       0
       0
       0
       0
       0
       1
       1
       1
       0
       0
       0
       1
       0
       0
       0
       0
       0
       0
       1
       0
       1
       0
       0
       1
       0
       2
       0
       1
       1
       1
       0
       0
       0
       0
       0
       1
       4
       1
       2
       2
       2
       4
       1
       2
       1
       0
       2
       0
       0
       0
       1
       0
       0
       3
       0
       1
       1
       1
       0
       0
       0
       1
       1
       0
       1
       1
       0
       0
       0
       2
       0
       0
       0
       1
       1
       1
       1
       0
       0
       0
       0
       0
       0
       1
       0
       0
       0
       0
       0
       0
       1
       1
       0
       1
       0
       0
       1
       1
       0
       0
       0
       0
       0
       1
       0
       0
       1
       0
       0
       0
       0
       2
       0
       3
       2
       1
       0
       0
       0
       0
       0
       0
       0
       0
       0
       0
       2
       1
       0
       1
       1
       0
       0
       0
       0
       2
       0
       0
       0
       0
       0
       1
       0
       1
       0
       1
       0
       1
       0
       0
       0
       0
       1
       0
       0
       1
       0
       0
       0
       1
       1
       0
       0
       0
       2
       1
       0
       0
       1
       0
       0
       0
       1
       1
       1
       0
       0
       1
       0
       1
       0
       0
       0
       0
       0
       2
       0
       0
       0
       0
       0
       1
       1
       2
       0
       0
       1
       0
       1
       0
       0
       0
       0
       0
       0
       0
       0
       0
       0
       1
       2
       0
       0
       1
       0
       0
       0
       1
       0
       0
       0
       0
       1
       1
       0
       4
       0
       0
       0
       2
       0
       2
       0
       0
       0
       0
       0
       0
       0
       0
       0
       1
       0
       0
       4
       0
       1
       1
       1
       0
       0
       0
       0
       0
       0
       1
       3
       3
       0
       3
       4
       3
       0
       0
       2
       3
       0
       0
       0
       0
       0
       0
       0
       0
       0
       0
       0
       1
       2
       0
       0
       0
       0
       0
       0
       2
       0
       0
       0
       0
       1
       0
       0
       1
       0
       0
       1
       0
       0
       1
       1
       0
       0
       0
       0
       0
       0
       0
       0
       0
       0
       0
       0
       0
       0
       0
       0
       0
       0
       1
       0
       1
       1
       0
       1
       2
       3
       0
       1
       3
       1
       3
       3
       0
       1
       0
       0
       0
       1
       1
       0
       0
       0
       0
       0
       0
       0
       0
       0
       0
       0
       0
       0
       0
       0
       0
       0
       1
       0
       0
       0
       1
       2
       0
       0
       0
       0
       0
       0
       0
       0
       0
       0
       1
       0
       0
       0
       0
       1
       0
       1
       0
       1
       0
       0
       0
       0
       0
       0
       0
       0
       0
       0
       0
       0
       0
       0
       0
       1
       0
       0
       0
       1
       0
       0
       0
       0
       0
       0
       0
       0
       0
       0
       0
       0
       0
       0
       0
       0
       0
       1
       0
       0
       0
       0
       1
       1
       0
       0
       0
       0
       0
       0
       0
       0
       0
       0
       0
       1
       1
       0
       0
       0
       1
       0
       0
       0
       0
       0
       1
       0
       0
       0
       0
       0
       0
       0
       0
       0
       0
       0
       1
       1
       0
       0
       0
       1
       0
       0
       0
       0
       1
       2
       1
       2
       0
       0
       0
       0
       0
       1
       0
       0
       0
       0
       0
       0
       0
       0
       0
       0
       0
       0
       0
       1
       0
       0
       1
       0
       0
       1
       0
       0
       0
       0
       0
       0
       1
       0
       0
       0
       0
       0
       0
       0
       0
       0
       0
       0
       0
       0
       1
       1
       1
       0
       0
       0
       0
       0
       0
       1
       0
       0
       0
       0
       0
       0
       0
       0
       0
       0
       0
       0
       0
       0
       0
       0
       1
       1
       1
       0
       0
       0
       1
       0
       0
       0
       0
       0
       2
       0
       1
       0
       0
       0
       0
       0
       0
       0
       0
       1
       0
       0
       0
       0
       0
       0
       1
       0
       0
       0
       0
       0
       0
       0
       0
       0
       0
       1
       0
       1
       0
       1
       0
       0
       2
       0
       1
       0
       0
       0
       0
       0
       0
       0
       0
       0
       0
       0
       0
       1
       0
       0
       0
       0
       0
       0
       0
       0
       0
       0
       0
       0
       0
       0
       0
       0
       0
       0
       1
       0
       0
       0
       1
       0
       0
       0
       0
       0
       0
       1
       0
       0
       0
       0
       1
       0
       0
       0
       0
       1
       1
       1
       0
       1
       1
       0
       0
       2
       0
       1
       1
       1
       2
       1
       1
       1
       0
       0
       0
       0
       0
       0
       0
       0
       0
       0
       1
       0
       0
       0
       0
       0
       0
       0
       0
       0
       0
       0
       0
       0
       0
       0
       0
       0
       0
       0
       0
       0
       0
       0
       1
       0
       1
       0
       1
       0
       0
       0
       0
       0
       0
       0
       0
       0
       0
       0
       0
       0
       0
       0
       0
       0
       0
       0
       0
       0
       0
       0
       0
       0
       1
       0
       0
       1
       0
       0
       0
       1
       0
       0
       0
       0
       0
       0
       1
       0
       0
       0
       0
       0
       0
       1
       0
       0
       0
       0
       0
       0
       0
       0
       0
       1
       0
       0
       0
       0
       0
       0
       0
       1
       1
       0
       0
       0
       0
       0
       1
       0
       0
       2
       0
       0
       0
       0
       0
       0
       0
       0
       0
       0
       0
       0
       0
       1
       1
       1
       0
       0
       0
       0
       0
       0
       0
       0
       0
       0
       0
       0
       0
       0
       1
       0
       0
       1
       0
       0
       2
       0
       0
       0
       0
       1
       0
       0
       0
       0
       0
       0
       0
       0
       0
       0
       0
       0
       0
       0
       0
       0
       0
       0
       0
       0
       0
       0
       0
       0
       0
       0
       0
       0
       0
       0
       0
       0
       0
       0
       0
       0
       0
       0
       0
       1
       0
       1
       0
       0
       0
       1
       0
       0
       0
       0
       0
       1
       0
       0
       1
       1
       0
       0
       1
       0
       0
       1
       0
       0
       0
       1
       0
       0
       0
       0
       0
       0
       0
       0
       0
       0
       0
       0
       0
       0
       0
       0
       0
       0
       0
       0
       0
       0
       0
       0
       1
       0
       0
       0
       0
       0
       0
       0
       1
       0
       0
       0
       0
       0
       0
       0
       0
       0
       0
       1
       0
       1
       0
       0
       0
       0
       0
       0
       0
       1
       1
       0
       1
       0
       0
       0
       0
       0
       0
       1
       0
       0
       1
       0
       0
       2
       0
       0
       0
       0
       0
       0
       0
       1
       0
       0
       0
       0
       0
       1
       0
       1
       0
       0
       0
       1
       1
       0
       1
       0
       0
       0
       0
       0
       0
       0
       0
       0
       0
       0
       0
       0
       0
       0
       0
       0
       0
       0
       1
       0
       0
       0
       0
       0
       0
       0
       0
       0
       0
       0
       0
       1
       0
       0
       0
       0
       0
       0
       0
       0
       0
       0
       0
       0
       0
       0
       0
       0
       0
       0
       0
       0
       0
       0
       0
       0
       0
       0
       0
       0
       0
       0
       0
       2
       0
       0
       0
       0
       0
       0
       0
       0
       0
       0
       0
       0
       0
       0
       0
       0
       0
       0
       0
       0
       0
       0
       0
       1
       0
       0
       0
       1
       1
       0
       0
       0
       0
       0
       0
       0
       0
       0
       0
       1
       0
       0
       1
       0
       1
       0
       0
       0
       1
       0
       0
       0
       1
       0
       0
       1
       0
       1
       0
       0
       0
       0
       1
       0
       0
       0
       0
       0
       0
       1
       0
       1
       1
       0
       0
       0
       0
       0
       0
       0
       0
       0
       1
       0
       0
       1
       0
       1
       0
       0
       0
       0
       1
       0
       0
       0
       0
       0
       1
       0
       0
       1
       0
       0
       0
       1
       0
       0
       0
       0
       0
       0
       0
       0
       0
       0
       0
       1
       0
       0
       1
       0
       0
       0
       0
       0
       0
       1
       0
       0
       0
       0
       0
       0
       0
       0
       0
       1
       0
       0
       0
       0
       0
       0
       0
       0
       0
       0
       0
       0
       0
       0
       0
       0
       0
       0
       1
       1
       0
       1
       0
       0
       0
       0
       0
       1
       0
       0
       0
       1
       0
       0
       0
       0
       1
       0
       0
       0
       0
       0
       0
       0
       0
       0
       0
       0
       0
       0
       0
       0
       0
       0
       0
       0
       0
       0
       0
       0
       0
       0
       0
       0
       0
       0
       0
       0
       0
       0
       0
       0
       0
       0
       0
       0
       0
       0
       0
       0
       0
       1
       0
       0
       0
       0
       0
       0
       0
       0
       0
       0
       0
       0
       0
       0
       0
       0
       0
       0
       0
       1
       0
       0
       0
       0
       0
       0
       1
       0
       0
       0
       0
       0
       1
       0
       0
       0
       0
       1
       0
       1
       0
       1
       0
       0
       0
       0
       0
       0
       0
       0
       0
       0
       2
       0
       1
       0
       0
       0
       0
       0
       0
       0
       0
       0
       0
       0
       0
       0
       0
       0
       0
       0
       0
       0
       0
       0
       0
       0
       0
       0
       0
       0
       0
       0
       0
       0
       1
       0
       0
       0
       0
       0
       0
       0
       0
       0
       1
       0
       0
       0
       0
       0
       0
       0
       0
       0
       0
       0
       0
       0
       0
       0
       0
       0
       0
       2
       0
       1
       1
       1
       0
       1
       0
       1
       0
       0
       1
       0
       0
       0
       0
       0
       0
       0
       0
       0
       0
       0
       0
       0
       0
       0
       0
       0
       0
       0
       0
       0
       0
       0
       0
       0
       0
       0
       0
       0
       1
       0
       0
       0
       0
       0
       0
       0
       0
       0
       0
       0
       0
       0
       0
       2
       0
       0
       0
       0
       0
       0
       0
       0
       0
       0
       0
       0
       0
       0
       0
       1
       1
       0
       0
       0
       0
       0
       0
       0
       0
       0
       0
       0
       0
       0
       0
       0
       0
       0
       0
       0
       0
       0
       0
       0
       0
       0
       0
       0
       0
       0
       0
       0
       0
       0
       1
       0
       0
       0
       0
       0
       0
       0
       0
       0
       0
       0
       0
       0
       0
       0
       0
       0
       0
       0
       0
       0
       0
       0
       0
       0
       0
       0
       1
       0
       0
       0
       0
       0
       0
       0
       0
       0
       0
       0
       0
       0
       0
       0
       0
       0
       0
       0
       0
       0
       2
       0
       1
       0
       0
       0
       1
       0
       0
       0
       0
       0
       1
       0
       0
       0
       0
       0
       0
       0
       0
       0
       0
       0
       0
       0
       0
       0
       0
       0
       1
       0
       0
       0
       1
       0
       0
       0
       0
       0
       0
       0
       0
       1
       0
       0
       0
       0
       0
       1
       0
       1
       0
       0
       0
       0
       0
       0
       0
       0
       0
       0
       0
       0
       0
       0
       0
       0
       0
       0
       0
       0
       0
       0
       0
       0
       0
       0
       0
       0
       0
       0
       0
       0
       0
       0
       0
       0
       0
       0
       0
       0
       0
       0
       0
       0
       0
       0
       0
       0
       0
       1
       0
       1
       0
       0
       0
       0
       0
       0
       0
       0
       0
       0
       0
       0
       0
       0
       0
       0
       0
       1
       0
       0
       0
       0
       0
       0
       0
       0
       0
       1
       0
       0
       0
       0
       0
       0
       0
       0
       0
       0
       2
       0
       0
       0
       0
       0
       0
       1
       0
       0
       0
       0
       0
       0
       1
       0
       0
       0
       0
       0
       1
       0
       0
       0
       0
       1
       0
       0
       0
       0
       0
       0
       0
       0
       0
       0
       0
       0
       0
       0
       0
       0
       0
       0
       0
       0
       0
       0
       0
       0
       0
       0
       0
       0
       0
       1
       0
       1
       2
       0
       1
       0
       0
       0
       0
       1
       0
       0
       0
       0
       0
       0
       0
       0
       0
       0
       0
       0
       0
       1
       1
       0
       0
       0
       0
       0
       0
       0
       0
       0
       1
       0
       0
       0
       1
       0
       0
       0
       0
       0
       0
       0
       0
       1
       0
       0
       0
       0
       0
       1
       1
       0
       0
       0
       0
       0
       0
       0
       0
       0
       0
       0
       0
       0
       0
       0
       1
       0
       1
       0
       0
       0
       0
       0
       0
       0
       0
       0
       0
       0
       0
       0
       0
       0
       0
       0
       0
       0
       0
       0
       0
       0
       0
       0
       0
       0
       0
       0
       0
       0
       0
       0
       0
       0
       0
       0
       0
       0
       0
       0
       0
       0
       0
       0
       0
       0
       0
       1
       0
       0
       0
       1
       1
       0
       0
       0
       1
       0
       0
       0
       0
       0
       0
       0
       0
       0
       0
       0
       0
       0
       0
       0
       0
       0
       0
       0
       0
       0
       0
       0
       0
       0
       0
       0
       0
       0
       0
       0
       0
       0
       0
       0
       1
       1
       0
       0
       0
       0
       0
       0
       0
       1
       0
       0
       0
       0
       1
       0
       0
       0
       0
       0
       0
       1
       0
       0
       0
       0
       0
       0
       0
       0
       1
       0
       0
       0
       0
       0
       0
       0
       0
       1
       0
       0
       0
       0
       0
       0
       0
       0
       0
       0
       0
       0
       0
       0
       0
       0
       0
       0
       0
       0
       0
       1
       0
       0
       0
       0
       0
       0
       0
       1
       0
       0
       0
       0
       0
       0
       0
       0
       0
       0
       1
       0
       0
       0
       0
       0
       0
       0
       0
       0
       0
       0
       0
       0
       0
       1
       0
       0
       0
       0
       0
       0
       0
       0
       0
       0
       0
       1
       1
       0
       0
       0
       0
       0
       0
       0
       0
       0
       0
       0
       0
       0
       0
       0
       0
       0
       0
       0
       0
       0
       0
       0
       1
       0
       0
       0
       0
       0
       0
       0
       0
       0
       0
       0
       0
       0
       0
       0
       0
       0
       0
       1
       0
       0
       0
       0
       0
       0
       0
       0
       0
       0
       0
       0
       0
       0
       0
       0
       0
       0
       1
       0
       1
       0
       0
       0
       0
       0
       1
       0
       0
       0
       0
       0
       0
       0
       0
       0
       0
       0
       0
       0
       0
       1
       0
       0
       0
       0
       0
       0
       0
       0
       0
       0
       0
       0
       0
       0
       0
       0
       0
       0
       0
       0
       0
       0
       0
       2
       0
       0
       0
       0
       0
       0
       0
       0
       0
       0
       0
       0
       0
       0
       0
       0
       0
       0
       0
       0
       0
       0
       0
       0
       0
       1
       0
       0
       0
       0
       0
       0
       0
       0
       0
       0
       0
       0
       0
       0
       0
       0
       0
       0
       0
       0
       0
       0
       0
       0
       0
       0
       0
       0
       0
       0
       0
       0
       0
       0
       0
       0
       0
       0
       0
       0
       0
       0
       0
       0
       0
       0
       0
       0
       0
       0
       0
       0
       0
       1
       0
       0
       0
       0
       0
       0
       0
       0
       0
       0
       0
       0
       0
       0
       0
       0
       0
       0
       0
       0
       0
       0
       0
       0
       0
       0
       0
       0
       0
       0
       0
       0
       0
       0
       0
       0
       0
       0
       0
       0
       0
       0
       0
       0
       0
       0
       0
       0
       0
       0
       0
       0
       0
       0
       0
       0
       0
       0
       0
       0
       0
       0
       0
       0
       0
       0
       0
       0
       0
       0
       0
       0
       1
       0
       0
       0
       0
       0
       0
       0
       0
       0
       0
       0
       0
       0
       0
       0
       0
       0
       0
       0
       0
       0
       0
       0
       0
       0
       0
       0
       0
       0
       0
       0
       0
       0
       0
       0
       0
       0
       0
       0
       0
       0
       0
       0
       0
       0
       0
       0
       0
       0
       0
       0
       0
       0
       0
       0
       0
       0
       0
       0
       0
       0
       0
       0
       0
       0
       0
       0
       0
       0
       0
       1
       0
       0
       0
       0
       0
       0
       0
       0
       0
       0
       0
       0
       0
       0
       0
       0
       0
       0
       0
       0
       0
       0
       0
       0
       0
       0
       0
       0
       0
       0
       0
       0
       0
       0
       0
       0
       1
       0
       0
       0
       0
       0
       0
       0
       0
       0
       0
       0
       0
       0
       0
       0
       0
       0
       0
       0
       0
       0
       0
       0
       0
       0
       0
       0
       0
       0
       0
       0
       2
       0
       0
       0
       0
       0
       0
       0
       0
       0
       0
       0
       0
       0
       0
       0
       0
       0
       1
       0
       0
       2
       2
       2
       1
       1
       2
       1
       2
       0
       0
       0
       0
       0
       0
       0
       0
       0
       0
       0
       0
       0
       0
       0
       0
       0
       0
       0
       0
       0
       0
       0
       0
       0
       0
       0
       0
       0
       0
       0
       0
       0
       0
       0
       0
       0
       0
       0
       0
       1
       0
       0
       0
       0
       0
       0
       0
       0
       0
       0
       0
       0
       0
       0
       0
       0
       0
       0
       0
       0
       0
       0
       0
       0
       0
       0
       0
       0
       0
       0
       0
       0
       0
       0
       0
       0
       0
       0
       0
       0
       0
       0
       0
       0
       0
       0
       0
       0
       0
       0
       0
       0
       1
       0
       0
       0
       0
       0
       0
       0
       0
       0
       0
       0
       0
       0
       0
       0
       0
       0
       0
       0
       0
       0
       0
       0
       0
       0
       0
       0
       0
       0
       0
       0
       0
       0
       0
       0
       0
       0
       0
       0
       0
       0
       0
       0
       0
       0
       0
       0
       0
       0
       0
       0
       0
       0
       0
       0
       0
       0
       0
       0
       0
       0
       0
       0
       0
       0
       0
       0
       0
       0
       0
       0
       0
       0
       0
       0
       0
       0
       0
       0
       0
       0
       0
       0
       0
       0
       0
       0
       0
       0
       0
       0
       0
       0
       0
       0
       0
       0
       0
       0
       0
       0
       0
       0
       0
       0
       0
       0
       0
       0
       0
       0
       0
       0
       0
       0
       0
       0
       0
       0
       0
       0
       0
       0
       0
       0
       0
       0
       0
       0
       0
       0
       0
       0
       0
       0
       0
       0
       0
       0
       0
       0
       0
       0
       0
       0
       0
       0
       0
       0
       0
       0
       0
       0
       0
       0
       0
       0
       0
       0
       0
       0
       0
       0
       0
       0
       0
       0
       0
       0
       0
       0
       0
       0
       0
       0
       0
       0
       0
       0
       0
       0
       0
       0
       0
       0
       0
       0
       0
       0
       0
       0
       0
       0
       0
       0
       0
       0
       0
       0
       0
       0
       0
       0
       0
       0
       0
       0
       0
       0
       0
       0
       0
       0
       0
       0
       0
       0
       0
       0
       0
       0
       0
       0
       0
       1
       0
       0
       0
       0
       0
       0
       0
       0
       0
       0
       0
       0
       0
       0
       0
       0
       0
       0
       0
       0
       0
       0
       0
       0
       0
       0
       0
       0
       0
       0
       0
       0
       0
       0
       0
       0
       0
       0
       0
       0
       0
       0
       0
       0
       0
       0
       0
       0
       0
       0
       0
       0
       0
       0
       0
       0
       0
       0
       0
       0
       0
       0
       0
       0
       0
       0
       0
       0
       0
       0
       0
       0
       0
       0
       0
       1
       0
       0
       0
       0
       0
       0
       0
       0
       0
       0
       0
       0
       0
       0
       0
       0
       0
       0
       0
       0
       0
       0
       0
       0
       0
       0
       0
       0
       0
       0
       0
       0
       0
       0
       0
       0
       0
       0
       0
       0
       0
       0
       0
       0
       0
       0
       0
       0
       0
       0
       0
       0
       0
       0
       0
       0
       0
       0
       0
       0
       0
       0
       0
       0
       0
       0
       0
       0
       0
       0
       0
       0
       0
       0
       0
       0
       0
       0
       0
       0
       0
       0
       0
       0
       0
       0
       0
       0
       0
       0
       0
       0
       0
       0
       0
       0
       0
       0
       0
       0
       0
       0
       0
       0
       0
       0
       0
       0
       0
       0
       0
       0
       0
       0
       0
       0
       0
       0
       0
       0
       0
       0
       0
       0
       0
       0
       0
       0
       0
       0
       0
       0
       0
       0
       0
       0
       0
       0
       0
       0
       0
       0
       0
       0
       0
       0
       0
       0
       0
       0
       0
       0
       0
       0
       0
       0
       0
       0
       0
       0
       0
       0
       0
       0
       0
       0
       0
       0
       0
       0
       0
       0
       0
       0
       0
       0
       0
       0
       0
       0
       0
       0
       0
       0
       0
       0
       0
       0
       0
       0
       0
       0
       0
       0
       0
       0
       0
       0
       0
       0
       0
       0
       0
       0
       0
       0
       0
       0
       0
       0
       0
       0
       0
       0
       0
       0
       0
       0
       0
       0
       0
       0
       0
       0
       0
       0
       0
       0
       0
       0
       0
       0
       0
       0
       0
       0
       0
       0
       0
       0
       0
       0
       0
       0
       0
       0
       0
       0
       0
       0
       0
       0
       0
       0
       0
       0
       0
       0
       0
       0
       0
       0
       0
       0
       0
       0
       0
       0
       0
       0
       0
       0
       0
       0
       0
       0
       0
       0
       0
       0
       0
       0
       0
       0
       0
       0
       0
       0
       0
       0
       0
       0
       0
       0
       0
       0
       0
       0
       0
       0
       0
       0
       0
       0
       0
       0
       0
       0
       0
       0
       0
       0
       0
       0
       0
       0
       0
       0
       0
       0
       0
       0
       0
       0
       0
       0
       0
       0
       0
       0
       0
       0
       0
       0
       0
       0
       0
       0
       0
       0
       0
       0
       0
       0
       0
       0
       0
       0
       0
       0
       0
       0
       0
       0
       0
       0
       0
       0
       0
       0
       0
       0
       0
       0
       0
       0
       0
       0
       0
       0
       0
       0
       0
       0
       0
       0
       0
       0
       0
       0
       0
       0
       0
       0
       0
       0
       0
       0
       0
       0
       0
       0
       0
       0
       0
       0
       0
       0
       0
       0
       0
       0
       0
       0
       0
       0
       0
       0
       0
       0
       0
       0
       0
       0
       0
       0
       0
       0
       0
       0
       0
       0
       0
       0
       0
       0
       0
       0
       0
       1
       0
       0
       0
       0
       0
       0
       0
       0
       0
       0
       0
       0
       0
       0
       0
       0
       0
       0
       0
       0
       0
       0
       0
       0
       0
       0
       0
       0
       0
       0
       0
       0
       0
       0
       0
       0
       0
       0
       0
       0
       0
       0
       0
       0
       0
       0
       0
       0
       0
       0
       0
       0
       0
       0
       0
       0
       0
       0
       0
       0
       0
       0
       0
       0
       0
       0
       0
       0
       0
       0
       0
       0
       0
       0
       0
       0
       0
       0
       0
       0
       0
       0
       0
       0
       0
       0
       0
       0
       1
       0
       0
       0
       0
       0
       0
       0
       0
       0
       0
       0
       0
       0
       0
       0
       0
       0
       0
       0
       0
       0
       0
       0
       0
       0
       0
       0
       0
       0
       0
       0
       0
       0
       0
       0
       0
       0
       0
       0
       0
       0
       0
       0
       0
       0
       0
       0
       0
       0
       0
       0
       0
       0
       0
       0
       0
       0
       0
       0
       0
       0
       0
       0
       0
       0
       0
       0
       0
       0
       1
       0
       0
       0
       0
       0
       0
       0
       0
       0
       0
       0
       0
       0
       0
       0
       0
       0
       0
       0
       0
       0
       0
       0
       0
       0
       0
       0
       0
       0
       0
       0
       0
       0
       0
       1
       0
       0
       0
       0
       0
       0
       0
       0
       0
       0
       0
       0
       0
       0
       0
       0
       0
       0
       0
       0
       0
       0
       0
       0
       0
       0
       0
       0
       0
       0
       0
       0
       0
       0
       0
       0
       0
       0
       0
       0
       0
       0
       0
       0
       0
       0
       0
       0
       0
       0
       0
       0
       0
       0
       0
       0
       0
       0
       0
       0
       0
       0
       0
       0
       0
       0
       0
       0
       0
       0
       0
       0
       0
       0
       0
       0
       0
       0
       0
       0
       0
       0
       0
       0
       0
       0
       0
       0
       0
       0
       0
       0
       0
       0
       0
       0
       0
       0
       0
       0
       0
       0
       0
       0
       0
       0
       0
       0
       0
       0
       0
       0
       0
       0
       0
       0
       0
       0
       0
       0
       0
       0
       0
       0
       0
       0
       0
       0
       0
       0
       0
       0
       0
       0
       0
       0
       0
       0
       0
       0
       0
       0
       0
       0
       0
       0
       0
       0
       0
       0
       0
       0
       0
       0
       0
       0
       0
       0
       0
       0
       0
       0
       0
       0
       0
       0
       0
       0
       0
       0
       0
       0
       0
       0
       0
       0
       0
       0
       0
       0
       0
       0
       0
       0
       0
       0
       0
       0
       0
       0
       0
       0
       0
       0
       0
       0
       0
       0
       0
       0
       0
       0
       0
       0
       0
       0
       0
       0
       0
       0
       0
       0
       0
       0
       0
       0
       0
       0
       0
       0
       0
       0
       0
       0
       0
       0
       0
       0
       0
       0
       0
       0
       0
       0
       0
       0
       0
       0
       0
       0
       0
       0
       0
       0
       0
       0
       0
       0
       0
       0
       0
       0
       0
       0
       0
       0
       0
       0
       0
       0
       0
       0
       0
       0
       0
       0
       0
       0
       0
       0
       0
       0
       0
       0
       0
       0
       0
       0
       0
       0
       0
       0
       0
       0
       0
       0
       0
       0
       0
       0
       0
       0
       0
       0
       0
       0
       0
       0
       0
       0
       0
       0
       0
       0
       0
       0
       0
       0
       0
       0
       0
       0
       0
       0
       0
       0
       0
       0
       0
       0
       0
       0
       0
       0
       0
       0
       0
       0
       0
       0
       0
       0
       0
       0
       0
       0
       0
       0
       0
       0
       0
       0
       0
       0
       0
       0
       0
       0
       0
       0
       0
       0
       0
       0
       0
       0
       0
       0
       0
       0
       0
       0
       0
       0
       0
       0
       0
       0
       0
       0
       0
       0
       0
       0
       0
       0
       0
       0
       0
       0
       0
       0
       0
       0
       0
       0
       0
       0
       0
       0
       0
       0
       0
       0
       0
       0
       0
       0
       0
       0
       0
       0
       0
       0
       0
       0
       0
       0
       0
       0
       0
       0
       0
       0
       0
       0
       0
       0
       0
       0
       0
       0
       0
       0
       0
       0
       0
       0
       0
       0
       0
       0
       0
       0
       0
       0
       0
       0
       0
       0
       0
       0
       0
       0
       0
       0
       0
       0
       0
       0
       0
       0
       0
       0
       0
       0
       0
       0
       0
       0
       0
       0
       0
       0
       0
       0
       0
       0
       0
       0
       0
       0
       0
       0
       0
$ROI:
0
$PRESETS:
Real Time
180
0
$ENER_FIT:
0.888569 0.390988
$MCA_CAL:
3
8.885689E-001 3.909876E-001 3.191953E-008 keV
$SHAPE_CAL:
3
0.000000E+000 0.000000E+000 0.000000E+000
