$SPEC_ID:
1
$SPEC_REM:
DET# 2
DETDESC# MCB 130 Normal
AP# Maestro Version 7.01
$DATE_MEA:
09/26/2019 06:51:44
$MEAS_TIM:
178 180
$DATA:
0 8191
       0
       0
       0
       0
       0
       0
       0
       0
       0
       0
       0
       0
       0
       0
       0
       0
       0
       0
       0
       0
       0
       0
       0
       0
       0
       0
      11
     320
      86
      49
      64
      87
     131
     138
     145
      99
      87
      84
     104
     124
     144
     158
     128
     138
     131
     118
      71
      53
      81
      71
      89
      69
      75
      61
      74
      75
      66
      79
      73
      80
      86
      74
      76
      70
      80
      68
      71
      86
      90
     116
     207
     219
     155
     114
     106
     134
     160
     162
     130
     111
     109
      99
      89
     102
     122
      82
     111
     131
     213
     324
     332
     200
     101
      59
      65
      83
      79
      86
      89
      96
      93
     139
     165
     116
     116
      83
      79
      74
      59
      96
      65
      74
      72
      68
      86
      69
      63
      71
      81
      67
      77
      77
      72
      86
      95
     137
     104
      82
      79
      84
      90
      76
      82
      66
      56
      74
      67
      76
      71
      78
      61
      73
      94
     124
     146
     223
     149
      79
      92
      75
      86
     105
      73
      89
      93
      98
      99
      94
      79
     105
      98
     103
      81
      82
      82
     103
     102
      91
      94
      91
      98
      92
     114
      98
     107
     111
      88
     109
     100
     103
      96
      92
     115
     106
     107
     118
     104
     125
     105
     144
     152
     127
     102
     107
     111
     111
     126
     105
     122
     115
     124
     115
     128
     138
     182
     312
     281
     198
     131
     115
      98
     128
     123
     125
     144
     146
     136
     123
     113
     151
     157
     159
     144
     120
     113
     145
     129
     127
     149
     133
     123
     148
     132
     128
     131
     126
     125
     138
     146
     156
     167
     182
     142
     128
     138
     117
     111
     127
     135
     189
     231
     231
     238
     258
     220
     175
     160
     121
     130
     142
     119
     153
     181
     253
     306
     221
     144
     124
     185
     334
     379
     244
     151
     129
     109
     121
     105
     105
     107
     112
     123
     131
     140
     141
     129
     121
     114
     122
     106
     109
     130
     114
     103
     132
     111
     124
     134
     146
     169
     152
     128
     109
     109
     123
     118
     101
     131
     124
     118
     106
     114
     123
     119
      92
     104
     105
      82
     100
     100
     103
     120
     111
     101
      90
      91
     102
     116
     102
     119
     118
     104
     100
      97
     117
     106
     105
      95
     103
     101
      95
     117
      97
      98
     100
      95
     106
     105
     100
      96
      99
      94
     101
      92
      99
      91
     111
     219
     514
     720
     494
     197
     108
      93
      77
      84
      94
      82
     102
      94
      89
     108
     131
     106
      84
      92
      96
      73
      88
      86
      85
      99
      80
      89
      95
      78
      89
      86
      83
      78
      72
      86
      71
      69
      73
      85
      64
      75
      80
      92
      72
      68
      83
      73
      74
      74
      85
      76
      85
      67
      92
      67
      72
      93
      71
      84
      88
     100
      88
      71
      73
      75
      76
      76
      84
      71
      73
      64
      84
      63
      77
      66
      87
      78
      75
      65
      63
      80
      70
      71
      71
      75
      57
      66
      65
      70
      71
      72
      48
      73
      62
      59
      69
      65
      69
      72
      61
      66
      64
      63
      69
      77
     100
      77
      76
      81
      55
      56
      59
      63
      49
      63
      69
      64
      68
      73
      65
      64
      63
      59
      69
      56
      54
      69
      52
      47
      46
      52
      62
      54
      54
      61
      58
      63
      59
      56
      37
      52
      58
      62
      57
      60
      46
      63
      78
      58
      61
      52
      43
      51
      48
      51
      69
      52
      57
      48
      46
      38
      43
      51
      52
      52
      44
      47
      51
      61
      51
      54
      56
      66
      50
      47
      50
      61
      55
      66
      77
      74
      59
      53
      49
      56
      57
      55
      44
      50
      41
      67
      41
      45
      62
      62
      58
      44
      47
      44
      34
      42
      46
      49
      45
      37
      37
      48
      43
      43
      50
      37
      48
      42
      45
      51
      57
      32
      59
      41
      37
      39
      35
      47
      51
      63
     156
     317
     379
     270
     131
      49
      40
      30
      50
      30
      68
      43
      56
      54
      48
      38
      33
      37
      43
      42
      36
      40
      54
      48
      53
      44
      38
      44
      54
      57
      59
      41
      41
      51
      48
      34
      59
      44
      53
      50
      48
      45
      50
      44
      32
      51
      31
      35
      33
      39
      39
      32
      41
      34
      71
     161
     319
     429
     297
     114
      43
      43
      27
      40
      38
      33
      35
      36
      30
      36
      35
      38
      37
      32
      38
      34
      34
      30
      35
      41
      28
      35
      24
      42
      29
      35
      39
      29
      20
      29
      35
      30
      30
      33
      35
      25
      22
      49
      32
      42
      43
      39
      42
      30
      28
      31
      30
      32
      20
      31
      32
      30
      39
      26
      33
      37
      29
      34
      36
      37
      31
      34
      35
      28
      33
      39
      49
      72
      89
      94
      60
      41
      31
      36
      26
      43
      28
      32
      28
      19
      22
      18
      28
      32
      33
      34
      33
      42
      30
      34
      36
      23
      27
      25
      32
      22
      24
      32
      24
      24
      25
      33
      25
      29
      31
      40
      64
     130
     203
     173
     101
      50
      36
      45
      46
      43
      31
      30
      28
      30
      45
      57
      46
      41
      33
      27
      33
      20
      38
      26
      30
      23
      37
      23
      25
      24
      24
      25
      32
      24
      25
      27
      30
      19
      23
      24
      27
      36
      35
      29
      27
      18
      27
      25
      20
      17
      22
      30
      25
      21
      17
      18
      17
      22
      24
      31
      39
      61
      68
      57
      42
      35
      19
      27
      31
      39
      37
      28
      30
      27
      27
      18
      21
      18
      20
      27
      20
      27
      20
      29
      26
      29
      20
      25
      21
      18
      25
      23
      33
      45
      30
      23
      32
      21
      21
      22
      21
      24
      14
      19
      26
      21
      32
      33
      40
      22
      14
      15
      18
      23
      19
      26
      28
      23
      27
      25
      20
      20
      34
      21
      28
      27
      25
      15
      20
      29
      21
      20
      23
      19
      18
      27
      23
      22
      22
      19
      27
      17
      18
      15
      14
      27
      29
      19
      32
      35
      35
      39
      40
      45
      36
      23
      22
      19
      12
      19
      17
      21
      24
      24
      17
      17
      22
      21
      20
      21
      18
      25
      16
      23
      18
      21
      16
      15
      22
      12
      16
      20
      18
      43
      61
      75
      62
      26
      15
      28
      16
      14
      15
      27
       7
      12
      27
      14
      18
      17
      10
      18
      23
      13
      14
      15
      14
      12
      14
      21
      16
      20
      10
      17
      13
      14
      17
      11
      12
      13
      13
      17
      18
      26
      13
      10
      18
      14
      15
      21
      12
      24
      23
      14
      11
      16
      20
      15
      13
      22
      15
      16
      15
      15
      18
      19
      14
      11
      16
      10
      21
       9
      17
      12
      22
      12
      21
      19
      13
      11
      16
      14
      15
      12
      19
      20
      16
      13
      12
      21
      15
      21
       9
      13
       9
      19
      18
      22
      23
      18
      17
      15
      17
      13
      15
      12
      24
      11
      10
      15
      13
      12
       9
      15
      14
      17
      19
      25
      17
      15
      13
      20
      10
      15
      16
       9
      15
      11
      11
      20
      20
      18
      10
      16
      16
      15
      18
      17
      12
      16
      17
      19
      13
      18
      15
      11
      11
      13
      18
      12
      13
      14
      14
      13
      24
      15
      22
      20
      14
      12
      18
      11
      12
      19
      14
      16
      10
      13
      20
       8
       9
      10
      12
      14
      13
       8
      12
      13
      18
      20
      11
      15
       7
      13
      13
      13
      20
      13
      16
      11
      17
      18
       9
      17
      14
      12
      21
      12
      16
      16
      18
      12
      15
       6
      11
      13
      13
      13
       9
      14
      13
      16
       4
      15
      18
      13
      13
      18
       9
      13
      12
      13
      17
      14
      11
      18
      18
      18
      13
      17
      21
      14
      27
      14
      14
      13
       9
      21
      14
      11
      17
      11
      10
       8
      16
      14
       8
      21
      10
      10
      13
      12
      14
      18
      13
      10
      13
      11
      17
      12
      13
      10
      18
      18
       7
      12
       6
      10
      16
      18
      31
      22
      17
      14
      13
      10
       9
      19
      14
      15
      17
      17
      16
      14
      21
       9
      13
      13
       6
      16
      14
      17
      11
       9
      12
      19
      16
      15
      15
      18
      12
       5
      11
       9
      18
      14
      17
      14
      12
       4
      11
      12
      11
      10
      16
      17
      22
      21
      37
      30
      18
      16
       6
      18
      12
      11
      17
      20
      14
      11
      10
      14
      10
      14
      15
      14
       9
       8
      10
      10
       7
      10
      18
      23
      27
      26
      16
      17
       9
      14
       8
       9
      14
       5
       5
      10
       8
      12
      10
      10
      14
      10
       7
       8
      10
      11
      21
      14
       7
      15
      13
      14
      18
      20
      10
       8
      16
      10
      19
      25
      19
      18
      10
      12
      10
      17
      16
      13
       6
       7
      11
      14
      17
      13
       7
       7
      12
      11
       9
       8
      15
       6
       6
      13
      10
      11
      11
      13
      19
      20
      29
      24
      23
      21
      10
      14
       6
       9
       8
      16
      18
      19
       9
      19
      12
      24
      64
     137
     186
     181
     105
      64
      19
      14
      16
       6
      13
      13
      12
      15
       9
      16
       9
      11
       8
      15
      16
      21
      19
      10
      13
      13
       6
       9
      12
       8
      10
      12
      13
       5
       9
      12
       9
       7
      10
       6
       7
      10
       8
      11
       9
      13
      13
      10
       3
      13
      12
      11
      11
      12
       7
       8
       8
       5
       8
       8
       8
       8
       9
       3
      12
      11
      18
      38
      45
      39
      33
      14
       9
       8
       7
       5
       7
      21
      13
       4
       9
       9
       9
       4
       6
       8
       5
      13
       9
       5
       5
       6
       3
       9
       6
       3
       8
      11
       5
       6
      10
       5
       9
      12
       4
       9
       6
       6
       5
       4
       8
       5
       7
      10
       9
       9
       2
      10
       5
       6
       9
       6
       6
       9
       6
      11
       6
       7
      11
       5
      11
      11
      10
       9
      11
      11
       7
       7
       8
      19
       9
      14
       7
       5
       9
       3
       1
       9
       6
       6
      10
       5
       5
       8
      13
       6
       1
       8
       5
       5
       5
       7
      12
       5
      11
       4
       2
       5
       8
      11
       2
       3
      11
       9
      11
       7
       6
       8
       5
       6
       7
       5
       4
       8
       5
       5
       4
       6
       4
       7
       6
       9
       9
       8
       6
      12
       9
       4
       4
       6
       6
       6
       7
      18
      17
      25
      27
      21
      11
      10
       5
       9
      10
       4
       5
       9
       6
       7
      10
       7
       4
       2
       7
       3
       4
       7
       4
      11
       3
       5
       7
       2
       3
      10
      10
       8
       8
      12
       8
       2
       4
       3
       3
       7
       4
       9
       3
       6
       7
       9
       5
       3
       3
       6
       9
       3
       6
       9
      12
      16
      20
      16
       5
       8
       6
       3
       9
       3
       6
       6
       1
       6
       2
       9
       4
       6
       8
       9
       9
       4
       4
       3
       5
       7
       3
      13
       6
       4
       5
       9
       4
       5
       5
       2
       3
       7
       5
       4
       3
       9
       7
       2
       6
       5
       7
       5
       2
       0
       5
       7
       2
       7
       5
       8
       4
      12
       7
      11
      14
       9
      10
       5
       6
       3
       4
       6
       5
      12
      40
      65
     117
     127
     120
      58
      27
       9
      14
       4
       2
       7
       4
      14
       4
       3
      10
      11
      12
      10
      21
      18
       7
       5
      16
      23
      66
      91
      83
      67
      31
      15
       4
       8
       7
       6
      13
      12
       9
       3
       5
       6
       5
       4
       4
       6
       3
       3
       4
       6
       6
       4
       4
       7
       2
       3
       6
       5
       3
       6
       5
       6
       5
       6
       4
       5
       3
       4
       4
       3
       1
       3
       5
       5
       5
       3
       7
       8
       2
       6
       4
       6
       5
       3
       2
       6
       3
       2
       1
       2
       3
       5
       3
       3
       4
       3
       2
       5
       6
       5
       5
       5
       2
       6
       3
       3
       4
       7
       8
       3
       1
       3
       6
       7
       3
       3
       7
       8
       5
       6
       4
       6
       4
       4
       4
       4
       3
       8
       5
       3
       3
       1
       3
       5
       6
       4
       2
       3
       5
       2
       3
       3
       4
       4
       7
       2
       9
       4
       4
       6
       5
       3
       2
       2
       4
       6
       4
       1
       5
       3
       5
       2
       3
       5
       6
      13
      13
      18
      10
       8
       6
       5
       8
       7
       5
       4
       3
       5
       3
      13
       7
       9
       8
       2
       2
       6
       5
       4
       2
       0
       3
      12
       1
       2
       2
       3
       6
       3
       3
       4
       7
       2
       3
       3
       3
       3
       4
       2
       6
      13
      10
      21
      16
      13
       8
       7
       5
       5
      17
      49
      92
     117
      84
      74
      23
       7
      13
       1
       3
       4
       4
       2
       5
       2
       5
      11
       9
      16
       9
       8
       7
       7
       0
       2
       4
       1
       2
       4
       6
       3
       2
       1
       5
       7
       7
       7
       7
       4
       6
       5
       6
       1
       4
       5
       6
       5
       2
       4
       2
       4
       2
       6
       1
       2
       3
       2
       5
       4
       3
       3
       4
       3
       3
       5
       2
       4
       5
       2
       3
       1
       1
       3
       6
      15
      43
      50
      59
      68
      47
      26
       5
       5
       3
       2
       4
       1
       3
       3
       6
       2
      10
       9
       4
       3
       2
       3
       6
       3
       2
       6
       3
       5
       8
       2
       4
       2
       4
       1
       4
       3
       4
       8
       2
       3
       3
       4
       6
       0
       2
       5
       2
       0
       2
       2
       3
       2
       3
       3
       4
       0
       7
       7
       3
       3
       8
       4
       4
       1
       0
       4
       5
       3
       3
       1
       1
       1
       1
       4
       3
       3
       2
       5
       0
       2
       3
       2
       4
       5
       4
       3
       5
       1
       3
       1
       5
       4
       1
       3
       5
       2
       4
       3
       6
       4
       3
       3
       2
       8
       8
       3
       9
       6
       3
       3
       2
       4
       7
      10
       5
       2
       3
       4
       3
       6
       0
       3
       0
       2
       3
       2
       4
       2
       2
       1
       7
       2
       5
       4
       6
       5
       0
       1
       1
       7
       4
       1
       1
       1
       1
       2
       2
       3
       7
       2
       2
       0
       1
       2
       1
       5
       4
       2
       2
       1
       2
       4
       4
       5
       3
       1
       4
       4
       6
       2
       4
       2
       4
       2
       4
       2
       2
       3
       3
       2
       0
       5
       3
       1
       3
       3
       1
       5
       1
       1
       2
       3
       3
       1
       3
       1
       3
       1
       2
       2
       1
       2
       2
       3
       1
       1
       3
       3
       3
       3
       5
       4
       2
       0
       1
       2
       2
       3
       6
       3
       2
       2
       1
       1
       0
       2
       2
       6
       2
       6
       2
       0
       2
       1
       2
       2
       5
       2
       3
       1
       0
       5
       4
       4
       1
       1
       7
       3
       5
       1
       2
       1
       2
       3
       2
       2
       3
       1
       1
       3
       1
       1
       2
       5
       8
       9
       9
       5
       3
       2
       1
       3
       9
       8
      10
      11
      11
      10
       8
       4
       3
       3
       0
       3
       3
       3
       5
       3
       1
       2
       5
       4
       4
       1
       2
       2
       2
       2
       3
       3
       5
      12
      10
       0
       7
       2
       1
       1
       2
       0
       1
       3
       3
       2
       3
       0
       0
       4
       1
       4
       4
       0
       0
       2
       0
       1
       3
       2
       2
       1
       2
       1
       3
       6
       2
       1
       1
       1
       3
       4
       1
       1
       3
       4
       3
       3
       0
       1
       2
       3
       1
       2
       2
       5
       5
       5
       5
       4
       8
       3
       2
       1
       1
       1
       3
       1
       2
       2
       1
       2
       0
       1
       3
       3
       2
       2
       1
       1
       3
       3
       0
       1
       2
       0
       3
       1
       2
       1
       1
       2
       0
       5
       6
       7
       9
       1
       3
       2
       2
       5
       2
       0
       2
       1
       1
       0
       1
       1
       1
       1
       0
       3
       1
       3
       2
       1
       2
       2
       0
       0
       2
       2
       2
       1
       1
       0
       1
       1
       0
       2
       1
       2
       2
       1
       2
       1
       3
       4
       3
       3
       3
       0
       3
       1
       3
       1
       1
       2
       2
       0
       3
       1
       2
       2
       0
       3
       2
       2
       5
       4
       1
       3
       1
       1
       2
       4
       3
      11
      19
      12
       6
       6
       2
       2
       2
       0
       2
       3
       2
       4
       4
       1
       1
       4
       4
       3
       5
       2
       7
       3
       4
       0
       1
       4
       3
       5
       9
       6
       5
       8
       3
       8
       3
       3
       2
       3
       3
       1
       4
       1
       5
       4
       2
       4
       2
       2
       3
       2
       3
       1
       1
       1
       4
       2
       2
       0
       2
       3
       1
       1
       4
       3
       3
       1
       2
       0
       2
       1
       1
       1
       1
       2
       2
       3
       1
       2
       1
       4
       2
       2
       1
       3
       2
       2
       2
       1
       2
       1
       0
       1
       0
       3
       2
       0
       2
       1
       1
       4
       1
       0
       3
       1
       1
       1
       2
       1
       0
       1
       2
       1
       2
       0
       1
       0
       0
       1
       2
       2
       0
       2
       1
       2
       0
       1
       1
       1
       1
       1
       4
       2
       3
       1
       2
       1
       3
       0
       3
       3
       2
       2
       2
       3
       3
       1
       2
       2
       1
       2
       0
       1
       1
       2
       4
       1
       1
       1
       1
       2
       3
       2
       0
       2
       2
       3
       0
       4
       2
       1
       2
       2
       4
       1
       3
       4
       6
      15
      10
      13
      10
      11
       5
       2
       0
       0
       3
       0
       2
       3
       1
       2
       1
       1
       3
       0
       1
       0
       1
       1
       1
       0
       1
       0
       4
       3
       2
       1
       2
       1
       1
       0
       1
       2
       3
       1
       1
       1
       3
       2
       1
       0
       3
       2
       1
       0
       1
       1
       3
       1
       0
       2
       1
       1
       0
       2
       0
       2
       0
       0
       0
       0
       1
       1
       5
       0
       3
       3
       2
       4
       0
       0
       1
       1
       2
       2
       0
       1
       2
       3
       1
       2
       0
       0
       1
       3
       4
       1
       1
       0
       2
       3
       2
       2
       0
       3
       0
       0
       0
       2
       0
       0
       0
       1
       1
       1
       0
       0
       2
       4
       2
       0
       2
       2
       0
       4
       4
       0
       0
       2
       0
       1
       3
       1
       1
       3
       0
       2
       0
       0
       1
       2
       0
       1
       2
       3
       2
       1
       1
       1
       0
       3
       1
       1
       2
       1
       0
       1
       1
       1
       2
       1
       1
       3
       0
       2
       0
       1
       2
       3
       2
       0
       1
       2
       0
       1
       0
       1
       3
       1
       0
       3
       0
       2
       0
       2
       1
       1
       2
       1
       2
       0
       4
       2
       0
       1
       2
       2
       1
       3
       3
       2
       2
       3
       0
       3
       2
       4
       6
       0
       1
       0
       3
       1
       1
       2
       1
       0
       2
       1
       2
       0
       1
       1
       1
       1
       1
       1
       3
       3
       2
       1
       2
       5
       0
       1
       0
       2
       0
       0
       6
       2
       1
       2
       1
       3
       0
       1
       0
       0
       2
       2
       7
       7
       3
       3
       8
       4
       2
       2
       1
       2
       2
       3
       4
       4
       3
       1
       0
       1
       0
       1
       1
       0
       1
       1
       1
       1
       4
       1
       3
       4
       1
       2
       6
       2
       3
       0
       1
       2
       1
       3
       4
       3
       2
       2
       2
       2
       1
       2
       2
       1
       1
       3
       0
       1
       1
       1
       0
       1
       1
       1
       2
       5
       2
       2
       1
       1
       0
       1
       1
       2
       1
       3
       3
       3
       5
       4
       2
       3
       1
       3
       2
       1
       2
       1
       0
       2
       2
       2
       0
       1
       0
       1
       1
       1
       2
       2
       1
       2
       1
       1
       2
       1
       1
       0
       1
       0
       0
       2
       4
       1
       1
       2
       2
       2
       2
       0
       1
       2
       1
       0
       2
       0
       1
       0
       2
       0
       0
       2
       0
       0
       1
       2
       0
       3
       2
       7
       7
       5
       7
       4
       7
       1
       1
       0
       0
       1
       4
       1
       3
       7
       9
       5
       1
       5
       1
       1
       0
       4
       0
       0
       3
       1
       4
       4
       1
       0
       2
       1
       2
       0
       0
       1
       2
       1
       2
       2
       0
       3
       1
       0
       2
       1
       2
       1
       0
       0
       3
       1
       1
       1
       0
       1
       0
       0
       1
       1
       3
       2
       2
       2
       3
       3
       1
       0
       3
       3
       1
       3
       0
       0
       2
       3
       1
       0
       2
       0
       3
       0
       2
       1
       2
       1
       6
       1
       1
       2
       1
       2
       3
       2
       0
       1
       1
       1
       0
       2
       2
       3
       1
       3
       0
       1
       1
       1
       1
       0
       1
       2
       2
       2
       2
       0
       0
       2
       2
       0
       2
       1
       1
       4
       0
       1
       1
       2
       3
       1
       0
       0
       0
       1
       3
       1
       3
       1
       2
       2
       1
       0
       0
       2
       0
       2
       0
       1
       2
       0
       3
       0
       1
       1
       0
       1
       0
       2
       1
       3
       1
       3
       2
       4
       1
       1
       2
       3
       3
       1
       1
       0
       2
       0
       3
       1
       2
       0
       0
       1
       1
       2
       1
       0
       0
       1
       6
       1
       1
       1
       1
       3
       4
       1
       1
       0
       1
       1
       0
       0
       1
       2
       2
       1
       3
       1
       2
       3
       0
       0
       2
       2
       2
       1
       0
       1
       2
       0
       1
       0
       1
       1
       1
       0
       0
       4
       1
       5
       2
       1
       0
       3
       2
       0
       1
       0
       0
       1
       1
       1
       2
       0
       2
       2
       1
       1
       0
       1
       1
       1
       1
       0
       1
       3
       3
       3
       3
       2
       1
       1
       2
       2
       1
       1
       1
       0
       0
       1
       1
       0
       1
       0
       0
       1
       0
       0
       0
       1
       0
       2
       1
       1
       2
       1
       0
       0
       0
       1
       2
       0
       0
       1
       0
       0
       1
       0
       1
       0
       0
       1
       1
       1
       0
       3
       2
       2
       3
       1
       1
       0
       1
       0
       1
       1
       0
       0
       0
       2
       0
       1
       2
       2
       7
       0
       5
       0
       0
       0
       2
       0
       0
       2
       2
       3
       1
       1
       0
       0
       2
       2
       0
       0
       1
       2
       0
       0
       0
       0
       2
       2
       0
       1
       1
       0
       1
       1
       1
       1
       1
       0
       0
       1
       1
       1
       0
       1
       0
       1
       0
       1
       0
       0
       2
       1
       0
       0
       2
       1
       0
       1
       2
       0
       0
       0
       1
       0
       3
       0
       0
       1
       0
       0
       2
       2
       0
       0
       0
       4
       0
       1
       0
       0
       0
       0
       0
       1
       5
       4
       6
       1
       5
       3
       2
       3
       2
       2
       1
       0
       1
       0
       3
       0
       0
       1
       0
       1
       1
       1
       0
       1
       1
       1
       1
       1
       1
       1
       0
       0
       0
       1
       1
       0
       0
       2
       1
       0
       2
       0
       1
       0
       0
       0
       0
       1
       1
       0
       1
       0
       2
       1
       1
       0
       2
       0
       1
       1
       0
       1
       1
       0
       0
       0
       2
       2
       0
       0
       0
       0
       0
       0
       0
       0
       4
       1
       0
       0
       2
       0
       0
       0
       0
       2
       0
       0
       0
       0
       0
       1
       1
       1
       1
       1
       1
       0
       0
       1
       1
       1
       1
       1
       0
       1
       0
       1
       1
       1
       1
       2
       1
       1
       0
       1
       0
       0
       0
       2
       1
       0
       1
       0
       0
       1
       0
       3
       0
       2
       0
       1
       0
       2
       0
       0
       0
       0
       0
       0
       1
       1
       1
       1
       0
       0
       1
       0
       1
       1
       0
       2
       0
       0
       1
       0
       1
       1
       0
       0
       0
       1
       0
       0
       0
       0
       1
       0
       0
       3
       3
       0
       4
       0
       6
       5
       0
       1
       1
       1
       0
       1
       1
       0
       0
       0
       1
       0
       2
       0
       0
       1
       2
       0
       1
       2
       0
       0
       2
       4
       0
       1
       1
       2
       1
       1
       0
       0
       0
       0
       0
       0
       0
       1
       1
       0
       1
       0
       0
       0
       0
       0
       1
       0
       1
       1
       0
       0
       1
       0
       0
       1
       0
       0
       0
       0
       1
       0
       0
       0
       2
       0
       0
       2
       1
       0
       1
       0
       1
       0
       0
       1
       0
       1
       1
       1
       0
       1
       0
       0
       0
       0
       0
       2
       0
       0
       0
       3
       0
       1
       0
       0
       0
       0
       1
       0
       0
       1
       1
       0
       2
       0
       1
       1
       0
       0
       2
       2
       0
       0
       0
       0
       1
       1
       0
       1
       0
       0
       0
       0
       1
       1
       1
       0
       3
       0
       2
       3
       0
       0
       1
       2
       0
       0
       0
       0
       0
       0
       0
       0
       0
       0
       0
       0
       3
       0
       1
       2
       4
      12
      14
      16
      17
      24
      10
      14
       0
       1
       3
       0
       0
       0
       1
       0
       0
       0
       1
       0
       0
       0
       1
       0
       0
       0
       0
       0
       0
       1
       0
       1
       0
       0
       1
       0
       0
       0
       1
       0
       2
       0
       0
       0
       0
       2
       0
       0
       1
       0
       0
       0
       0
       0
       1
       0
       0
       0
       1
       0
       0
       1
       0
       0
       0
       1
       0
       0
       0
       0
       0
       0
       0
       1
       2
       0
       1
       0
       1
       0
       1
       0
       0
       0
       0
       0
       0
       0
       0
       1
       0
       0
       0
       0
       0
       0
       0
       0
       0
       0
       0
       0
       1
       0
       0
       0
       3
       1
       0
       1
       0
       0
       0
       0
       0
       0
       0
       1
       0
       1
       2
       0
       0
       1
       1
       0
       0
       0
       0
       0
       1
       0
       1
       1
       0
       1
       1
       1
       0
       0
       0
       0
       0
       0
       1
       0
       1
       0
       0
       0
       1
       2
       0
       1
       0
       0
       0
       1
       0
       0
       0
       0
       0
       0
       0
       0
       0
       0
       0
       0
       0
       1
       0
       0
       0
       0
       0
       0
       0
       0
       0
       1
       0
       0
       0
       0
       1
       0
       0
       0
       0
       1
       0
       0
       1
       0
       0
       0
       0
       0
       0
       1
       0
       0
       1
       0
       0
       0
       0
       0
       1
       0
       0
       0
       0
       0
       1
       0
       1
       1
       0
       0
       1
       0
       0
       1
       1
       1
       1
       0
       0
       0
       0
       0
       0
       0
       0
       0
       0
       0
       1
       0
       0
       0
       0
       0
       0
       0
       0
       0
       1
       0
       1
       0
       1
       0
       0
       0
       0
       0
       0
       0
       0
       0
       1
       0
       0
       0
       0
       0
       0
       2
       0
       0
       0
       0
       2
       0
       0
       0
       1
       1
       0
       0
       0
       1
       0
       1
       0
       0
       0
       0
       0
       0
       1
       0
       0
       0
       1
       0
       0
       0
       0
       1
       1
       0
       1
       0
       0
       1
       1
       0
       0
       0
       1
       0
       0
       1
       0
       0
       0
       0
       0
       0
       0
       0
       0
       1
       0
       0
       0
       1
       0
       1
       0
       1
       0
       0
       1
       0
       1
       1
       0
       1
       0
       0
       0
       1
       2
       6
      10
      10
      13
       5
       7
       4
       1
       1
       0
       0
       0
       0
       0
       0
       0
       1
       0
       0
       0
       0
       0
       0
       0
       1
       0
       0
       0
       0
       1
       0
       0
       0
       0
       0
       0
       1
       1
       1
       0
       0
       0
       0
       0
       0
       0
       0
       0
       0
       1
       1
       1
       0
       0
       0
       0
       1
       0
       0
       0
       1
       0
       0
       0
       0
       0
       1
       0
       0
       2
       0
       0
       0
       0
       0
       0
       0
       1
       1
       0
       1
       0
       0
       0
       1
       0
       0
       0
       0
       0
       0
       1
       0
       0
       1
       0
       0
       0
       0
       0
       0
       0
       0
       0
       1
       1
       0
       0
       0
       0
       1
       0
       0
       0
       1
       1
       0
       0
       0
       0
       0
       0
       0
       0
       0
       0
       0
       0
       0
       0
       0
       0
       0
       0
       0
       0
       1
       0
       0
       0
       0
       0
       1
       0
       0
       0
       0
       0
       0
       0
       0
       0
       0
       0
       0
       0
       0
       0
       0
       0
       0
       0
       0
       1
       0
       0
       1
       0
       0
       0
       0
       1
       0
       0
       1
       0
       0
       0
       0
       0
       0
       0
       0
       0
       0
       0
       0
       0
       0
       0
       0
       1
       2
       0
       1
       0
       1
       1
       0
       0
       0
       0
       0
       0
       0
       0
       0
       0
       0
       0
       0
       0
       2
       2
       1
       0
       0
       0
       0
       0
       0
       0
       0
       0
       0
       0
       0
       1
       0
       0
       0
       0
       0
       0
       0
       0
       0
       0
       0
       0
       0
       2
       0
       2
       0
       0
       0
       0
       1
       0
       0
       0
       1
       0
       0
       0
       1
       0
       0
       0
       0
       0
       0
       0
       0
       0
       0
       0
       0
       0
       0
       0
       0
       1
       0
       0
       0
       0
       0
       0
       0
       0
       0
       0
       0
       1
       1
       1
       0
       0
       0
       0
       0
       0
       0
       0
       0
       0
       0
       0
       0
       1
       0
       0
       1
       0
       0
       0
       0
       0
       0
       0
       0
       0
       0
       0
       1
       0
       0
       0
       0
       0
       1
       0
       0
       0
       0
       0
       0
       0
       0
       1
       0
       1
       0
       0
       0
       0
       0
       1
       0
       0
       1
       0
       1
       0
       0
       1
       0
       0
       0
       0
       0
       0
       0
       0
       0
       1
       1
       0
       0
       0
       0
       0
       0
       1
       0
       0
       0
       0
       0
       0
       0
       1
       0
       0
       0
       0
       1
       1
       0
       0
       0
       0
       0
       0
       0
       0
       0
       0
       0
       0
       0
       1
       0
       0
       2
       1
       0
       0
       0
       0
       0
       0
       0
       0
       0
       0
       0
       0
       0
       1
       0
       1
       0
       0
       0
       0
       0
       0
       0
       0
       0
       0
       0
       0
       0
       0
       1
       1
       0
       3
       4
       2
       1
       4
       1
       3
       0
       0
       0
       0
       0
       0
       0
       0
       0
       1
       0
       1
       0
       0
       0
       1
       0
       0
       0
       0
       0
       1
       0
       0
       0
       0
       1
       0
       0
       0
       0
       1
       0
       0
       0
       0
       0
       0
       0
       1
       0
       0
       0
       0
       0
       0
       0
       0
       0
       0
       0
       0
       0
       0
       0
       1
       0
       0
       0
       2
       1
       0
       0
       1
       1
       1
       1
       0
       0
       0
       0
       0
       0
       0
       0
       0
       2
       0
       0
       1
       1
       0
       0
       0
       0
       0
       0
       0
       0
       0
       0
       0
       0
       0
       0
       0
       0
       0
       0
       0
       0
       1
       1
       0
       0
       0
       0
       0
       0
       0
       0
       0
       0
       0
       0
       0
       0
       0
       0
       0
       0
       0
       0
       0
       0
       0
       0
       0
       0
       0
       1
       0
       0
       0
       0
       0
       0
       0
       0
       0
       0
       0
       0
       0
       0
       0
       0
       0
       0
       0
       0
       0
       0
       0
       0
       0
       1
       0
       0
       0
       0
       0
       0
       0
       1
       0
       0
       0
       0
       0
       0
       0
       1
       0
       0
       0
       0
       0
       0
       0
       0
       0
       1
       0
       0
       1
       0
       0
       0
       0
       0
       0
       0
       0
       0
       0
       0
       0
       0
       0
       1
       0
       0
       0
       0
       0
       0
       2
       1
       0
       1
       0
       0
       0
       1
       0
       0
       0
       0
       0
       0
       0
       0
       0
       0
       0
       0
       0
       1
       0
       0
       0
       0
       0
       0
       0
       0
       0
       0
       0
       0
       0
       0
       0
       0
       0
       0
       0
       0
       1
       0
       0
       0
       0
       0
       0
       0
       0
       0
       0
       0
       0
       0
       0
       0
       0
       0
       0
       0
       0
       0
       0
       0
       0
       0
       0
       0
       1
       0
       1
       0
       0
       0
       0
       0
       0
       0
       0
       0
       0
       0
       1
       1
       0
       0
       0
       0
       0
       0
       0
       1
       0
       0
       0
       0
       0
       0
       0
       0
       0
       0
       0
       0
       0
       0
       0
       0
       0
       0
       0
       0
       0
       0
       0
       0
       0
       0
       0
       0
       0
       0
       1
       0
       0
       0
       0
       0
       0
       0
       1
       0
       0
       0
       0
       0
       0
       0
       0
       0
       0
       0
       0
       0
       0
       0
       0
       0
       0
       0
       0
       0
       0
       0
       1
       0
       0
       0
       0
       1
       0
       0
       1
       1
       0
       0
       0
       0
       0
       0
       0
       0
       0
       0
       0
       1
       0
       0
       0
       0
       0
       0
       1
       0
       3
       0
       0
       1
       0
       0
       0
       1
       0
       1
       0
       0
       0
       0
       0
       0
       0
       0
       0
       0
       1
       0
       0
       0
       0
       0
       0
       0
       0
       0
       0
       0
       1
       0
       0
       0
       1
       1
       0
       0
       0
       0
       0
       0
       1
       0
       0
       0
       0
       0
       0
       0
       0
       0
       0
       0
       0
       0
       0
       0
       0
       0
       1
       0
       0
       0
       0
       0
       0
       0
       0
       0
       0
       0
       0
       0
       0
       0
       0
       0
       0
       0
       0
       0
       0
       0
       0
       0
       0
       0
       0
       1
       0
       0
       0
       0
       0
       0
       0
       0
       0
       0
       0
       1
       0
       0
       0
       0
       0
       0
       0
       0
       0
       0
       0
       0
       0
       0
       0
       0
       0
       0
       0
       0
       0
       0
       0
       0
       0
       0
       0
       0
       0
       0
       1
       0
       0
       0
       0
       0
       0
       0
       0
       0
       0
       0
       0
       0
       0
       0
       1
       1
       0
       0
       0
       0
       0
       0
       0
       0
       1
       0
       0
       0
       0
       0
       1
       0
       0
       1
       0
       0
       1
       0
       0
       0
       0
       0
       0
       0
       0
       0
       0
       0
       0
       0
       0
       0
       0
       0
       0
       0
       0
       0
       2
       0
       0
       0
       0
       0
       0
       0
       0
       0
       0
       0
       0
       0
       0
       0
       0
       1
       2
       0
       0
       0
       0
       0
       0
       0
       0
       0
       0
       0
       0
       0
       0
       0
       0
       0
       0
       1
       0
       0
       0
       0
       1
       0
       0
       0
       0
       0
       0
       1
       0
       0
       0
       0
       0
       0
       0
       0
       0
       0
       0
       0
       0
       0
       0
       0
       0
       0
       0
       0
       0
       0
       0
       0
       0
       0
       0
       0
       0
       0
       0
       0
       0
       1
       1
       0
       0
       0
       1
       0
       0
       0
       0
       0
       0
       0
       0
       0
       0
       0
       0
       0
       0
       0
       1
       0
       0
       0
       0
       0
       1
       0
       0
       1
       0
       0
       0
       1
       0
       0
       0
       0
       0
       0
       0
       0
       0
       1
       0
       0
       1
       0
       0
       0
       0
       0
       0
       0
       0
       0
       0
       0
       0
       0
       0
       0
       0
       0
       0
       0
       0
       0
       0
       0
       0
       0
       0
       0
       0
       0
       0
       0
       0
       0
       0
       0
       0
       0
       0
       1
       0
       0
       0
       0
       1
       0
       0
       0
       0
       0
       0
       0
       0
       0
       0
       0
       1
       0
       1
       0
       0
       0
       0
       1
       0
       0
       0
       0
       0
       0
       0
       0
       0
       1
       0
       0
       0
       0
       0
       0
       0
       0
       0
       0
       0
       0
       0
       0
       0
       0
       0
       0
       0
       0
       0
       0
       0
       0
       0
       0
       0
       1
       0
       1
       0
       0
       0
       0
       0
       0
       0
       0
       0
       0
       0
       0
       0
       0
       0
       0
       0
       0
       0
       1
       0
       0
       0
       0
       0
       0
       0
       0
       0
       1
       0
       0
       0
       0
       0
       1
       1
       0
       0
       0
       0
       0
       0
       1
       0
       1
       0
       0
       0
       0
       0
       0
       0
       0
       0
       0
       0
       0
       0
       0
       0
       0
       0
       0
       0
       0
       0
       0
       0
       0
       0
       1
       0
       0
       0
       0
       0
       0
       1
       0
       0
       0
       0
       0
       0
       0
       1
       0
       0
       2
       0
       0
       0
       0
       0
       0
       0
       0
       0
       0
       0
       0
       0
       0
       0
       0
       0
       0
       0
       0
       0
       0
       0
       0
       0
       0
       0
       0
       0
       0
       0
       0
       0
       0
       0
       1
       0
       0
       0
       0
       0
       0
       0
       0
       0
       0
       0
       0
       0
       0
       0
       0
       0
       0
       0
       0
       0
       0
       0
       0
       0
       0
       0
       0
       1
       0
       0
       0
       0
       0
       0
       0
       0
       0
       0
       0
       0
       0
       1
       0
       0
       0
       0
       0
       0
       0
       0
       0
       0
       0
       0
       0
       0
       0
       0
       0
       0
       0
       0
       0
       0
       0
       1
       0
       0
       0
       0
       0
       0
       0
       0
       0
       0
       0
       0
       0
       0
       0
       0
       0
       0
       0
       0
       0
       0
       0
       0
       0
       0
       0
       0
       0
       0
       0
       0
       0
       0
       0
       0
       0
       1
       0
       0
       0
       0
       0
       0
       0
       0
       0
       0
       0
       0
       0
       1
       0
       0
       1
       0
       0
       0
       0
       0
       0
       0
       0
       0
       0
       0
       0
       0
       0
       0
       0
       0
       0
       0
       0
       0
       0
       0
       0
       0
       0
       0
       0
       0
       0
       0
       0
       0
       0
       1
       0
       0
       1
       0
       1
       0
       0
       0
       0
       1
       0
       0
       1
       1
       0
       1
       0
       1
       1
       2
       0
       0
       0
       0
       0
       0
       0
       0
       0
       0
       0
       0
       0
       0
       0
       0
       0
       0
       0
       0
       0
       0
       0
       0
       0
       0
       0
       0
       0
       0
       1
       0
       0
       0
       1
       0
       0
       0
       0
       0
       0
       0
       0
       0
       0
       0
       0
       0
       0
       0
       0
       0
       0
       0
       0
       1
       0
       0
       0
       0
       0
       0
       0
       0
       0
       0
       0
       0
       0
       0
       0
       0
       0
       0
       0
       0
       0
       0
       0
       0
       0
       0
       0
       0
       0
       0
       0
       0
       0
       0
       0
       0
       0
       0
       0
       0
       0
       0
       0
       0
       1
       0
       0
       0
       0
       0
       0
       0
       0
       0
       0
       0
       0
       0
       1
       0
       0
       0
       0
       0
       0
       0
       0
       0
       0
       0
       0
       1
       0
       0
       0
       0
       0
       0
       0
       0
       0
       0
       0
       0
       0
       0
       0
       0
       0
       0
       0
       0
       0
       0
       0
       0
       0
       0
       0
       0
       0
       0
       0
       0
       0
       1
       0
       0
       0
       0
       0
       0
       0
       0
       0
       0
       0
       0
       0
       1
       0
       0
       0
       0
       0
       0
       0
       0
       0
       0
       0
       0
       0
       0
       0
       0
       0
       1
       0
       0
       0
       0
       0
       0
       0
       0
       1
       0
       0
       1
       0
       0
       0
       0
       0
       0
       0
       0
       0
       0
       0
       1
       0
       0
       0
       0
       0
       0
       0
       0
       1
       0
       1
       0
       0
       0
       0
       0
       0
       1
       0
       0
       0
       0
       0
       0
       0
       0
       1
       0
       0
       0
       0
       0
       0
       0
       0
       0
       0
       0
       1
       0
       0
       2
       0
       0
       0
       0
       0
       0
       0
       0
       0
       0
       0
       0
       0
       0
       0
       0
       0
       0
       0
       0
       0
       0
       0
       0
       0
       0
       0
       0
       0
       0
       0
       0
       0
       0
       0
       0
       0
       0
       0
       0
       0
       0
       0
       0
       0
       1
       0
       0
       0
       0
       0
       0
       0
       0
       0
       0
       0
       0
       0
       0
       1
       0
       0
       0
       0
       0
       0
       0
       0
       0
       0
       0
       0
       0
       0
       1
       0
       0
       1
       0
       1
       1
       0
       0
       0
       0
       0
       0
       0
       0
       1
       0
       0
       0
       0
       0
       0
       0
       0
       0
       0
       0
       0
       0
       0
       1
       0
       0
       0
       0
       0
       0
       0
       0
       0
       0
       0
       0
       1
       0
       0
       0
       0
       0
       0
       0
       0
       0
       0
       0
       0
       0
       0
       0
       0
       0
       0
       0
       0
       0
       0
       0
       0
       1
       0
       0
       0
       0
       0
       0
       0
       0
       0
       0
       0
       0
       0
       0
       0
       0
       0
       0
       0
       0
       0
       0
       0
       1
       0
       0
       0
       0
       0
       0
       0
       0
       0
       0
       0
       0
       0
       0
       0
       0
       0
       0
       1
       0
       1
       0
       0
       1
       0
       0
       0
       0
       0
       0
       0
       0
       0
       0
       0
       0
       0
       0
       0
       0
       0
       0
       0
       0
       0
       0
       0
       0
       0
       1
       0
       0
       0
       0
       0
       0
       0
       0
       0
       0
       0
       0
       0
       0
       0
       0
       0
       0
       0
       0
       0
       0
       0
       0
       0
       0
       0
       0
       0
       0
       1
       1
       0
       0
       0
       0
       0
       0
       0
       0
       0
       0
       1
       0
       0
       0
       0
       0
       0
       0
       0
       0
       0
       0
       0
       0
       0
       0
       0
       0
       0
       0
       0
       0
       0
       0
       0
       0
       0
       0
       0
       0
       0
       0
       0
       0
       0
       1
       0
       0
       1
       0
       1
       0
       0
       0
       0
       0
       0
       0
       0
       0
       0
       0
       0
       0
       0
       0
       0
       0
       0
       0
       0
       0
       0
       0
       0
       0
       0
       0
       0
       0
       0
       0
       0
       0
       0
       0
       1
       0
       0
       0
       0
       0
       0
       0
       0
       0
       0
       0
       0
       0
       0
       0
       0
       1
       0
       0
       0
       0
       0
       0
       0
       1
       0
       0
       1
       0
       0
       0
       0
       0
       0
       0
       0
       0
       0
       0
       1
       0
       0
       0
       0
       0
       1
       0
       0
       0
       0
       0
       0
       0
       0
       0
       1
       0
       0
       0
       0
       0
       0
       0
       0
       0
       0
       0
       0
       0
       1
       0
       0
       0
       0
       0
       0
       0
       1
       0
       0
       0
       0
       0
       0
       0
       0
       0
       0
       0
       1
       0
       0
       0
       0
       0
       0
       0
       0
       0
       0
       0
       0
       0
       0
       0
       0
       0
       0
       0
       0
       0
       0
       0
       0
       0
       0
       0
       0
       0
       0
       0
       0
       0
       0
       0
       0
       0
       0
       0
       0
       0
       0
       0
       0
       0
       0
       0
       0
       0
       0
       0
       0
       0
       0
       0
       0
       0
       0
       0
       0
       0
       0
       0
       0
       0
       0
       0
       0
       0
       0
       0
       0
       0
       0
       0
       0
       0
       0
       0
       0
       0
       1
       0
       0
       0
       0
       0
       0
       0
       0
       0
       0
       0
       0
       0
       0
       0
       0
       0
       0
       0
       0
       0
       0
       0
       0
       0
       0
       0
       0
       0
       0
       0
       0
       0
       0
       0
       0
       0
       0
       0
       0
       0
       0
       0
       1
       0
       0
       0
       1
       0
       0
       0
       0
       0
       0
       0
       0
       0
       0
       0
       0
       0
       0
       0
       0
       0
       0
       0
       0
       0
       0
       0
       0
       0
       0
       0
       0
       0
       0
       0
       0
       0
       0
       0
       0
       0
       0
       0
       0
       0
       0
       0
       0
       0
       0
       0
       0
       0
       0
       0
       0
       0
       0
       0
       0
       0
       0
       0
       0
       0
       0
       0
       0
       0
       0
       0
       0
       0
       0
       0
       0
       0
       0
       0
       1
       0
       0
       1
       0
       0
       0
       0
       0
       0
       0
       0
       0
       0
       0
       0
       0
       0
       0
       0
       0
       0
       0
       0
       0
       0
       0
       0
       0
       0
       0
       0
       0
       0
       0
       1
       0
       0
       0
       0
       0
       0
       0
       0
       0
       0
       0
       0
       0
       0
       0
       0
       0
       0
       0
       0
       0
       0
       0
       0
       0
       0
       0
       0
       0
       0
       0
       0
       0
       0
       0
       0
       0
       0
       0
       0
       0
       0
       0
       0
       0
       0
       0
       0
       0
       0
       0
       0
       0
       0
       0
       0
       0
       0
       0
       0
       0
       0
       0
       0
       0
       0
       0
       0
       0
       0
       0
       0
       0
       0
       0
       0
       0
       0
       0
       0
       0
       0
       0
       0
       0
       0
       0
       0
       0
       0
       0
       0
       0
       0
       0
       0
       0
       0
       0
       0
       0
       0
       0
       0
       0
       0
       0
       0
       0
       0
       0
       0
       0
       1
       2
       0
       1
       1
       0
       2
       1
       2
       0
       1
       1
       1
       0
       0
       0
       0
       0
       0
       0
       0
       0
       0
       0
       0
       0
       0
       0
       0
       0
       0
       0
       0
       0
       0
       0
       0
       0
       0
       0
       0
       0
       0
       0
       0
       0
       0
       0
       0
       0
       0
       0
       0
       0
       0
       0
       0
       0
       0
       0
       0
       0
       0
       0
       0
       0
       0
       0
       0
       0
       0
       0
       0
       0
       0
       0
       0
       0
       0
       0
       0
       0
       0
       0
       0
       0
       0
       0
       0
       0
       0
       0
       0
       0
       0
       0
       0
       0
       0
       0
       0
       0
       0
       0
       0
       0
       0
       0
       0
       0
       0
       0
       0
       0
       0
       0
       0
       0
       0
       0
       0
       0
       0
       0
       0
       0
       0
       0
       0
       0
       0
       0
       0
       0
       0
       0
       0
       0
       0
       0
       0
       0
       0
       0
       0
       0
       0
       0
       0
       0
       0
       0
       0
       0
       0
       0
       0
       0
       0
       0
       0
       0
       0
       0
       0
       0
       0
       0
       0
       0
       0
       0
       0
       0
       0
       0
       0
       0
       0
       0
       0
       0
       0
       0
       0
       0
       0
       0
       0
       0
       0
       0
       0
       0
       0
       0
       0
       0
       0
       0
       0
       0
       0
       0
       0
       0
       0
       0
       0
       0
       0
       0
       0
       0
       0
       0
       0
       0
       0
       0
       0
       0
       0
       0
       0
       0
       0
       0
       0
       0
       0
       0
       0
       0
       0
       0
       0
       0
       0
       0
       0
       0
       0
       0
       0
       0
       0
       0
       0
       0
       0
       0
       0
       0
       0
       0
       0
       0
       0
       0
       0
       0
       0
       0
       0
       0
       0
       0
       0
       0
       0
       0
       0
       0
       0
       0
       0
       0
       0
       0
       0
       0
       0
       0
       0
       0
       0
       0
       0
       0
       0
       0
       0
       0
       0
       0
       0
       0
       0
       0
       0
       0
       0
       0
       0
       0
       0
       0
       0
       0
       0
       0
       0
       0
       0
       0
       0
       0
       0
       0
       0
       0
       0
       0
       0
       0
       0
       0
       0
       0
       0
       0
       0
       0
       0
       0
       0
       0
       0
       0
       0
       0
       0
       0
       0
       0
       0
       0
       0
       0
       0
       0
       0
       0
       0
       0
       0
       0
       0
       0
       0
       0
       0
       0
       0
       0
       0
       0
       0
       0
       0
       0
       0
       0
       0
       0
       0
       0
       0
       1
       0
       0
       0
       0
       0
       0
       0
       0
       0
       0
       0
       0
       0
       0
       0
       0
       0
       0
       0
       0
       0
       0
       0
       1
       0
       0
       0
       0
       0
       0
       0
       0
       0
       0
       0
       0
       0
       0
       0
       0
       0
       0
       0
       0
       0
       0
       0
       0
       0
       0
       0
       0
       0
       0
       0
       0
       0
       0
       0
       0
       0
       0
       0
       0
       0
       0
       1
       0
       0
       0
       0
       0
       0
       0
       0
       0
       0
       0
       0
       0
       0
       0
       0
       0
       0
       0
       0
       0
       0
       0
       0
       0
       0
       0
       0
       0
       0
       0
       0
       0
       0
       0
       0
       0
       0
       0
       0
       0
       0
       0
       0
       0
       0
       0
       0
       0
       0
       0
       0
       0
       0
       0
       0
       0
       0
       0
       0
       0
       0
       0
       0
       0
       0
       0
       0
       0
       0
       0
       0
       0
       0
       0
       0
       0
       0
       0
       0
       0
       0
       0
       0
       0
       0
       0
       0
       0
       0
       0
       0
       0
       0
       0
       0
       0
       0
       0
       0
       0
       0
       0
       0
       0
       0
       0
       0
       0
       0
       0
       0
       0
       0
       0
       0
       0
       0
       0
       0
       0
       0
       0
       0
       0
       0
       0
       0
       0
       0
       0
       0
       0
       0
       0
       0
       0
       0
       0
       0
       0
       0
       0
       0
       0
       0
       0
       0
       0
       0
       0
       0
       0
       0
       0
       0
       0
       0
       0
       0
       0
       0
       0
       0
       0
       0
       0
       0
       0
       0
       0
       0
       0
       0
       0
       0
       0
       0
       0
       0
       0
       0
       0
       0
       0
       0
       0
       0
       0
       0
       0
       0
       0
       0
       0
       0
       0
       0
       0
       0
       0
       0
       0
       0
       0
       0
       0
       1
       0
       0
       0
       0
       0
       0
       0
       0
       0
       0
       0
       0
       0
       0
       0
       0
       0
       0
       0
       0
       0
       0
       0
       0
       0
       0
       0
       1
       0
       0
       0
       0
       0
       0
       0
       0
       0
       0
       0
       0
       0
       0
       0
       0
       0
       0
       0
       0
       0
       0
       0
       0
       0
       0
       0
       0
       0
       0
       0
       0
       0
       0
       0
       0
       0
       0
       0
       0
       0
       0
       0
       0
       0
       0
       0
       0
       0
       0
       0
       0
       0
       0
       0
       0
       0
       0
       0
       0
       0
       0
       0
       0
       0
       0
       0
       0
       0
       0
       0
       0
       0
       0
       0
       0
       0
       0
       0
       0
       0
       0
       0
       0
       0
       0
       0
       0
       0
       0
       0
       0
       0
       0
       0
       0
       0
       0
       0
       0
       0
       0
       0
       0
       0
       0
       0
       0
       0
       0
       0
       0
       0
       0
       0
       0
       0
       0
       0
       0
       0
       0
       0
       0
       0
       0
       0
       0
       0
       0
       0
       0
       0
       0
       0
       0
       0
       0
       0
       0
       0
       0
       0
       0
       0
       0
       0
       0
       0
       0
       0
       0
       0
       0
       0
       0
       0
       0
       0
       0
       0
       0
       0
       0
       0
       0
       0
       0
       0
       0
       0
       0
       0
       0
       0
       0
       0
       0
       0
       0
       0
       0
       0
       0
       0
       0
       0
       0
       0
       0
       0
       0
       0
       0
       0
       0
       0
       0
       0
       0
       0
       0
       0
       0
       0
       0
       0
       0
       0
       0
       0
       0
       0
       0
       0
       0
       0
       0
       0
       0
       0
       0
       0
       0
       0
       0
       0
       0
       0
       0
       0
       0
       0
       0
       0
       0
       0
       0
       0
       0
       0
       0
       0
       0
       0
       0
       0
       0
       0
       0
       0
       0
       0
       0
       0
       0
       0
       0
       0
       0
       0
       0
       0
       0
       0
       0
       0
       0
       0
       0
       0
       0
       0
       0
       0
       0
       0
       0
       0
       0
       0
       0
       0
       0
       0
       0
       0
       0
       0
       0
       0
       0
       0
       0
       0
       0
       0
       0
       0
       0
       0
       0
       0
       0
       0
       0
       0
       0
       0
       0
       0
       0
       0
       0
       0
       0
       0
       0
       0
       0
       0
       0
       1
       0
       0
       0
       0
       0
       0
       0
       0
       0
       0
       0
       0
       0
       0
       0
       0
       0
       0
       0
       0
       0
       0
       0
       0
       0
       0
       0
       0
       0
       0
       0
       0
       0
       0
       0
       0
       0
       0
       0
       0
       0
       0
       0
       0
       0
       0
       0
       0
       0
       0
       0
       0
       0
       0
       0
       0
       0
       0
       0
       0
       0
       0
       0
       0
       0
       0
       0
       0
       0
       0
       1
       0
       0
       0
       0
       0
       0
       0
       0
       0
       0
       0
       0
       0
       0
       0
       0
       0
       0
       0
       0
       0
       0
       0
       0
       0
       0
       0
       0
       0
       0
       0
       0
       0
       0
       0
       0
       0
       0
       0
       0
       0
       0
       0
       0
       0
       0
       0
       0
       0
       0
       0
       0
       0
       0
       0
       0
       0
       0
       0
       0
       0
       0
       0
       0
       0
       0
       0
       0
       0
       0
       0
       0
       0
       0
       0
       0
       0
       0
       0
       0
       0
       0
       0
       0
       0
       0
       0
       0
       0
       0
       0
       0
       0
       0
       0
       0
       0
       0
       0
       0
       0
       0
       0
       0
       0
       0
       0
       0
       0
       0
       0
       0
       0
       0
       0
       0
       0
       0
       0
       0
       0
       0
       0
       0
       0
       0
       0
       0
       0
       0
       0
       0
       0
       0
       0
       0
       0
       0
       0
       0
       0
       0
       0
       0
       0
       0
       0
       0
       0
       0
       0
       0
       0
       0
       0
       0
       0
       0
       0
       0
       0
       0
       0
       0
       0
       0
       0
       0
       0
       0
       0
       0
       0
       0
       0
       0
       0
       0
       0
       0
       0
       0
       0
       0
       0
       0
       0
       0
       0
       0
       0
       0
       0
       0
       0
       0
       0
       0
       0
       0
       0
       0
       0
       0
       0
       0
       0
       0
       0
       0
       0
       0
       0
       0
       0
       0
       0
       0
       0
       0
       0
       0
       0
       0
       0
       0
       0
       0
       0
       0
       0
       0
       0
       0
       0
       0
       0
       0
       0
       0
       0
       0
       0
       0
       0
       0
       0
       0
       0
       0
       0
       0
       0
       0
       0
       0
       0
       0
       0
       0
       0
       0
       0
       0
       0
       0
       0
       0
       0
       0
       0
       0
       0
       0
       0
       0
       0
       0
       0
       0
       0
       0
       0
       0
       0
       0
       0
       0
       0
       0
       0
       0
       0
       0
       0
       0
       0
       0
       0
       0
       0
       0
       0
       0
       0
       0
       0
       0
       0
       0
       0
       0
       0
       0
       0
       0
       0
       0
       0
       0
       0
       0
       0
       0
       0
       0
       0
       0
       0
       0
       0
       0
       0
       0
       0
       0
       0
       0
       0
       0
       0
       0
       0
       0
       0
       0
       0
       0
       0
       0
       0
       0
       0
       0
       0
       0
       0
       0
       0
       0
       0
       0
       0
       0
       0
       0
       0
       0
       0
       0
       0
       0
       0
       0
       0
       0
       0
       0
       0
       0
       0
       0
       0
       0
       0
       0
       0
       0
       0
       0
       0
       0
       0
       0
       0
       0
       0
       0
       0
       0
       0
       0
       0
       0
       0
       0
       0
       0
       0
       0
       0
       0
       0
       0
       0
       0
       0
       0
       0
       0
       0
       0
       0
       0
       0
       0
       0
       0
$ROI:
0
$PRESETS:
Real Time
180
0
$ENER_FIT:
0.888569 0.390988
$MCA_CAL:
3
8.885689E-001 3.909876E-001 3.191953E-008 keV
$SHAPE_CAL:
3
0.000000E+000 0.000000E+000 0.000000E+000
