$SPEC_ID:
1
$SPEC_REM:
DET# 2
DETDESC# MCB 130 Normal
AP# Maestro Version 7.01
$DATE_MEA:
09/11/2019 05:04:57
$MEAS_TIM:
178 180
$DATA:
0 8191
       0
       0
       0
       0
       0
       0
       0
       0
       0
       0
       0
       0
       0
       0
       0
       0
       0
       0
       0
       0
       0
       0
       0
       0
       0
       0
       5
     250
      88
      34
      32
      59
      93
     138
     152
     107
      59
      63
      63
      78
      88
     119
     107
     121
     155
     115
      57
      48
      64
      49
      50
      67
      69
      69
      60
      60
      45
      49
      55
      70
      58
      46
      61
      55
      49
      50
      58
      46
      49
      53
      82
      73
      66
      52
      44
      75
      61
      55
      56
      57
      52
      51
      41
      41
      46
      43
      52
      45
      73
      85
      88
      55
      48
      48
      61
      36
      33
      50
      49
      46
      56
      66
      55
      61
      64
      60
      49
      48
      33
      54
      58
      37
      44
      56
      39
      48
      68
      46
      47
      51
      44
      37
      40
      44
      63
      52
      66
      46
      59
      54
      64
      56
      54
      49
      54
      57
      68
      52
      70
      48
      56
      66
      58
      45
      63
      87
      56
      53
      73
      75
      75
      60
      67
      73
      79
     101
      77
      83
      71
      72
      76
      86
      71
      84
      82
      64
      67
      73
      77
      89
      73
      92
      79
      63
      83
      75
      79
      88
     102
      86
      85
      83
      95
     100
      98
     105
     103
      93
     118
     135
     138
     106
      98
     112
      91
      88
     120
     105
      99
      96
     106
      95
     100
      87
      95
     130
     137
      98
     112
      98
      79
     102
     107
     138
     137
     122
     107
     114
      94
     114
     141
     135
     118
     110
     103
     102
      95
     111
     115
     104
     113
     102
     105
     111
     120
     116
     108
      92
     124
      98
     126
     141
     131
     108
     118
     108
      89
     105
     106
     135
     153
     190
     241
     277
     240
     131
     104
     118
     105
      95
     103
     141
     216
     361
     351
     268
     138
     130
     212
     365
     462
     298
     134
      89
      93
      90
      71
      94
     101
      91
      89
     104
      78
     104
      99
      95
      94
      87
      91
      73
      94
      90
      91
      99
     100
     123
     125
     136
     132
     137
     102
      91
      89
      76
      79
      97
     106
     108
     104
     102
      96
      81
      84
      86
      81
      89
      75
      81
      96
      92
      72
      68
      83
      72
      80
      73
      71
      93
      69
      86
      82
      82
      97
      75
      63
      68
      97
      89
      88
      82
      82
      63
      79
      76
      73
      74
      79
      81
      75
      63
      67
      73
      59
      79
      69
      72
     113
     134
     176
     137
      78
      54
      64
      78
      64
      69
      61
      95
      71
      64
      71
      70
      78
      70
      67
      66
      61
      63
      85
      63
      70
      78
      61
      67
      70
      65
      53
      69
      53
      68
      64
      61
      55
      64
      46
      50
      57
      74
      58
      53
      70
      82
      59
      75
      63
      53
      57
      62
      63
      56
      57
      49
      64
      74
      51
      48
      57
      56
      51
      59
      54
      47
      48
      66
      59
      65
      44
      61
      46
      62
      50
      53
      46
      47
      61
      49
      44
      45
      40
      55
      57
      55
      62
      52
      52
      50
      49
      40
      49
      54
      43
      47
      46
      59
      68
      52
      46
      57
      55
      57
      45
      41
      70
      45
      55
      49
      52
      47
      43
      42
      54
      44
      42
      44
      45
      50
      56
      42
      52
      39
      34
      29
      40
      45
      41
      37
      52
      40
      39
      37
      44
      38
      43
      35
      32
      44
      36
      46
      27
      46
      51
      41
      48
      40
      49
      34
      31
      30
      54
      32
      42
      42
      41
      37
      33
      31
      38
      39
      35
      38
      38
      35
      50
      35
      37
      39
      42
      34
      39
      27
      37
      44
      37
      46
      59
      62
      75
      34
      36
      37
      33
      33
      30
      30
      31
      43
      33
      30
      30
      32
      38
      39
      34
      28
      40
      34
      40
      38
      32
      32
      39
      18
      36
      29
      31
      34
      28
      44
      30
      27
      31
      29
      29
      23
      24
      19
      33
      24
      29
      45
      53
     104
     182
     165
      98
      52
      33
      22
      31
      23
      27
      34
      39
      36
      29
      31
      31
      25
      34
      32
      24
      25
      37
      21
      20
      31
      24
      23
      41
      35
      32
      37
      35
      34
      29
      28
      30
      37
      44
      28
      20
      24
      22
      24
      27
      33
      28
      28
      26
      30
      20
      28
      23
      22
      24
      37
      46
      85
      88
      52
      36
      21
      25
      24
      21
      27
      30
      17
      14
      26
      29
      26
      34
      28
      21
      19
      18
      24
      17
      19
      20
      17
      23
      24
      25
      31
      24
      22
      20
      22
      22
      29
      22
      24
      23
      23
      17
      14
      14
      31
      18
      22
      19
      17
      22
      17
      12
      17
      20
      26
      33
      24
      14
      17
      23
      24
      22
      12
      21
      22
      21
      22
      25
      19
      21
      22
      34
      55
     108
     127
     114
      33
      30
      25
      18
      18
      16
      21
      16
      20
      17
      24
      19
      22
      17
      23
      20
      13
      27
      24
      25
      22
      23
      15
      15
      17
      16
      10
      17
      17
      10
      16
      24
      15
      15
      14
      20
      31
      43
      49
      40
      26
      13
      15
      31
      40
      40
      28
      19
      16
      27
      21
      42
      56
      53
      31
      13
      19
      21
       8
      11
      23
       9
      15
      26
      11
      13
       8
       7
      15
      18
       9
      13
      13
      18
      16
      11
      22
      34
      20
      15
       8
      21
      15
      18
      16
      14
      10
      14
      16
      11
      10
      14
       7
       9
      13
      36
      40
      44
      47
      41
      17
      18
       8
      22
      19
      15
      13
      16
      15
      13
      15
       8
      14
      19
      14
      16
      17
       6
      16
      12
      18
       8
      18
      14
       9
      14
      12
      15
      10
      15
      14
      19
      11
      11
      13
      10
      15
       8
      19
      16
      17
      16
      27
      22
      25
      14
       9
      12
       6
      12
      13
      16
      17
      17
      16
      18
      13
      13
      15
       8
      11
       7
      12
      12
      14
      13
      16
      13
       8
      10
      15
       7
       8
      15
      11
       9
      11
       7
      10
       8
      11
      10
       9
       6
      11
      15
      14
      23
      27
      37
      22
      13
      14
       6
      16
      11
      11
       8
      20
       8
      13
       8
       7
      11
      13
       6
      11
      15
       7
      10
      10
      13
       8
      10
      13
       4
       6
      10
      12
      14
      19
      10
      10
      19
       5
      17
       8
       4
       8
       6
      13
       2
       7
      10
       7
       9
      15
       9
      10
      16
      11
       8
       9
      12
       6
      11
       5
       6
      10
       7
      13
      11
       6
      13
       5
       6
      11
      15
       8
       6
       7
       4
       8
      11
      13
       6
       7
      11
      11
       7
       8
      10
       9
       7
       7
       6
       6
      10
      12
       6
       5
       7
      10
       7
       7
       8
       7
       8
       2
       8
      11
       9
      14
       9
       8
       3
      16
       5
       7
       6
       3
       6
       6
       7
       8
       8
      10
      10
       9
       8
       4
      14
       6
       7
       8
      15
       7
       9
      15
       9
       5
       3
       7
       8
       4
       5
       7
      13
      11
      10
      11
       8
       7
      11
       4
      15
      15
      11
       4
       7
       4
      13
       5
       9
      10
      10
       7
      11
       5
       7
       5
       5
       6
       6
       6
       3
       5
       3
       4
       7
       5
       5
       7
       6
       8
       7
       7
       8
      11
       4
       5
       4
       8
      11
       5
      12
       7
       7
       7
       9
       5
      14
       6
      10
      14
       7
       8
       5
       4
       7
      10
       4
       9
       9
       7
       6
       6
      10
       7
       3
       3
       6
       5
       7
       8
       7
       3
       7
      10
       5
       7
       2
       3
       4
       3
       4
       3
       3
       3
       9
       5
       4
       4
       6
       8
       9
       5
      10
       4
      12
       6
       7
       8
       6
       4
       4
       8
       4
       6
       5
       4
       5
       4
       5
       7
       5
       9
       4
       7
       7
      12
       4
       4
      12
       6
       6
       8
       7
       7
       6
       8
       6
       3
       3
       5
       6
       6
       6
       6
       9
       9
       3
       4
       8
      11
       5
       3
       5
       5
       4
       5
       2
       7
       8
      12
      18
      18
      11
       9
       4
       5
       4
       8
       7
       2
       7
       2
       3
       6
       4
       7
       8
       7
       5
      10
       6
       8
       8
       5
       6
       2
       3
       6
       7
       5
       4
       5
       5
       4
      10
       8
       6
      14
       8
       7
      11
       6
       9
       4
       6
       1
       7
       7
       7
       7
      13
       5
       6
       5
       8
       3
      10
       3
       6
       4
       8
       6
       1
       4
       4
       5
       2
       8
       3
       2
       5
       4
       4
      11
      14
      16
      17
      11
       4
       6
       6
       2
       4
       6
       4
       5
       9
       6
       2
       5
       8
       6
       7
       0
       2
       3
       3
       3
       6
       8
       4
      10
       4
       7
       2
       3
       7
       3
       3
       9
       9
       5
      11
       7
       3
       5
       6
       6
       4
       5
       5
       4
       7
       5
       3
       6
       2
       5
       7
       3
       5
       5
       4
       4
       7
       6
       3
       8
       3
      12
      12
      10
       5
       7
       6
       3
       5
       2
       3
       3
       7
       2
       3
       4
       5
       8
      11
      19
      31
      36
      35
      17
       3
       6
       5
       8
       6
       6
       5
       7
       5
       1
       2
       4
       3
       5
       2
       5
       5
       4
       5
       6
       2
       3
       4
       4
       7
       4
       6
       3
       4
       2
       3
       8
       1
       5
       7
       6
       4
       5
       3
       3
       7
       1
       4
       7
       6
       3
       6
       5
       8
       2
       3
       7
       3
       4
       7
       4
       1
       6
       7
       3
       5
       3
      10
       9
      11
       6
       4
       5
       4
       3
       3
       3
       8
       3
       5
       3
       3
       5
       9
       3
       3
       2
       3
       2
       5
       3
       1
       1
       3
       5
       2
       4
       1
       1
       4
       3
       7
       3
       5
       4
       5
       4
       4
       6
       4
       2
       3
       5
       6
       2
       3
       1
       3
       5
       2
       4
       5
       3
       1
       4
       2
       3
       2
       6
       2
       4
       5
       5
       2
       3
       6
       5
       8
       9
      10
       9
       2
       5
       4
       3
       5
       5
       2
       3
       5
       3
       4
       6
       2
       6
       6
       2
       4
       4
       2
       3
       4
       2
       2
       8
       5
       3
       7
       4
       3
       3
       5
       8
       1
       3
       2
       4
       1
       1
       0
       5
       5
       3
       2
       1
       4
       5
       3
       4
       4
       6
       7
       8
       8
       8
       4
       4
       7
       6
       5
       1
       3
       6
       7
      20
      31
      23
      17
       5
       2
       3
       5
       3
       4
       2
       3
       0
       3
       3
       7
       5
       2
       4
       4
       4
       6
       1
       3
       6
       2
       5
       5
       5
       1
       4
       5
       2
       2
       2
       4
       3
       2
       5
       4
       3
       5
       3
       4
       1
       3
       2
       2
       1
       2
       2
       0
       2
       2
       8
       3
       4
       6
       6
       6
       3
       3
       2
       4
       5
       5
       1
       4
       4
       6
       2
       5
       6
       1
       1
       3
       2
       2
       6
       1
       3
       5
       2
       1
       4
       2
       1
       0
       2
       3
       5
       6
       3
       0
       1
       2
       1
       1
       5
       2
       1
       1
       7
       4
       1
       1
       1
       3
       5
       5
       1
       3
       0
       3
       4
       4
       5
       1
       1
       1
       1
       0
       3
       4
      11
      17
      29
      26
      20
       6
       6
       8
       2
       0
       3
       6
       3
       3
       6
       4
       2
       4
       9
       2
      11
       1
       1
       7
       6
       7
      18
      13
       9
       8
       5
       4
       6
       6
       3
       3
       1
       3
       4
       4
       4
       2
       3
       0
       4
       3
       3
       0
       0
       1
       2
       1
       0
       3
       2
       5
       2
       2
       5
       6
       0
       1
       1
       2
       1
       2
       4
       3
       2
       3
       4
       3
       3
       2
       2
       4
       5
       3
       1
       3
       3
       0
       1
       5
       4
       4
       5
       3
       2
       4
       0
       0
       1
       3
       4
       5
       3
       1
       4
       3
       0
       4
       1
       5
       2
       4
       1
       1
       7
       2
       6
       0
       1
       1
       5
       6
       0
       1
       5
       3
       4
       1
       3
       0
       4
       3
       2
       4
       2
       3
       1
       2
       2
       4
       0
       2
       1
       2
       3
       3
       4
       0
       2
       2
       4
       2
       4
       2
       2
       1
       2
       0
       0
       3
       3
       4
       1
       5
       3
       2
       4
       0
       4
       3
       3
       5
       2
       1
       2
       1
       3
       1
       4
       4
       2
       1
       3
       2
       3
       4
       1
       0
       3
       4
       4
       1
       2
       4
       1
       4
       5
       1
       1
       3
       4
       1
       0
       3
       2
       2
       3
       2
       0
       4
       3
       2
       2
       2
       2
       2
       3
       2
       2
       0
       3
       3
       5
       8
       5
      16
      16
      24
      16
       6
       4
       2
       3
       3
       1
       3
       2
       1
       2
       2
       6
       4
       7
       2
       2
       3
       5
       3
       3
       3
       1
       1
       0
       3
       1
       2
       1
       2
       1
       1
       2
       1
       5
       3
       3
       3
       2
       3
       1
       2
       0
       3
       2
       1
       2
       3
       1
       1
       2
       2
       0
       6
       7
       5
       2
       1
       2
       4
       3
       2
       4
       5
       2
       3
       1
       0
       2
       1
       3
       7
      10
       7
      10
       8
       8
       2
       2
       1
       2
       2
       0
       4
       1
       0
       3
       7
       2
       2
       2
       1
       1
       3
       4
       2
       4
       3
       1
       4
       4
       2
       5
       1
       3
       3
       2
       2
       1
       3
       0
       2
       0
       1
       0
       0
       0
       5
       2
       2
       2
       3
       1
       3
       0
       3
       3
       0
       4
       0
       6
       5
       3
       5
       2
       4
       1
       1
       1
       2
       1
       3
       2
       4
       1
       2
       2
       3
       1
       1
       4
       1
       2
       2
       2
       2
       5
       4
       0
       0
       2
       1
       0
       2
       0
       0
       2
       1
       1
       5
       3
       3
       2
       1
       2
       3
       0
       2
       2
       4
       1
       3
       3
       1
       3
       4
       2
       1
       0
       0
       2
       3
       1
       2
       1
       2
       0
       2
       0
       1
       1
       1
       3
       2
       0
       1
       1
       1
       3
       4
       1
       3
       2
       5
       1
       1
       2
       3
       0
       0
       1
       2
       1
       3
       1
       2
       2
       2
       1
       1
       6
       2
       1
       2
       2
       2
       0
       1
       3
       2
       1
       3
       1
       0
       1
       3
       3
       3
       1
       0
       2
       1
       2
       1
       1
       2
       0
       3
       2
       1
       0
       2
       0
       5
       1
       1
       2
       1
       3
       0
       0
       1
       1
       0
       2
       0
       0
       4
       5
       1
       2
       3
       1
       0
       2
       2
       4
       3
       2
       3
       2
       1
       3
       3
       1
       0
       0
       0
       4
       2
       3
       0
       3
       1
       0
       2
       1
       0
       1
       1
       0
       4
       1
       0
       4
       1
       6
       1
       0
       2
       3
       0
       0
       2
       0
       1
       1
       3
       1
       2
       0
       4
       1
       3
       0
       2
       2
       3
       1
       2
       5
       0
       1
       4
       6
       7
      16
       7
       8
       4
       4
       4
       1
       2
       3
       1
       3
       3
       0
       5
       1
       1
       3
       3
       1
       3
       3
       2
       0
       5
       3
       6
       6
       6
       4
       3
       1
       0
       2
       2
       1
       1
       2
       1
       1
       1
       0
       1
       3
       1
       1
       1
       2
       1
       1
       0
       5
       4
       1
       3
       0
       1
       3
       0
       2
       1
       0
       1
       1
       2
       1
       1
       3
       1
       1
       0
       0
       2
       0
       1
       1
       1
       2
       2
       3
       2
       3
       5
       9
       6
       2
       2
       1
       2
       3
       1
       1
       0
       1
       0
       0
       1
       1
       0
       2
       2
       1
       2
       0
       1
       1
       2
       1
       2
       2
       3
       0
       2
       4
       1
       1
       3
       0
       0
       2
       4
       0
       4
       1
       0
       2
       2
       0
       0
       0
       2
       1
       1
       0
       2
       3
       2
       0
       1
       2
       3
       1
       1
       1
       1
       1
       0
       0
       1
       1
       3
       3
       0
       1
       0
       2
       2
       0
       1
       0
       1
       2
       3
       1
       5
       0
       0
       2
       0
       2
       1
       1
       0
       3
       0
       1
       0
       4
       5
       2
       0
       0
       1
       0
       3
       0
       2
       1
       4
       2
       2
       0
       3
       5
       3
       4
       4
       3
       2
       2
       2
       0
       0
       0
       2
       0
       1
       1
       0
       0
       0
       5
       0
       3
       4
       5
       5
       2
       3
       2
       2
       3
       3
       4
       8
       8
       5
       6
       4
       2
       4
       4
       2
       2
       1
       1
       3
       1
       0
       2
       2
       1
       0
       1
       1
       1
       1
       2
       0
       1
       1
       2
       2
       1
       0
       1
       2
       0
       0
       1
       1
       1
       1
       0
       2
       1
       1
       2
       0
       3
       4
       1
       1
       0
       1
       2
       1
       1
       0
       2
       2
       2
       4
       3
       1
       1
       1
       1
       0
       1
       2
       0
       1
       1
       1
       2
       1
       2
       0
       4
       1
       1
       3
       0
       0
       1
       1
       4
       1
       2
       1
       1
       2
       2
       1
       1
       1
       1
       2
       1
       1
       1
       4
       0
       0
       0
       2
       0
       0
       1
       1
       1
       0
       1
       2
       0
       1
       0
       0
       1
       1
       0
       0
       0
       2
       1
       3
       0
       0
       1
       2
       3
       1
       0
       1
       1
       0
       1
       2
       1
       0
       0
       2
       1
       2
       1
       1
       2
       1
       1
       0
       1
       3
       1
       4
       2
       2
       2
       1
       1
       2
       1
       3
       2
       4
       1
       1
       1
       0
       0
       1
       3
       1
       1
       1
       0
       1
       2
       1
       2
       0
       1
       0
       2
       0
       0
       1
       1
       1
       2
       0
       2
       2
       2
       0
       1
       0
       0
       2
       1
       0
       1
       1
       2
       1
       1
       0
       0
       0
       1
       2
       1
       1
       0
       2
       0
       1
       1
       1
       0
       0
       0
       1
       0
       0
       0
       1
       3
       1
       0
       0
       2
       2
       2
       2
       0
       2
       1
       1
       1
       0
       1
       1
       2
       0
       2
       0
       2
       0
       0
       1
       0
       1
       1
       1
       0
       1
       2
       1
       0
       3
       2
       0
       1
       1
       1
       0
       1
       1
       1
       1
       0
       0
       1
       1
       1
       1
       1
       1
       1
       3
       0
       1
       0
       1
       1
       0
       3
       2
       0
       2
       3
       2
       0
       2
       0
       1
       0
       1
       1
       1
       2
       1
       2
       0
       2
       0
       0
       2
       0
       2
       0
       0
       1
       1
       1
       2
       1
       0
       1
       1
       2
       0
       0
       0
       0
       0
       1
       0
       0
       0
       1
       1
       0
       2
       2
       0
       2
       2
       2
       2
       0
       2
       1
       2
       0
       6
       1
       1
       2
       3
       0
       2
       0
       1
       4
       1
       0
       1
       0
       1
       2
       0
       1
       3
       0
       2
       0
       3
       1
       2
       0
       0
       1
       2
       3
       1
       1
       1
       1
       0
       1
       1
       1
       2
       2
       0
       0
       1
       1
       3
       2
       0
       0
       4
       2
       2
       4
       5
       6
       2
       2
       3
       1
       0
       0
       1
       1
       0
       2
       0
       0
       0
       1
       2
       2
       0
       0
       0
       0
       0
       1
       0
       2
       0
       0
       2
       0
       3
       0
       1
       0
       1
       0
       1
       1
       1
       0
       2
       1
       0
       1
       0
       2
       2
       0
       0
       0
       1
       0
       0
       1
       0
       1
       0
       0
       1
       3
       1
       0
       1
       1
       0
       2
       2
       0
       2
       1
       1
       3
       3
       1
       1
       0
       1
       0
       2
       1
       2
       0
       2
       0
       0
       0
       0
       0
       0
       0
       3
       0
       1
       1
       0
       1
       1
       2
       0
       2
       1
       1
       0
       0
       1
       2
       1
       1
       0
       0
       1
       0
       2
       2
       0
       0
       1
       3
       0
       0
       0
       0
       2
       1
       0
       0
       0
       0
       3
       0
       1
       1
       0
       2
       7
       5
       2
       6
       3
       5
       0
       1
       0
       1
       2
       1
       7
      10
       2
       8
       2
       4
       0
       2
       2
       2
       0
       0
       1
       2
       0
       3
       3
       1
       2
       0
       1
       0
       0
       1
       1
       0
       2
       0
       2
       1
       1
       2
       1
       1
       0
       0
       0
       2
       1
       1
       1
       0
       1
       1
       1
       2
       0
       0
       1
       2
       0
       1
       1
       1
       0
       2
       2
       1
       2
       2
       0
       0
       2
       0
       1
       1
       1
       1
       3
       1
       4
       1
       0
       1
       1
       0
       0
       1
       2
       0
       0
       1
       0
       1
       0
       0
       1
       1
       2
       0
       1
       1
       0
       1
       3
       0
       0
       1
       2
       3
       0
       0
       4
       1
       1
       1
       1
       1
       2
       0
       2
       1
       0
       3
       0
       1
       1
       2
       1
       0
       1
       3
       2
       2
       2
       0
       2
       1
       1
       0
       0
       2
       2
       1
       0
       0
       0
       0
       1
       1
       0
       2
       2
       2
       0
       0
       1
       0
       1
       0
       0
       0
       1
       0
       1
       2
       5
       2
       1
       0
       2
       1
       0
       0
       1
       0
       1
       0
       0
       2
       0
       1
       0
       1
       2
       2
       0
       0
       0
       0
       1
       0
       2
       1
       0
       0
       1
       0
       0
       0
       1
       1
       1
       1
       0
       0
       0
       2
       2
       1
       0
       0
       1
       2
       0
       0
       2
       0
       1
       1
       0
       0
       1
       1
       0
       1
       0
       1
       0
       1
       0
       0
       1
       0
       0
       0
       0
       0
       0
       1
       0
       0
       0
       1
       0
       0
       0
       0
       1
       0
       3
       1
       4
       1
       2
       1
       0
       0
       0
       0
       0
       2
       1
       1
       1
       0
       0
       0
       0
       0
       0
       3
       0
       0
       0
       0
       0
       3
       0
       1
       0
       1
       0
       0
       0
       0
       2
       0
       1
       0
       0
       0
       1
       0
       1
       0
       3
       0
       0
       1
       2
       0
       0
       0
       0
       1
       1
       0
       0
       0
       0
       1
       1
       1
       0
       0
       0
       0
       0
       0
       0
       0
       1
       0
       1
       1
       1
       0
       0
       0
       0
       0
       1
       0
       1
       0
       0
       0
       2
       1
       2
       0
       2
       1
       0
       0
       1
       1
       0
       0
       0
       1
       0
       0
       2
       2
       2
       2
       2
       2
       0
       0
       0
       0
       0
       1
       1
       0
       0
       3
       0
       0
       1
       0
       0
       0
       0
       1
       0
       0
       2
       0
       2
       0
       0
       0
       1
       1
       0
       0
       1
       0
       1
       1
       0
       1
       0
       0
       0
       0
       1
       0
       0
       1
       1
       2
       9
       3
       7
       3
       0
       2
       1
       0
       2
       0
       0
       0
       0
       0
       0
       0
       0
       0
       0
       0
       1
       0
       1
       0
       0
       0
       0
       0
       0
       0
       0
       0
       0
       0
       1
       0
       0
       0
       0
       0
       0
       0
       0
       0
       0
       0
       0
       0
       0
       0
       2
       0
       1
       0
       0
       0
       0
       0
       0
       2
       1
       1
       0
       0
       0
       0
       1
       1
       0
       1
       0
       1
       0
       0
       0
       0
       0
       1
       0
       0
       0
       0
       1
       0
       1
       0
       1
       1
       0
       0
       0
       0
       0
       0
       1
       0
       0
       0
       0
       0
       0
       0
       0
       0
       1
       0
       0
       0
       0
       0
       0
       1
       1
       0
       1
       0
       0
       1
       2
       0
       2
       0
       0
       0
       0
       0
       0
       0
       1
       1
       1
       0
       0
       0
       1
       1
       1
       0
       0
       0
       0
       1
       0
       0
       0
       0
       0
       0
       0
       1
       0
       0
       1
       1
       0
       0
       0
       1
       0
       0
       0
       0
       0
       1
       0
       0
       0
       0
       1
       0
       1
       1
       0
       0
       1
       2
       1
       0
       1
       0
       1
       1
       0
       0
       0
       1
       1
       0
       0
       0
       0
       2
       0
       0
       1
       1
       1
       1
       0
       1
       0
       1
       1
       1
       0
       0
       0
       0
       0
       1
       0
       0
       0
       0
       0
       0
       0
       0
       0
       0
       0
       0
       0
       0
       0
       0
       0
       0
       0
       0
       1
       0
       0
       0
       1
       0
       0
       1
       0
       1
       0
       1
       1
       1
       0
       0
       0
       0
       0
       0
       0
       0
       3
       0
       1
       0
       0
       0
       1
       0
       0
       0
       0
       0
       0
       0
       0
       0
       0
       0
       0
       1
       0
       0
       0
       0
       0
       0
       1
       1
       1
       0
       0
       0
       0
       0
       0
       0
       0
       0
       0
       1
       0
       0
       0
       0
       0
       1
       0
       0
       1
       0
       1
       0
       0
       0
       1
       0
       0
       0
       0
       0
       0
       0
       0
       0
       0
       0
       0
       0
       2
       0
       3
       3
       0
       4
       4
      13
      15
      23
      24
      22
      20
       8
       6
       1
       1
       0
       0
       0
       0
       0
       0
       0
       1
       0
       0
       0
       0
       2
       0
       0
       0
       0
       1
       0
       1
       0
       0
       0
       0
       0
       0
       0
       0
       1
       0
       0
       0
       0
       0
       0
       0
       0
       0
       0
       1
       0
       0
       0
       0
       0
       0
       0
       0
       0
       0
       0
       0
       0
       0
       0
       0
       0
       0
       0
       0
       0
       0
       0
       0
       0
       0
       0
       0
       0
       0
       0
       1
       0
       0
       1
       0
       0
       0
       0
       0
       0
       0
       0
       0
       0
       0
       0
       0
       0
       0
       0
       0
       0
       1
       1
       0
       0
       0
       2
       0
       0
       0
       0
       0
       0
       1
       0
       0
       0
       0
       0
       0
       0
       0
       0
       0
       0
       1
       2
       1
       0
       1
       1
       0
       0
       0
       1
       0
       0
       0
       0
       0
       0
       0
       0
       1
       0
       0
       0
       0
       1
       0
       0
       0
       0
       0
       0
       0
       1
       0
       0
       0
       1
       0
       1
       1
       0
       0
       0
       1
       0
       0
       0
       0
       0
       0
       0
       0
       0
       0
       0
       0
       0
       0
       0
       0
       0
       0
       0
       0
       0
       1
       0
       0
       3
       0
       0
       0
       0
       0
       0
       0
       0
       1
       1
       0
       0
       1
       0
       0
       1
       0
       0
       0
       0
       0
       0
       0
       1
       0
       1
       0
       0
       0
       0
       0
       0
       0
       0
       1
       0
       0
       0
       0
       0
       0
       0
       0
       0
       0
       0
       0
       0
       0
       0
       0
       0
       0
       0
       1
       0
       0
       0
       0
       0
       0
       1
       0
       1
       0
       0
       0
       0
       0
       0
       0
       0
       0
       0
       0
       0
       0
       0
       0
       0
       0
       0
       0
       0
       0
       1
       1
       0
       0
       0
       0
       0
       0
       0
       0
       0
       0
       0
       0
       0
       0
       0
       0
       0
       1
       0
       0
       0
       0
       0
       1
       0
       0
       0
       0
       0
       0
       0
       0
       0
       0
       0
       0
       0
       0
       0
       0
       0
       0
       0
       0
       0
       1
       0
       0
       0
       0
       0
       0
       0
       0
       0
       0
       0
       1
       1
       0
       0
       1
       0
       0
       1
       2
       1
       1
       0
       1
       0
       0
       0
       3
       0
       0
       0
       1
       0
       0
       0
       0
       0
       0
       0
       0
       0
       0
       0
       0
       0
       0
       0
       1
       0
       0
       0
       0
       0
       0
       0
       0
       1
       0
       0
       0
       0
       0
       0
       0
       0
       0
       1
       0
       1
       1
       0
       0
       0
       0
       0
       0
       0
       0
       0
       0
       0
       0
       0
       0
       0
       0
       0
       0
       0
       0
       1
       0
       0
       0
       0
       0
       0
       0
       0
       0
       0
       0
       1
       0
       0
       0
       0
       0
       1
       0
       0
       0
       0
       0
       0
       0
       0
       0
       0
       0
       0
       1
       0
       0
       0
       0
       0
       0
       0
       0
       0
       0
       0
       0
       0
       0
       0
       0
       0
       1
       0
       1
       0
       0
       0
       1
       0
       0
       0
       0
       0
       0
       0
       0
       0
       0
       1
       0
       0
       0
       0
       0
       0
       0
       0
       0
       0
       0
       0
       0
       0
       0
       1
       0
       0
       0
       0
       0
       0
       0
       0
       0
       0
       0
       0
       1
       0
       0
       0
       0
       0
       1
       0
       0
       0
       0
       0
       1
       0
       0
       0
       0
       1
       0
       1
       0
       0
       0
       0
       0
       0
       0
       0
       0
       0
       0
       0
       0
       0
       0
       0
       0
       0
       0
       0
       0
       0
       0
       0
       0
       0
       0
       2
       0
       0
       0
       0
       0
       0
       2
       0
       0
       0
       0
       0
       0
       1
       0
       0
       0
       0
       0
       0
       1
       0
       0
       0
       0
       0
       0
       0
       0
       0
       0
       0
       0
       0
       0
       0
       0
       0
       0
       0
       0
       0
       0
       0
       0
       0
       0
       0
       0
       0
       0
       1
       1
       0
       0
       0
       0
       0
       0
       0
       0
       0
       0
       0
       0
       0
       0
       0
       1
       0
       0
       0
       1
       1
       0
       0
       1
       0
       0
       0
       0
       0
       0
       0
       0
       0
       0
       0
       0
       0
       0
       0
       0
       0
       0
       0
       0
       0
       0
       0
       0
       0
       0
       0
       0
       0
       1
       0
       0
       0
       0
       0
       0
       0
       0
       0
       1
       0
       1
       0
       0
       0
       0
       0
       1
       0
       0
       0
       0
       1
       0
       1
       0
       1
       0
       0
       0
       0
       0
       0
       0
       1
       0
       0
       0
       0
       0
       0
       1
       0
       0
       0
       0
       0
       0
       0
       0
       0
       1
       1
       0
       1
       0
       0
       0
       0
       0
       0
       0
       0
       0
       0
       0
       0
       0
       0
       0
       0
       0
       0
       0
       0
       0
       0
       0
       0
       0
       0
       0
       0
       0
       0
       0
       0
       1
       1
       0
       0
       0
       1
       0
       0
       0
       0
       0
       0
       0
       1
       1
       0
       0
       0
       0
       0
       1
       0
       2
       1
       1
       2
       4
       2
       0
       2
       2
       0
       0
       0
       0
       0
       0
       0
       1
       0
       0
       0
       1
       0
       0
       0
       0
       0
       0
       0
       0
       0
       0
       0
       0
       0
       0
       0
       0
       0
       0
       0
       0
       0
       0
       0
       0
       0
       0
       0
       0
       0
       0
       0
       0
       0
       0
       0
       0
       1
       0
       0
       0
       0
       0
       0
       0
       0
       0
       0
       0
       0
       0
       0
       1
       1
       0
       0
       0
       0
       0
       0
       0
       0
       1
       0
       0
       0
       0
       0
       0
       0
       0
       0
       0
       0
       0
       0
       0
       0
       0
       0
       1
       0
       0
       0
       0
       0
       1
       0
       0
       0
       0
       0
       0
       0
       0
       0
       0
       0
       0
       0
       0
       0
       0
       0
       0
       0
       0
       0
       0
       1
       1
       0
       0
       0
       0
       0
       0
       0
       1
       0
       0
       0
       0
       1
       0
       0
       0
       0
       0
       0
       0
       1
       0
       0
       0
       0
       0
       1
       0
       0
       0
       0
       0
       0
       0
       1
       0
       0
       0
       0
       0
       0
       0
       0
       0
       0
       1
       1
       0
       0
       0
       0
       0
       0
       0
       1
       0
       0
       0
       0
       0
       0
       0
       0
       0
       1
       0
       0
       0
       0
       0
       0
       0
       0
       0
       0
       0
       0
       0
       0
       0
       0
       0
       0
       0
       0
       0
       1
       2
       0
       0
       0
       0
       0
       0
       2
       0
       0
       0
       0
       0
       0
       0
       0
       0
       0
       0
       0
       0
       0
       0
       0
       0
       0
       0
       0
       0
       0
       1
       0
       0
       0
       0
       0
       0
       0
       0
       0
       0
       0
       0
       0
       0
       0
       0
       0
       0
       0
       0
       0
       0
       0
       0
       0
       0
       0
       0
       0
       0
       0
       0
       0
       0
       0
       0
       0
       0
       0
       0
       2
       0
       0
       0
       0
       0
       0
       1
       0
       0
       0
       0
       0
       0
       0
       0
       0
       0
       1
       0
       0
       0
       0
       0
       0
       0
       0
       1
       1
       0
       0
       0
       0
       0
       0
       0
       0
       0
       0
       0
       0
       0
       0
       0
       1
       0
       0
       0
       0
       0
       0
       0
       0
       0
       0
       0
       0
       0
       0
       0
       0
       0
       0
       0
       0
       0
       0
       0
       0
       0
       0
       0
       0
       0
       0
       0
       0
       1
       1
       1
       0
       0
       0
       0
       0
       0
       0
       0
       1
       0
       0
       0
       0
       0
       0
       0
       0
       0
       0
       0
       0
       0
       0
       0
       0
       0
       2
       0
       0
       1
       0
       0
       0
       0
       1
       0
       0
       1
       0
       0
       1
       0
       0
       0
       0
       0
       0
       0
       0
       0
       0
       0
       0
       0
       0
       0
       0
       0
       0
       0
       0
       0
       0
       0
       0
       0
       0
       0
       1
       0
       0
       0
       0
       0
       0
       0
       0
       0
       1
       0
       0
       1
       0
       0
       0
       0
       0
       1
       0
       0
       0
       0
       0
       0
       0
       0
       0
       0
       0
       0
       0
       0
       0
       0
       0
       1
       0
       0
       0
       0
       0
       0
       0
       1
       0
       0
       0
       0
       0
       0
       0
       0
       0
       0
       0
       0
       0
       0
       0
       1
       0
       0
       0
       0
       0
       0
       0
       0
       0
       0
       0
       0
       0
       0
       0
       0
       0
       0
       1
       0
       1
       0
       0
       0
       0
       0
       0
       0
       0
       0
       0
       0
       0
       0
       0
       0
       0
       0
       0
       0
       0
       0
       0
       0
       0
       0
       1
       0
       0
       0
       0
       0
       0
       0
       0
       0
       0
       0
       0
       0
       0
       0
       0
       0
       0
       0
       0
       0
       0
       0
       0
       0
       0
       0
       0
       0
       0
       0
       0
       0
       0
       0
       0
       0
       0
       0
       0
       0
       0
       0
       0
       0
       0
       0
       0
       0
       0
       0
       0
       0
       0
       0
       0
       0
       1
       0
       1
       0
       0
       0
       0
       0
       0
       2
       0
       0
       1
       0
       0
       0
       0
       0
       0
       0
       0
       0
       1
       0
       0
       0
       0
       0
       0
       0
       0
       1
       0
       0
       0
       1
       0
       0
       0
       0
       0
       0
       0
       0
       0
       0
       0
       0
       0
       0
       0
       0
       1
       0
       0
       0
       0
       0
       0
       0
       0
       0
       0
       0
       0
       0
       0
       0
       0
       0
       0
       0
       0
       0
       1
       0
       0
       0
       0
       0
       0
       0
       0
       0
       0
       0
       0
       0
       0
       0
       0
       0
       0
       0
       0
       0
       0
       0
       0
       0
       0
       0
       0
       0
       0
       0
       0
       0
       0
       0
       0
       0
       0
       0
       0
       0
       0
       0
       0
       1
       0
       0
       0
       0
       0
       0
       1
       0
       0
       0
       0
       0
       0
       0
       0
       0
       1
       0
       0
       0
       0
       0
       0
       0
       0
       0
       0
       0
       0
       0
       0
       0
       0
       0
       0
       0
       0
       0
       1
       0
       0
       0
       0
       0
       0
       0
       0
       0
       0
       0
       2
       0
       1
       0
       0
       0
       0
       0
       0
       0
       0
       0
       0
       1
       0
       0
       0
       0
       0
       0
       0
       0
       0
       1
       0
       0
       0
       0
       0
       0
       0
       0
       0
       0
       0
       0
       0
       0
       0
       0
       0
       0
       0
       0
       0
       0
       0
       0
       0
       0
       0
       0
       0
       0
       0
       0
       0
       0
       0
       0
       0
       1
       0
       0
       0
       0
       0
       0
       0
       0
       0
       0
       0
       0
       0
       0
       0
       0
       0
       0
       0
       0
       0
       0
       0
       0
       0
       0
       0
       0
       0
       0
       0
       0
       0
       0
       0
       1
       1
       0
       2
       0
       0
       0
       0
       0
       0
       0
       0
       0
       0
       0
       0
       0
       0
       0
       0
       0
       1
       0
       0
       0
       0
       0
       0
       0
       0
       1
       0
       0
       0
       0
       0
       0
       0
       0
       1
       0
       0
       0
       0
       0
       0
       0
       0
       0
       0
       0
       0
       0
       0
       0
       0
       0
       0
       0
       0
       0
       0
       0
       0
       0
       0
       0
       1
       0
       0
       0
       0
       0
       0
       0
       0
       0
       0
       0
       0
       0
       0
       0
       0
       0
       1
       0
       0
       0
       0
       0
       0
       0
       0
       0
       0
       0
       0
       0
       0
       0
       0
       0
       0
       0
       0
       0
       0
       0
       0
       1
       0
       0
       0
       0
       0
       0
       1
       0
       0
       0
       0
       0
       0
       0
       1
       0
       0
       0
       0
       0
       0
       0
       0
       0
       0
       0
       0
       0
       0
       0
       0
       0
       1
       1
       0
       0
       0
       0
       0
       0
       0
       0
       0
       0
       0
       0
       0
       0
       0
       0
       0
       0
       0
       0
       0
       0
       0
       0
       0
       0
       0
       0
       0
       0
       0
       0
       0
       0
       0
       0
       0
       0
       0
       0
       0
       0
       0
       0
       0
       0
       0
       0
       0
       0
       1
       0
       0
       0
       0
       0
       0
       0
       0
       0
       0
       0
       0
       0
       0
       0
       0
       0
       0
       0
       0
       0
       0
       0
       0
       0
       0
       0
       0
       0
       0
       0
       1
       0
       0
       0
       0
       0
       0
       0
       0
       0
       0
       0
       0
       0
       0
       0
       0
       0
       0
       0
       0
       1
       0
       0
       0
       0
       0
       0
       0
       1
       1
       1
       0
       0
       1
       0
       1
       0
       0
       0
       0
       0
       0
       0
       0
       0
       0
       0
       0
       0
       0
       0
       0
       0
       0
       0
       0
       0
       0
       0
       1
       0
       0
       0
       1
       0
       1
       0
       0
       0
       0
       0
       0
       0
       0
       1
       0
       0
       0
       0
       0
       0
       0
       1
       0
       0
       0
       0
       0
       0
       0
       0
       0
       0
       0
       0
       1
       0
       0
       0
       0
       0
       1
       0
       0
       0
       0
       0
       0
       0
       0
       0
       0
       0
       0
       0
       0
       0
       0
       0
       0
       0
       0
       0
       0
       0
       0
       0
       1
       0
       0
       0
       0
       0
       0
       0
       0
       0
       0
       0
       1
       0
       0
       0
       0
       0
       0
       0
       0
       0
       0
       0
       0
       0
       0
       0
       0
       0
       0
       0
       0
       0
       0
       0
       0
       0
       0
       0
       0
       0
       0
       0
       0
       0
       0
       0
       0
       0
       0
       0
       1
       0
       0
       0
       0
       0
       0
       0
       0
       0
       0
       1
       0
       0
       0
       0
       0
       0
       0
       0
       0
       0
       0
       0
       0
       0
       0
       0
       0
       0
       0
       0
       0
       0
       0
       0
       0
       0
       0
       0
       0
       0
       0
       0
       0
       2
       0
       0
       0
       0
       0
       0
       0
       0
       0
       0
       0
       0
       0
       1
       0
       0
       0
       0
       0
       0
       0
       0
       0
       0
       0
       0
       0
       0
       0
       0
       0
       0
       0
       1
       1
       0
       0
       0
       0
       0
       1
       0
       0
       0
       0
       0
       0
       0
       0
       0
       0
       0
       0
       0
       0
       0
       0
       1
       0
       0
       0
       0
       0
       0
       0
       0
       0
       0
       0
       0
       0
       0
       0
       1
       0
       0
       0
       0
       0
       0
       0
       1
       0
       1
       0
       0
       0
       0
       0
       0
       0
       0
       0
       0
       0
       0
       0
       0
       0
       0
       0
       0
       0
       0
       0
       0
       0
       0
       0
       0
       0
       0
       0
       0
       0
       0
       0
       0
       0
       0
       0
       0
       0
       1
       0
       0
       1
       0
       0
       0
       0
       0
       0
       0
       0
       0
       0
       0
       0
       0
       0
       0
       0
       0
       1
       0
       0
       0
       0
       0
       0
       0
       0
       0
       0
       0
       0
       0
       0
       0
       0
       0
       0
       0
       0
       0
       0
       0
       0
       0
       1
       0
       0
       0
       0
       0
       0
       0
       0
       0
       0
       0
       0
       0
       0
       0
       0
       0
       0
       0
       0
       0
       0
       0
       0
       0
       0
       0
       0
       0
       0
       0
       0
       0
       0
       0
       0
       0
       0
       0
       0
       0
       0
       0
       0
       0
       0
       0
       0
       0
       0
       0
       0
       0
       0
       0
       0
       0
       0
       0
       0
       0
       0
       0
       0
       0
       0
       0
       0
       0
       0
       0
       0
       0
       0
       1
       0
       0
       0
       0
       0
       0
       0
       0
       0
       0
       0
       0
       0
       0
       0
       1
       0
       1
       0
       0
       0
       1
       0
       0
       0
       0
       0
       0
       1
       0
       0
       0
       0
       0
       0
       0
       0
       0
       0
       0
       0
       0
       0
       0
       0
       0
       0
       0
       0
       1
       1
       0
       0
       0
       0
       0
       0
       0
       0
       0
       0
       0
       0
       0
       0
       0
       0
       0
       0
       0
       0
       0
       0
       0
       0
       0
       0
       0
       0
       0
       0
       0
       0
       0
       0
       0
       0
       0
       0
       0
       1
       0
       0
       0
       0
       0
       0
       1
       0
       0
       0
       0
       0
       0
       0
       0
       0
       0
       0
       0
       0
       0
       0
       0
       0
       0
       0
       0
       0
       0
       0
       0
       1
       0
       0
       0
       0
       0
       0
       1
       0
       0
       0
       0
       0
       0
       0
       0
       0
       0
       0
       0
       0
       0
       0
       0
       0
       0
       0
       0
       0
       0
       0
       0
       0
       0
       0
       0
       0
       0
       0
       0
       0
       0
       0
       0
       0
       0
       0
       0
       0
       0
       0
       0
       0
       0
       0
       0
       1
       0
       0
       0
       0
       0
       1
       0
       0
       0
       0
       0
       0
       0
       0
       0
       0
       0
       0
       0
       0
       0
       0
       0
       0
       0
       0
       0
       0
       0
       0
       0
       0
       0
       0
       0
       0
       0
       0
       0
       0
       0
       0
       0
       0
       0
       0
       0
       0
       0
       0
       0
       0
       0
       0
       0
       0
       0
       0
       0
       0
       0
       0
       0
       0
       0
       0
       0
       1
       0
       0
       0
       0
       0
       0
       0
       0
       0
       0
       0
       0
       0
       0
       0
       0
       0
       0
       0
       0
       0
       0
       0
       0
       0
       0
       0
       0
       0
       0
       0
       0
       0
       0
       0
       0
       0
       0
       0
       0
       0
       0
       0
       0
       0
       0
       0
       0
       0
       0
       0
       0
       0
       0
       0
       0
       0
       0
       0
       0
       0
       0
       0
       0
       0
       0
       0
       0
       0
       0
       0
       0
       0
       0
       0
       0
       0
       0
       0
       0
       0
       0
       0
       0
       0
       0
       0
       0
       0
       0
       0
       0
       0
       0
       0
       0
       0
       0
       0
       0
       0
       0
       0
       0
       0
       0
       0
       0
       0
       0
       0
       0
       0
       0
       0
       0
       0
       0
       0
       0
       0
       0
       0
       0
       0
       0
       0
       0
       0
       0
       0
       0
       0
       0
       0
       0
       0
       0
       0
       0
       0
       0
       0
       0
       0
       0
       0
       0
       0
       0
       0
       0
       0
       0
       0
       0
       0
       0
       0
       0
       0
       0
       0
       0
       0
       0
       0
       0
       0
       0
       0
       0
       1
       0
       0
       0
       0
       0
       0
       0
       0
       0
       0
       0
       0
       0
       0
       0
       0
       0
       0
       0
       0
       0
       0
       0
       0
       0
       0
       0
       0
       0
       0
       0
       0
       0
       0
       0
       0
       0
       0
       0
       0
       0
       0
       0
       0
       0
       0
       0
       0
       0
       0
       0
       0
       0
       0
       0
       0
       0
       0
       0
       0
       0
       0
       0
       0
       0
       0
       0
       0
       0
       0
       0
       0
       0
       0
       0
       0
       0
       0
       0
       0
       0
       0
       0
       0
       0
       0
       0
       0
       0
       0
       0
       0
       0
       0
       0
       0
       0
       0
       0
       0
       0
       0
       1
       0
       0
       0
       0
       0
       0
       0
       0
       0
       0
       0
       0
       0
       0
       0
       0
       0
       0
       0
       0
       0
       0
       0
       0
       0
       0
       0
       0
       0
       0
       0
       0
       0
       0
       0
       0
       0
       0
       0
       0
       0
       0
       0
       0
       0
       0
       0
       0
       0
       0
       0
       0
       0
       0
       0
       0
       0
       0
       0
       0
       0
       0
       0
       0
       0
       0
       0
       0
       0
       0
       0
       0
       0
       0
       0
       0
       0
       0
       0
       0
       1
       1
       0
       2
       1
       2
       1
       0
       1
       1
       2
       0
       0
       0
       0
       0
       0
       0
       0
       0
       0
       0
       0
       0
       0
       0
       0
       0
       0
       0
       0
       0
       0
       0
       0
       0
       0
       0
       0
       0
       0
       0
       0
       0
       0
       0
       0
       0
       0
       1
       0
       0
       0
       0
       0
       0
       0
       0
       0
       0
       0
       0
       0
       0
       0
       0
       0
       0
       0
       0
       0
       0
       0
       0
       0
       0
       0
       0
       0
       0
       0
       0
       0
       0
       0
       0
       0
       0
       0
       0
       0
       0
       0
       0
       0
       0
       0
       0
       0
       0
       0
       0
       0
       0
       0
       0
       0
       0
       0
       0
       0
       0
       0
       0
       0
       0
       0
       0
       0
       0
       0
       0
       0
       0
       0
       0
       0
       0
       0
       0
       0
       0
       0
       0
       0
       0
       0
       0
       0
       0
       0
       0
       0
       0
       0
       0
       0
       0
       0
       0
       0
       0
       0
       0
       0
       0
       0
       0
       0
       0
       0
       0
       0
       0
       0
       0
       0
       0
       0
       0
       0
       0
       0
       0
       1
       0
       0
       0
       0
       0
       0
       0
       0
       0
       0
       0
       0
       0
       0
       0
       0
       0
       0
       0
       0
       0
       0
       0
       0
       0
       0
       0
       0
       0
       0
       0
       0
       0
       0
       0
       0
       0
       0
       0
       0
       0
       0
       0
       0
       0
       0
       0
       0
       0
       0
       0
       0
       0
       0
       0
       0
       0
       0
       0
       0
       0
       0
       0
       0
       0
       0
       0
       0
       0
       0
       0
       0
       0
       0
       0
       0
       0
       0
       0
       0
       0
       0
       0
       0
       0
       0
       0
       0
       0
       0
       0
       0
       0
       0
       0
       0
       0
       0
       0
       0
       0
       0
       0
       0
       0
       0
       0
       0
       0
       0
       0
       0
       0
       0
       0
       0
       0
       0
       0
       0
       0
       0
       0
       0
       0
       0
       0
       0
       0
       0
       0
       0
       0
       0
       0
       0
       0
       0
       0
       0
       0
       0
       0
       0
       0
       0
       0
       0
       0
       0
       0
       0
       0
       0
       0
       0
       0
       0
       1
       0
       0
       0
       0
       0
       0
       0
       0
       0
       0
       0
       0
       0
       0
       0
       0
       0
       0
       0
       0
       0
       0
       0
       0
       0
       0
       0
       0
       0
       0
       0
       0
       0
       0
       0
       0
       0
       0
       0
       0
       0
       0
       0
       0
       0
       0
       0
       0
       0
       0
       0
       0
       0
       0
       0
       0
       0
       0
       0
       0
       0
       0
       0
       0
       0
       0
       0
       0
       0
       0
       0
       0
       0
       0
       0
       0
       0
       0
       0
       0
       0
       0
       0
       0
       0
       0
       0
       0
       1
       0
       0
       0
       0
       0
       0
       0
       0
       0
       0
       0
       0
       0
       0
       0
       0
       0
       0
       0
       0
       0
       0
       0
       0
       0
       0
       0
       0
       0
       0
       0
       0
       0
       0
       0
       0
       0
       0
       0
       0
       0
       0
       0
       0
       0
       0
       0
       0
       0
       0
       0
       0
       0
       0
       0
       0
       0
       0
       0
       0
       0
       0
       0
       0
       0
       0
       0
       0
       0
       0
       0
       0
       0
       0
       0
       0
       0
       0
       0
       0
       0
       0
       0
       0
       0
       0
       0
       0
       0
       0
       0
       0
       0
       0
       0
       0
       0
       0
       0
       0
       0
       0
       0
       0
       0
       0
       0
       0
       0
       0
       0
       0
       0
       0
       0
       0
       0
       0
       0
       0
       0
       0
       0
       0
       0
       0
       0
       0
       0
       0
       0
       0
       0
       0
       0
       0
       0
       0
       0
       0
       0
       0
       0
       0
       0
       0
       0
       0
       0
       0
       0
       0
       0
       0
       0
       0
       0
       0
       0
       0
       0
       0
       0
       0
       0
       0
       0
       0
       0
       0
       0
       0
       0
       0
       0
       0
       0
       0
       0
       0
       0
       0
       0
       0
       0
       0
       0
       0
       0
       0
       0
       0
       0
       0
       0
       0
       0
       0
       0
       0
       0
       0
       0
       0
       0
       0
       0
       0
       0
       0
       0
       0
       0
       0
       0
       0
       0
       0
       0
       0
       0
       0
       0
       0
       0
       0
       0
       0
       0
       0
       0
       0
       0
       0
       0
       0
       0
       0
       0
       0
       0
       0
       0
       0
       0
       0
       0
       0
       0
       0
       0
       0
       0
       0
       0
       0
       0
       0
       0
       0
       0
       0
       0
       0
       0
       0
       0
       0
       0
       0
       0
       0
       0
       0
       0
       0
       0
       0
       0
       0
       0
       0
       0
       0
       0
       0
       0
       0
       0
       0
       0
       0
       0
       0
       0
       0
       0
       0
       0
       0
       0
       0
       0
       0
       0
       0
       0
       0
       0
       0
       0
       0
       0
       0
       0
       0
       0
       0
       0
       0
       0
       0
       0
       0
       0
       0
       0
       0
       0
       0
       0
       0
       0
       0
       0
       0
       0
       0
       0
       0
       0
       0
       0
       0
       0
       0
       0
       0
       0
       0
       0
       0
       0
       0
       0
       0
       0
       0
       0
       0
       0
       0
       0
       0
       0
       0
       0
       0
       0
       0
       0
       0
       0
       0
       0
       0
       0
       0
       0
       0
       0
       0
       0
       0
       0
       0
       0
       0
       0
       0
       0
       0
       0
       0
       0
       0
       0
       0
       0
       0
       0
       0
       0
       0
       0
       0
       0
       0
       0
       0
       0
       0
       0
       0
       0
       0
       0
       0
       0
       0
       0
       0
       0
       0
       0
       0
       0
       1
       0
       0
       0
       0
       0
       0
       0
       0
       0
       0
       0
       0
       0
       0
       0
       0
       0
       0
       0
       0
       0
       0
       0
       0
       0
       0
       0
       0
       0
       0
       0
       0
       0
       0
       0
       0
       0
       0
       1
       0
       0
       0
       0
       0
       0
       0
       0
       0
       0
       0
       0
       0
       0
       0
       0
       0
       0
       0
       0
       0
       0
       0
       0
       0
       0
       0
       0
       0
       0
       0
       0
       0
       0
       0
       0
       0
       0
       0
       0
       0
       0
       0
       0
       0
       0
       0
       0
       0
       0
       0
       0
       0
       0
       0
       0
       0
       0
       0
       0
       0
       0
       0
       0
       0
       0
       0
       0
       0
       0
       0
       0
       0
       0
       0
       0
       0
       0
       0
       0
       0
       0
       0
       0
       0
       0
       0
       0
       0
       0
       0
       0
       0
       0
       0
       0
       0
       0
       0
       0
       0
       0
       0
       0
       0
       0
       0
       0
       0
       0
       0
       0
       0
       0
       0
       0
       0
       0
       0
       0
       0
       0
       0
       0
       0
       0
       0
       0
       0
       0
       0
       0
       0
       0
       0
       0
       0
       0
       0
       0
       0
       0
       0
       0
       0
       0
       0
       0
       0
       0
       0
       1
       0
       0
       0
       0
       0
       0
       0
       0
       0
       0
       0
       0
       0
       0
       0
       0
       0
       0
       0
       0
       0
       0
       0
       0
       0
       0
       0
       0
       0
       0
       0
       0
       0
       0
       0
       0
       0
       0
       0
       0
       0
       0
       0
       0
       0
       0
       0
       0
       0
       0
       0
       0
       0
       0
       0
       0
       0
       0
       0
       0
       0
       0
       0
       0
       0
       0
       0
       0
       0
       0
       0
       0
       0
       0
       0
       0
       0
       0
       0
       0
       0
       0
       0
       0
       0
       0
       0
       0
       0
       0
       0
       0
       0
       0
       0
       0
       0
       0
       0
       0
       0
       0
       0
       0
       0
       0
       0
       0
       0
       0
       0
       0
       0
       0
       0
       0
       0
       0
       0
       0
       0
       0
       0
       0
       0
       0
       0
       0
       0
       0
       0
       0
       0
       0
       0
       0
       0
       0
       0
       0
       0
       0
       0
       0
       0
       0
       0
       0
       0
       0
       0
       1
       0
       0
       0
       0
       0
       0
       0
       0
       0
       0
       0
       0
       0
       0
       0
       0
       0
       0
       0
       0
       0
       0
       0
       0
       0
       0
       0
       0
       0
       0
       0
       0
       0
       0
       0
       0
       0
       0
       0
       0
       0
       0
       0
       0
       0
       0
       0
       0
       0
       0
       0
       0
       0
       0
       0
       0
       0
       0
       0
       0
       0
       0
       0
       0
       0
       0
       0
       0
       0
       0
       0
       0
       0
       0
       0
       0
       0
       0
       0
       0
       0
       0
       0
       0
       0
       0
       0
       0
       0
       0
       0
       0
       0
       0
       0
       0
       0
       0
       0
       0
       0
       0
       0
       0
       0
       0
       0
       0
       0
       0
       0
       0
       0
       0
       0
       0
       0
       0
       0
       0
       0
       0
       0
       0
       1
       0
       0
       0
       0
       0
       0
       0
       0
       0
       0
       0
       0
       0
       0
       0
       0
       0
       0
       0
       0
       0
       0
       0
       0
       0
       0
       0
       0
       0
       0
       0
       0
       0
       0
       0
       0
       0
       0
       0
       0
       0
       0
       0
       0
       0
       0
       0
       0
       0
       0
       0
       0
       0
       0
       0
       0
       0
       0
       0
       0
       0
       0
       0
       0
       0
       0
       0
       0
       0
       0
       0
       0
       0
       0
       0
       0
       0
       0
       0
       0
       0
       0
       0
       0
       0
       0
       0
       0
       0
       0
       0
       0
       0
       0
       0
       0
       0
       0
       0
       0
       0
       0
       0
       0
       0
       0
       0
       0
       0
       0
       0
       0
       0
       0
       0
       0
       0
       0
       0
       0
       0
       0
       0
       0
       0
       0
       0
       0
       0
       0
       0
       0
       0
       0
       0
       0
       0
       0
       0
       0
       0
       0
       0
       0
       0
       0
       0
       0
       0
       0
       0
       0
       0
       0
       0
       0
       0
       0
       0
       0
       0
       0
       0
       0
       0
       0
       0
       0
       0
       0
       0
       0
       0
       0
       0
       0
       0
       0
       0
       0
       0
       0
       0
       0
       0
       0
       0
       0
       0
$ROI:
0
$PRESETS:
Real Time
180
0
$ENER_FIT:
0.888569 0.390988
$MCA_CAL:
3
8.885689E-001 3.909876E-001 3.191953E-008 keV
$SHAPE_CAL:
3
0.000000E+000 0.000000E+000 0.000000E+000
