$SPEC_ID:
1
$SPEC_REM:
DET# 2
DETDESC# MCB 130 Normal
AP# Maestro Version 7.01
$DATE_MEA:
09/10/2019 01:35:03
$MEAS_TIM:
178 180
$DATA:
0 8191
       0
       0
       0
       0
       0
       0
       0
       0
       0
       0
       0
       0
       0
       0
       0
       0
       0
       0
       0
       0
       0
       0
       0
       0
       0
       0
       9
     323
      90
      59
      52
      61
     125
     159
     227
     128
      85
      62
      84
     103
     146
     127
     140
     155
     182
     118
      75
      69
      75
      70
      79
      90
      98
      82
      76
      59
      68
      75
      75
     104
      74
      63
      59
      61
      71
      69
      62
      79
      81
      80
      89
      89
      89
      76
      58
      66
      55
      71
      84
      72
      72
      55
      71
      59
      72
      59
      62
      75
     105
     113
     136
      71
      57
      59
      40
      55
      65
      57
      64
      57
      82
      90
      87
      76
      55
      58
      62
      41
      55
      57
      49
      64
      50
      53
      67
      68
      72
      62
      50
      57
      61
      54
      60
      55
      74
      85
      68
      83
      65
      69
      78
      74
      60
      55
      64
      56
      58
      61
      61
      71
      71
      62
      73
      71
     106
      99
      61
      76
      95
      79
      85
      75
      51
      72
      92
      85
     104
      98
      85
      77
     113
      87
      88
      76
      77
      79
      81
      84
      78
      92
      91
      96
      95
      86
     105
      82
     109
     104
      95
     101
      84
     105
     112
     105
     112
     114
     107
      93
     113
     157
     134
     129
     104
     102
     115
     121
     111
     110
     105
     111
     127
     106
     120
     116
     105
      92
     132
      96
     100
      98
     104
     106
     116
     146
     159
     130
     116
     129
     129
     151
     160
     150
     124
     117
     120
     124
     120
     112
     117
     129
     123
     116
     134
     118
     125
     125
     123
     147
     150
     110
     169
     158
     151
     144
     133
     140
     114
     126
     138
     156
     188
     234
     317
     363
     273
     169
     140
     141
     122
     136
     128
     165
     274
     496
     473
     316
     159
     150
     304
     539
     664
     442
     186
     136
     103
     105
      97
      99
      94
      96
      96
     111
     105
     107
      89
     107
     110
     100
     103
      85
     108
     107
     109
     107
     119
     146
     156
     176
     212
     170
     135
     123
      82
      99
      79
     103
     113
     145
     114
     106
     116
     101
      88
      84
      80
      95
      80
      81
      83
     101
      92
      94
      85
      98
      89
      94
      90
      67
      94
      83
      90
      96
      90
      93
      75
      79
      80
      84
      80
     102
     111
      84
      91
      65
      80
      73
      93
      87
      95
      74
      68
      66
      79
      66
      77
      81
      99
     186
     169
     169
     107
      80
      80
      60
      71
      90
      80
      92
      72
      79
      89
      82
      73
      89
      79
      73
      71
      78
      70
      75
      86
      82
      86
      62
      74
      97
     119
      77
      67
      69
      74
      58
      73
      84
      70
      76
      68
      48
      89
      66
      65
      65
      57
      54
      81
      79
      85
      60
      63
      67
      68
      58
      65
      79
      52
      97
      77
      88
      70
      58
      57
      62
      59
      58
      63
      75
      69
      57
      65
      80
      62
      64
      61
      63
      57
      61
      71
      51
      54
      47
      61
      56
      72
      62
      61
      52
      51
      49
      56
      57
      55
      61
      75
      71
      43
      70
      60
      63
      52
      50
      60
      57
      44
      51
      59
      63
      69
      48
      62
      35
      54
      58
      52
      67
      53
      64
      51
      44
      56
      42
      58
      55
      46
      46
      50
      48
      42
      48
      51
      48
      53
      44
      37
      54
      52
      43
      46
      55
      45
      45
      49
      65
      69
      64
      59
      56
      45
      51
      42
      43
      46
      51
      57
      44
      46
      38
      38
      40
      51
      38
      49
      48
      45
      43
      40
      58
      55
      46
      47
      42
      36
      41
      49
      57
      70
      89
      70
      54
      40
      37
      30
      49
      46
      43
      48
      54
      38
      38
      42
      47
      60
      57
      44
      34
      40
      40
      35
      48
      44
      39
      42
      36
      46
      53
      41
      50
      44
      48
      33
      45
      42
      42
      36
      38
      35
      48
      50
      51
      37
      45
      71
     143
     224
     227
     136
      55
      46
      41
      42
      38
      46
      46
      34
      40
      31
      33
      37
      45
      44
      35
      39
      27
      32
      34
      39
      37
      35
      44
      56
      49
      58
      37
      36
      39
      38
      29
      36
      43
      38
      34
      33
      29
      29
      41
      32
      35
      27
      26
      35
      37
      42
      30
      28
      33
      39
      59
     170
     298
     312
     212
      80
      36
      37
      27
      35
      31
      33
      35
      32
      38
      35
      22
      25
      33
      36
      39
      25
      32
      29
      28
      22
      24
      23
      29
      33
      35
      30
      35
      22
      29
      31
      39
      24
      27
      29
      25
      22
      27
      25
      32
      32
      38
      38
      38
      25
      32
      33
      28
      32
      23
      26
      28
      27
      27
      23
      26
      26
      27
      31
      26
      31
      29
      30
      20
      27
      26
      31
      69
     142
     167
     147
      59
      28
      27
      19
      19
      24
      21
      21
      22
      21
      20
      25
      17
      23
      19
      17
      32
      43
      35
      25
      32
      28
      16
      19
      31
      25
      24
      29
      25
      21
      14
      21
      19
      16
      19
      32
      31
      61
      75
      60
      47
      36
      49
      36
      51
      46
      31
      33
      23
      24
      38
      57
      65
      41
      23
      24
      24
      26
      24
      11
      16
      15
      22
      16
      21
      15
      17
      34
      24
      21
      26
      19
      19
      18
      17
      24
      28
      30
      26
      33
      27
      24
      16
      17
      20
      20
      14
      14
      22
      13
      14
      15
      25
      24
      25
      34
      45
      67
      64
      42
      17
      21
      14
      18
      21
      25
      28
      15
      19
      25
      22
      13
      21
      14
      22
      14
      16
      17
      21
      18
      25
      19
      22
      23
      13
      13
      20
      19
      22
      14
      23
      15
      24
      24
      23
      21
      16
      17
      10
      14
      13
      18
      20
      45
      31
      25
      23
      14
      14
      15
      14
      22
      28
      16
      19
      21
      22
      14
      21
      14
      15
      15
      22
      11
      24
      13
      19
      22
      12
      17
      13
      13
      20
      18
      12
      17
      13
      20
      14
      12
      22
       9
      15
      18
      10
      21
      31
      38
      28
      38
      26
      19
      17
      11
      19
      13
      18
      17
      16
      18
      15
      15
      14
      14
      15
      12
      12
      13
      24
      15
      11
      13
      17
       8
       8
      11
      13
      17
      13
      13
      27
      22
      18
      20
      18
      16
      10
      20
      15
      12
      14
      15
      11
       8
      16
      19
      12
      13
      10
      12
      15
      14
      11
       9
      15
      13
      13
      14
      11
      10
       9
      21
       7
      18
      12
      15
      14
      10
      15
      14
       8
      12
      17
      14
      16
      15
      14
      13
      11
      11
      16
      14
      12
      10
      15
      16
      10
      12
      15
      14
      13
      16
      15
      10
      19
      10
      10
      10
      10
       9
      19
      12
      17
      14
      13
      15
       8
      13
      10
      12
      21
      16
       9
      12
       8
      10
       8
       9
      15
      14
       9
      12
       5
      21
       9
      13
       9
      14
      13
      22
      11
      15
      16
       9
       8
      11
      16
       8
      11
      16
      11
      10
      15
      12
      12
      17
       9
      15
      12
      13
      16
       8
       5
       8
       7
      10
       6
      11
       8
      10
       7
       9
      19
      11
      13
      18
      15
      16
      18
       9
      13
      13
      11
      13
      14
       8
       6
      11
      10
       9
      10
      17
      16
       8
       7
       7
       5
       6
       4
       9
      10
       9
      11
       8
       7
       7
      10
       4
       8
      11
      14
       3
      11
      12
      13
      10
      13
       2
       9
      10
      12
      13
       8
       8
       9
      18
      10
       9
      16
      14
      11
       8
       5
      11
      14
      12
      12
      10
      11
      12
       8
       9
      16
       9
      10
       8
      11
       9
       8
      10
      10
      17
      12
      13
       3
      13
       9
      15
       7
      15
      10
       8
       5
       7
       8
      11
       8
      12
      11
      10
       9
      11
       9
       2
      12
      18
      13
       6
      10
      13
       8
       4
      15
      12
       7
      10
      15
       7
      10
       8
       3
       8
       9
      11
      10
      14
      10
       5
       8
       6
       7
       9
      10
       5
      21
      20
      17
      17
      15
      14
       7
       6
       5
      12
       7
       5
      11
       5
       8
      13
       7
       7
      12
       5
      11
      10
      13
       8
       8
       9
       8
       6
      11
       7
       8
       6
      13
      11
      14
      12
      19
       9
       8
      12
       5
      12
       9
      10
       9
       7
       9
       6
      15
      11
       8
      10
       7
       9
      11
      12
       7
       4
       9
      13
       8
       6
       7
       3
      13
      12
       4
       9
       5
       6
      11
      10
      12
      13
      11
      11
      13
      18
      16
      12
      10
      11
       4
      10
      10
       5
       3
       8
       9
       8
      14
      10
      12
       8
       7
      11
      15
       5
       8
       8
      10
       8
      16
      16
      10
      14
       3
      11
       4
      11
      12
       8
       5
      10
       6
       8
       5
       5
      15
      11
      17
       6
       5
      11
       8
      12
       6
       7
       8
       6
       8
       5
      11
      11
      10
       7
       9
       7
       9
       6
       8
       5
      13
       6
       9
       7
       5
       4
       3
      10
      12
      17
      13
      11
      11
       6
      13
      24
      44
      64
     104
      68
      33
      22
       9
       5
      11
       7
       3
       7
      13
       5
       6
      10
       8
       5
       4
      11
      13
      12
      10
       5
       8
       7
       6
      11
       9
       6
       5
       4
       5
       7
       4
       5
      13
       4
      11
      15
       6
       7
       1
      12
      11
      10
      13
       9
       6
       6
       8
       7
       8
      10
      10
       5
       6
       6
       8
       9
       8
       4
       7
       6
      10
      12
      29
      61
      49
      38
      24
      10
       8
       6
       6
       5
       9
       8
       6
       2
       3
       8
       8
       5
       3
       4
       3
       9
       5
       4
       4
       4
       8
       3
       6
       4
       7
       6
       5
       9
       6
       2
       5
       5
       5
       2
       5
       4
       2
       4
       8
       9
       3
       1
       9
       5
       3
       4
       7
       3
       6
       4
       7
       8
       3
       4
      12
       5
       2
      12
       1
       4
       9
       8
       4
       5
       5
       9
      14
      16
       9
      11
       4
       6
       6
       6
       2
       8
       6
       4
       8
       7
       6
       7
       6
       4
       5
       2
       1
       3
       3
      10
       5
       5
       7
       2
       4
       7
       5
       4
       4
       5
       6
       7
       4
       4
       3
       8
      10
       7
       5
       8
       4
       5
       4
       5
       4
       4
       6
       5
       2
      12
       7
       8
       4
       8
       7
       5
       5
       3
      10
       6
      10
      15
      16
      23
      23
       9
       6
       3
       4
       3
       5
       4
       3
       7
       2
       5
       3
       2
       7
       3
       1
       6
       2
       7
       6
      10
       7
      10
       2
       2
       5
       5
       7
       6
       3
       6
       8
       6
       4
       6
       6
       3
       4
       2
       4
       4
       9
       3
       5
       6
       8
       2
       4
       5
       4
       5
       6
       7
       8
       7
       7
       3
       6
       6
       7
       6
       4
       4
       3
       5
       6
       7
       1
       3
       9
       6
       5
       2
       4
       7
       4
       3
       6
       4
       3
       6
       7
       5
       9
       6
       3
       5
       1
       5
       4
       9
       6
       2
       2
       5
       6
       2
       1
       5
       5
       7
       1
       5
       2
       5
       4
       7
       7
      13
      12
      11
      11
      17
       8
       5
       7
       5
       9
       1
       3
      14
      25
      58
      72
      71
      48
      17
       5
       3
       3
       3
       8
       5
       5
       6
       4
       7
       5
       2
       8
      10
       6
       4
       5
       8
       5
      10
      20
      25
      26
      13
       7
       5
       6
       3
       8
       9
       1
       3
       8
       6
       5
       1
       5
       5
       5
       7
       2
       4
       6
       3
       3
       6
       1
       3
       9
       8
       2
       2
       4
       4
       8
       8
       2
       4
       4
       4
       3
       4
       5
       3
       4
       4
       5
       4
       5
       1
       6
       4
       4
       3
      10
       8
       5
       3
       4
      10
       7
       4
       7
       6
       0
       3
       3
       6
       3
       3
       6
       7
       2
       5
       4
       5
       8
       4
       3
       7
       4
       1
       5
       6
       3
       3
       6
       4
       4
       2
       6
       5
       4
      12
       2
       1
       2
       7
       8
       4
       5
       3
       4
       7
       5
       2
       3
       0
       2
       2
       4
       3
       7
       5
       5
       1
       2
       2
       3
       5
       3
       3
       2
       3
       6
       7
       3
       6
       7
       5
       4
       5
       5
       4
       7
       4
       4
       3
       9
       5
       6
       4
       5
       6
       8
       6
       3
       5
       9
       3
       4
       3
       7
       9
       6
       8
       3
       4
       3
       2
       5
       5
       6
       7
       1
       5
       4
       3
       4
       3
       6
       4
       4
       2
       4
       1
       2
       5
       2
       3
       3
       5
       5
       6
       9
      10
      10
       6
       5
       5
       2
      12
      25
      44
      61
      58
      38
      20
      10
       9
       3
       4
       8
       1
       2
       2
       2
       3
       4
       9
      17
      21
      11
       8
       4
       4
       2
       3
       0
       2
       2
       3
       1
       2
       3
       1
       5
       5
       3
       4
       1
       5
       1
       2
       2
       5
       1
       2
       2
       3
       2
       3
       0
       2
       3
       1
       3
       5
       4
       2
       7
       5
       4
       5
       3
       3
       4
       3
       7
       9
       5
       5
       5
       0
       4
       5
       3
      10
      13
       9
      10
      14
      11
       7
       3
       5
       2
       3
       8
       2
       5
       3
       4
       2
       3
       5
       2
       1
       3
       3
       2
       6
       3
       3
       2
       5
       1
       1
       4
       7
       2
       2
       5
       3
       6
       4
       1
       3
       2
       2
       4
       4
       3
       4
       4
       2
       2
       5
      10
       6
       0
       1
       6
       7
       2
       5
       4
       6
       5
       2
       5
       2
       3
       3
       1
       1
       1
       2
       6
       2
       2
       2
       4
       4
       4
       5
       2
       3
       2
       5
       1
       1
       3
       1
       9
       3
       3
       2
       4
       4
       2
       2
       0
       4
       2
       5
       2
       4
       4
       6
       5
       5
       4
       4
       4
       3
       2
       1
       3
       4
       0
       2
       1
       2
       9
       8
       6
       0
       2
       2
       1
       3
       1
       3
       1
       4
       3
       3
       4
       3
       2
       4
       0
       1
       0
       3
       5
       3
       6
       2
       5
       2
       3
       2
       4
       4
       1
       4
       2
       3
       5
       0
       1
       3
       0
       1
       2
       3
       8
       6
       6
       6
       4
       6
       6
       6
       4
       2
       1
       4
       1
       1
       2
       4
       5
       3
       6
       2
       6
       2
       1
       1
       1
       4
       4
       0
       3
       9
       5
       1
       2
       3
       1
       4
       4
       2
       4
       2
       3
       3
       5
       4
       1
       5
       2
       1
       1
       1
       2
       3
       3
       1
       5
       3
       4
       2
       2
       5
       3
       3
       0
       1
       1
       2
       1
       2
       6
       3
       5
       0
       5
       1
       3
       2
       4
       3
       2
       9
       2
       2
       2
       1
       8
       4
       0
       2
       2
       0
       4
       2
       1
       3
       1
       2
       3
       4
       4
       6
       2
       0
       5
       6
       9
       4
       4
       5
       2
       4
       4
       5
      13
      12
      20
      20
      10
       7
       5
       5
       4
       1
       5
       3
       4
       4
       0
       3
       4
       2
       1
       3
       1
       3
       4
       3
       6
       2
       6
       6
       8
       1
       2
       3
       3
       2
       4
       1
       5
       1
       0
       0
       2
       3
       3
       2
       3
       1
       2
       4
       2
       1
       2
       5
       2
       3
       1
       0
       0
       2
       2
       3
       0
       1
       2
       2
       3
       1
       0
       4
       3
       1
       0
       4
       2
       2
       0
       3
       3
       1
       2
       3
       2
       4
       5
       5
       7
       5
       6
       3
       1
       2
       2
       4
       4
       4
       6
       3
       3
       3
       1
       4
       3
       1
       2
       4
       2
       1
       2
       4
       2
       3
       0
       0
       5
       2
       1
       3
       1
       3
       5
       1
       4
       6
       4
       3
       1
       5
       7
       0
       4
       1
       3
       3
       5
       2
       2
       4
       5
       4
       5
       4
       4
       4
       9
       7
       6
       8
       7
       8
       0
       1
       4
       1
       2
       2
       1
       3
       2
       4
       1
       3
       3
       3
       2
       0
       1
       3
       3
       1
       2
       3
       2
       1
       1
       3
       4
       2
       5
       2
       2
       2
       9
       2
       3
       6
       1
       2
       3
       3
       1
       4
       4
       0
       5
       5
       2
       5
       7
       2
       5
       1
       3
       1
       1
       4
       2
       2
       3
       2
       1
       2
       1
       1
       1
       5
       7
       7
       5
       5
       1
       4
       2
       0
       7
      11
      10
      12
       8
       7
       5
       5
       2
       8
       3
       6
       3
       1
       4
       1
       2
       2
       3
       2
       4
       2
       4
       4
       3
       0
       2
       2
       1
       2
       3
       2
       3
       3
       1
       1
       1
       1
       3
       4
       0
       1
       4
       0
       2
       2
       0
       1
       3
       0
       2
       2
       2
       1
       2
       3
       3
       3
       1
       2
       7
       2
       4
       2
       2
       2
       1
       1
       1
       2
       4
       5
       2
       2
       0
       2
       1
       1
       3
       2
       5
       2
       4
       3
       3
       3
       5
       1
       0
       1
       1
       5
       3
       0
       0
       4
       3
       0
       7
       1
       1
       1
       1
       1
       0
       3
       1
       1
       3
       5
       0
       2
       1
       3
       3
       2
       1
       2
       0
       2
       3
       1
       0
       3
       1
       2
       1
       2
       3
       3
       0
       4
       2
       1
       0
       3
       1
       0
       1
       0
       0
       1
       2
       3
       1
       2
       2
       0
       8
       5
       8
       5
      15
      15
       7
       5
       5
       0
       1
       2
       1
       2
       0
       2
       0
       2
       1
       1
       2
       2
       1
       1
       2
       2
       1
       2
       2
       0
       0
       2
       2
       2
       1
       1
       0
       0
       0
       4
       3
       4
       3
       8
       1
       2
       2
       1
       2
       1
       0
       1
       1
       4
       1
       1
       0
       4
       2
       2
       5
       1
       0
       2
       1
       2
       1
       3
       1
       1
       0
       0
       3
       0
       1
       1
       0
       2
       2
       1
       1
       1
       2
       2
       3
       4
       2
       1
       0
       3
       2
       2
       1
       5
       5
       1
       1
       0
       3
       1
       2
       3
       4
       2
       1
       0
       2
       3
       3
       0
       3
       2
       2
       0
       2
       2
       1
       1
       2
       2
       1
       1
       4
       2
       0
       3
       2
       4
       1
       4
       2
       0
       3
       3
       1
       1
       2
       0
       1
       0
       2
       2
       1
       3
       1
       3
       0
       2
       3
       1
       1
       2
       2
       2
       2
       3
       2
       2
       5
       1
       1
       0
       1
       2
       0
       2
       1
       1
       0
       3
       2
       2
       4
       1
       1
       2
       4
       1
       2
       1
       1
       1
       0
       0
       1
       0
       0
       3
       2
       1
       2
       4
       0
       2
       0
       1
       2
       3
       5
       2
       2
       4
       1
       1
       1
       1
       3
       0
       1
       0
       0
       2
       1
       6
       0
       0
       2
       1
       2
       1
       4
       3
       2
       2
       1
       1
       1
       2
       1
       1
       2
       0
       2
       6
       2
       1
       1
       2
       2
       1
       3
       3
       2
       2
       4
       0
       2
       5
       6
       7
       4
       6
       6
       2
       4
       1
       0
       2
       4
       2
       3
       5
       2
       0
       0
       4
       4
       1
       1
       1
       1
       5
       0
       2
       1
       1
       2
       5
       6
       8
       4
       3
       3
       4
       2
       0
       1
       4
       0
       3
       2
       1
       1
       0
       0
       1
       0
       5
       0
       1
       0
       2
       3
       0
       2
       2
       2
       4
       1
       0
       1
       0
       0
       0
       2
       1
       1
       1
       6
       2
       1
       0
       0
       1
       2
       2
       1
       3
       1
       4
       2
       1
       0
       2
       1
       4
       3
       0
       1
       2
       3
       1
       1
       0
       1
       2
       1
       2
       2
       0
       1
       2
       1
       1
       3
       2
       1
       4
       0
       1
       3
       1
       2
       2
       1
       2
       1
       0
       2
       1
       1
       2
       3
       2
       2
       0
       2
       1
       1
       0
       2
       6
       0
       5
       5
       5
       5
       5
       1
       2
       1
       0
       3
       0
       3
       5
       9
       6
       2
       2
       4
       2
       2
       0
       0
       0
       2
       0
       1
       1
       2
       4
       1
       1
       1
       2
       2
       1
       1
       5
       2
       0
       0
       3
       0
       2
       1
       0
       0
       2
       0
       2
       1
       3
       1
       2
       0
       3
       1
       2
       2
       2
       1
       1
       0
       0
       2
       0
       1
       1
       3
       1
       3
       2
       1
       2
       0
       3
       0
       2
       2
       1
       1
       1
       2
       2
       1
       1
       1
       4
       2
       2
       1
       3
       0
       1
       0
       0
       1
       0
       4
       1
       1
       0
       1
       1
       2
       0
       1
       1
       1
       2
       2
       2
       2
       1
       3
       0
       2
       1
       4
       0
       1
       0
       0
       0
       1
       1
       0
       3
       4
       2
       1
       4
       1
       0
       1
       0
       0
       1
       1
       2
       1
       2
       1
       3
       2
       3
       2
       0
       1
       0
       1
       2
       0
       0
       5
       1
       0
       1
       0
       2
       3
       0
       0
       0
       0
       1
       0
       1
       2
       2
       1
       3
       2
       2
       1
       0
       1
       2
       2
       1
       1
       1
       1
       2
       0
       1
       2
       1
       2
       1
       2
       0
       3
       2
       1
       0
       2
       0
       2
       0
       2
       1
       1
       1
       1
       3
       0
       2
       0
       2
       0
       2
       1
       0
       1
       1
       1
       1
       0
       1
       2
       1
       2
       6
       4
       7
       6
       7
       4
       3
       0
       1
       0
       3
       0
       1
       0
       0
       1
       1
       0
       3
       0
       2
       1
       3
       2
       0
       1
       2
       1
       2
       5
       1
       5
       3
       3
       3
       1
       2
       1
       3
       0
       3
       0
       4
       1
       0
       1
       1
       3
       0
       1
       1
       0
       3
       0
       0
       1
       1
       0
       0
       0
       1
       2
       2
       2
       0
       1
       0
       1
       0
       3
       2
       1
       1
       2
       3
       1
       1
       2
       1
       0
       2
       1
       3
       5
       3
       2
       0
       1
       0
       1
       0
       3
       0
       0
       1
       0
       4
       3
       1
       1
       1
       2
       0
       0
       3
       1
       0
       1
       2
       3
       1
       1
       0
       1
       1
       0
       0
       0
       0
       2
       1
       1
       2
       1
       2
       0
       0
       3
       1
       3
       0
       0
       0
       0
       1
       0
       1
       1
       2
       1
       1
       3
       1
       0
       1
       0
       0
       0
       0
       0
       2
       0
       0
       0
       1
       0
       0
       1
       0
       1
       0
       0
       0
       3
       1
       1
       0
       0
       2
       0
       1
       1
       1
       0
       0
       0
       0
       2
       0
       0
       1
       1
       1
       1
       3
       7
       3
       1
       1
       5
       4
       1
       1
       2
       0
       1
       0
       0
       0
       1
       1
       0
       2
       1
       1
       1
       0
       0
       0
       0
       1
       2
       0
       0
       1
       2
       0
       0
       3
       0
       0
       1
       1
       2
       1
       1
       1
       1
       2
       0
       0
       0
       0
       0
       3
       1
       0
       0
       1
       0
       2
       1
       2
       1
       0
       0
       0
       0
       3
       0
       1
       1
       1
       1
       1
       0
       0
       1
       0
       0
       1
       2
       0
       2
       3
       2
       2
       0
       1
       1
       0
       0
       2
       2
       0
       0
       2
       1
       0
       1
       1
       1
       1
       3
       1
       2
       1
       2
       1
       5
       3
       0
       1
       2
       0
       0
       3
       0
       0
       0
       0
       2
       2
       3
       0
       1
       0
       0
       1
       1
       0
       0
       2
       2
       0
       2
       2
       2
       4
       4
       3
       1
       1
       3
       0
       0
       1
       1
       0
       0
       0
       0
       0
       0
       2
       0
       0
       0
       0
       1
       2
       0
       0
       0
       1
       0
       1
       0
       1
       1
       1
       1
       0
       0
       0
       2
       0
       2
       2
       0
       1
       0
       2
       1
       2
       0
       3
       0
       1
       5
       1
       1
       2
       0
       1
       0
       1
       1
       1
       2
       3
       1
       0
       1
       1
       1
       2
       0
       1
       0
       1
       2
       1
       0
       0
       0
       0
       0
       1
       1
       0
       0
       0
       2
       0
       0
       2
       2
       0
       1
       2
       0
       2
       0
       1
       0
       0
       2
       1
       0
       2
       0
       0
       1
       0
       0
       2
       0
       1
       0
       0
       1
       0
       0
       1
       0
       1
       0
       0
       1
       1
       0
       0
       0
       0
       1
       1
       0
       1
       0
       0
       0
       0
       0
       1
       1
       0
       2
       0
       1
       0
       1
       2
       0
       0
       0
       0
       0
       1
       0
       0
       2
       0
       1
       0
       0
       0
       0
       0
       0
       0
       2
       0
       0
       0
       0
       1
       0
       1
       0
       1
       0
       0
       0
       1
       0
       0
       2
       1
       2
       1
       2
       2
       0
       2
       3
       3
       0
       2
       0
       5
       2
      11
      11
      15
      29
      28
      24
       8
       5
       4
       3
       3
       0
       0
       1
       1
       1
       0
       0
       1
       0
       0
       0
       2
       2
       0
       2
       0
       1
       1
       0
       1
       0
       0
       0
       0
       1
       3
       0
       0
       0
       0
       1
       2
       1
       0
       2
       2
       0
       2
       0
       1
       1
       0
       1
       0
       0
       3
       0
       0
       0
       0
       0
       1
       0
       1
       1
       0
       0
       1
       0
       0
       0
       1
       0
       0
       0
       0
       1
       0
       1
       0
       1
       1
       0
       1
       1
       0
       1
       1
       1
       0
       0
       1
       0
       0
       2
       0
       1
       1
       1
       0
       0
       1
       1
       1
       1
       1
       1
       1
       1
       0
       0
       1
       2
       1
       0
       1
       1
       1
       3
       0
       0
       2
       0
       0
       0
       0
       0
       1
       0
       0
       1
       0
       1
       3
       4
       2
       0
       0
       1
       1
       0
       2
       2
       0
       0
       1
       0
       0
       0
       0
       0
       0
       0
       1
       2
       1
       2
       0
       0
       1
       0
       0
       0
       0
       0
       1
       0
       0
       2
       0
       0
       1
       0
       1
       0
       0
       0
       0
       1
       0
       0
       1
       0
       1
       0
       1
       1
       0
       0
       0
       1
       0
       2
       0
       1
       1
       2
       0
       1
       0
       0
       1
       0
       0
       0
       0
       2
       0
       3
       1
       1
       0
       0
       0
       3
       1
       1
       0
       0
       2
       0
       0
       1
       0
       0
       1
       0
       0
       2
       0
       0
       1
       0
       0
       0
       0
       0
       0
       1
       0
       1
       1
       0
       0
       0
       1
       0
       0
       0
       1
       1
       1
       0
       0
       1
       0
       0
       1
       0
       0
       0
       0
       1
       1
       1
       1
       1
       0
       1
       0
       0
       0
       1
       2
       0
       0
       0
       0
       1
       0
       0
       0
       0
       0
       0
       0
       3
       1
       0
       2
       2
       0
       0
       0
       0
       0
       1
       0
       0
       0
       0
       1
       2
       1
       0
       1
       0
       0
       1
       0
       0
       1
       1
       0
       0
       0
       0
       1
       0
       1
       0
       0
       1
       0
       0
       1
       0
       0
       4
       1
       1
       1
       0
       0
       2
       0
       1
       0
       0
       0
       0
       0
       0
       0
       1
       1
       0
       0
       0
       1
       0
       0
       0
       2
       0
       0
       0
       0
       0
       0
       0
       0
       1
       0
       0
       0
       2
       0
       2
       1
       0
       0
       0
       0
       1
       1
       0
       0
       0
       1
       0
       2
       0
       0
       0
       0
       0
       0
       0
       1
       1
       0
       0
       0
       0
       0
       0
       0
       0
       0
       0
       0
       1
       0
       0
       1
       1
       2
       0
       0
       2
       1
       0
       2
       1
       1
       1
       1
       0
       0
       0
       1
       0
       1
       0
       0
       0
       0
       0
       1
       0
       0
       0
       0
       0
       0
       0
       1
       0
       1
       0
       3
       0
       1
       2
       0
       0
       0
       0
       1
       0
       0
       0
       1
       0
       1
       1
       0
       0
       0
       0
       1
       0
       0
       2
       1
       1
       0
       0
       1
       2
       0
       0
       0
       0
       0
       3
       0
       0
       0
       0
       0
       0
       0
       0
       0
       0
       0
       1
       1
       1
       0
       2
       0
       1
       0
       0
       0
       0
       1
       0
       1
       0
       0
       0
       0
       1
       0
       1
       1
       0
       1
       0
       1
       0
       0
       1
       1
       0
       0
       0
       0
       0
       0
       1
       0
       0
       0
       1
       0
       0
       0
       1
       0
       0
       0
       1
       0
       0
       0
       0
       0
       0
       0
       0
       0
       0
       1
       0
       0
       0
       2
       1
       2
       1
       1
       1
       3
       3
       4
       1
       2
       0
       1
       0
       0
       0
       0
       0
       0
       0
       1
       0
       0
       0
       0
       1
       0
       1
       0
       0
       0
       1
       0
       0
       0
       0
       1
       0
       1
       0
       0
       0
       0
       0
       0
       0
       0
       2
       0
       0
       1
       0
       0
       0
       1
       0
       0
       1
       0
       0
       0
       0
       1
       0
       0
       0
       0
       0
       0
       0
       0
       0
       0
       1
       0
       0
       0
       1
       1
       0
       1
       1
       1
       0
       0
       0
       0
       0
       1
       1
       1
       0
       0
       0
       0
       0
       1
       0
       0
       2
       0
       1
       0
       1
       0
       0
       1
       0
       0
       0
       1
       0
       0
       0
       0
       0
       0
       0
       0
       0
       0
       0
       0
       1
       0
       0
       0
       0
       0
       0
       0
       0
       0
       0
       1
       1
       0
       0
       1
       1
       0
       1
       0
       1
       0
       0
       1
       1
       0
       0
       0
       0
       0
       0
       0
       0
       1
       0
       0
       1
       1
       0
       0
       1
       0
       1
       1
       0
       1
       0
       0
       0
       0
       0
       0
       0
       0
       0
       0
       0
       0
       0
       0
       0
       0
       1
       1
       0
       0
       0
       0
       0
       0
       0
       0
       0
       1
       0
       0
       0
       2
       0
       0
       0
       0
       0
       0
       0
       0
       0
       0
       1
       0
       0
       0
       0
       0
       0
       1
       0
       0
       0
       0
       0
       0
       0
       3
       4
       6
       3
       3
       4
       2
       1
       0
       0
       0
       1
       1
       1
       0
       1
       1
       0
       0
       0
       0
       0
       2
       0
       1
       0
       0
       0
       0
       0
       0
       0
       0
       0
       0
       0
       0
       0
       0
       0
       0
       0
       1
       2
       1
       0
       0
       0
       0
       0
       0
       0
       1
       0
       0
       0
       0
       0
       0
       0
       0
       0
       0
       0
       1
       0
       0
       0
       0
       2
       2
       2
       1
       1
       3
       1
       0
       0
       0
       0
       0
       0
       0
       0
       0
       0
       0
       0
       0
       0
       0
       0
       0
       0
       0
       0
       0
       0
       0
       0
       0
       1
       0
       0
       0
       1
       0
       0
       0
       0
       0
       0
       0
       1
       0
       0
       1
       0
       0
       0
       0
       0
       0
       0
       0
       0
       0
       0
       0
       0
       0
       0
       0
       0
       0
       0
       0
       1
       0
       0
       0
       0
       0
       0
       0
       0
       0
       1
       0
       0
       0
       0
       0
       1
       0
       0
       0
       0
       0
       0
       0
       0
       0
       0
       0
       0
       0
       0
       0
       1
       0
       0
       0
       0
       1
       0
       0
       0
       0
       0
       0
       0
       0
       0
       1
       1
       0
       0
       1
       1
       0
       0
       1
       1
       2
       1
       0
       0
       0
       0
       0
       0
       0
       1
       0
       2
       1
       0
       0
       1
       0
       1
       0
       1
       1
       0
       0
       1
       0
       1
       0
       0
       0
       1
       1
       0
       0
       0
       0
       2
       0
       0
       0
       0
       0
       0
       0
       0
       0
       0
       0
       0
       0
       0
       0
       0
       0
       0
       1
       0
       0
       0
       1
       0
       0
       0
       0
       0
       0
       0
       0
       0
       0
       0
       0
       2
       0
       0
       0
       0
       0
       1
       0
       0
       1
       0
       0
       0
       0
       0
       0
       0
       0
       0
       0
       0
       0
       0
       0
       0
       0
       0
       0
       1
       2
       1
       1
       0
       1
       0
       0
       0
       0
       0
       0
       0
       0
       1
       0
       1
       0
       0
       0
       0
       0
       0
       0
       0
       1
       0
       0
       0
       0
       0
       1
       0
       0
       1
       0
       0
       0
       0
       0
       0
       0
       0
       0
       0
       1
       0
       0
       0
       0
       0
       0
       0
       0
       0
       0
       0
       0
       0
       1
       0
       0
       0
       0
       0
       0
       1
       0
       0
       0
       0
       0
       0
       0
       0
       0
       0
       3
       0
       0
       0
       0
       1
       0
       0
       0
       1
       2
       0
       0
       0
       0
       0
       1
       0
       0
       0
       0
       0
       0
       0
       2
       0
       1
       0
       0
       0
       0
       0
       1
       0
       0
       0
       0
       0
       0
       0
       0
       0
       0
       0
       0
       0
       1
       0
       0
       0
       0
       0
       0
       0
       0
       1
       1
       1
       0
       1
       0
       0
       1
       0
       0
       0
       0
       1
       0
       0
       0
       0
       1
       0
       0
       0
       0
       0
       0
       0
       1
       0
       0
       1
       0
       0
       0
       0
       0
       0
       0
       0
       0
       0
       1
       0
       1
       0
       0
       0
       0
       0
       0
       0
       0
       2
       0
       0
       0
       0
       1
       0
       0
       0
       0
       1
       1
       0
       0
       0
       0
       0
       0
       0
       0
       1
       0
       0
       0
       2
       0
       0
       0
       0
       0
       0
       1
       0
       0
       1
       0
       0
       2
       0
       0
       0
       0
       0
       0
       0
       0
       0
       0
       0
       0
       0
       0
       0
       0
       0
       0
       0
       0
       0
       0
       0
       0
       0
       0
       0
       0
       0
       0
       0
       0
       0
       0
       0
       0
       0
       0
       0
       0
       0
       0
       1
       0
       0
       0
       0
       0
       0
       0
       0
       0
       0
       0
       1
       0
       0
       0
       0
       0
       0
       0
       0
       0
       0
       0
       0
       0
       0
       1
       0
       0
       0
       0
       0
       0
       0
       1
       0
       0
       0
       0
       1
       0
       0
       0
       0
       1
       0
       0
       1
       0
       0
       0
       0
       0
       0
       1
       1
       0
       0
       0
       0
       0
       1
       1
       0
       0
       0
       0
       0
       0
       0
       0
       0
       1
       0
       1
       0
       0
       0
       0
       0
       0
       0
       0
       0
       0
       0
       0
       0
       0
       0
       0
       0
       0
       0
       0
       0
       0
       0
       0
       0
       0
       0
       0
       0
       0
       0
       0
       0
       0
       0
       1
       0
       0
       0
       1
       0
       0
       0
       1
       0
       2
       0
       0
       0
       0
       0
       0
       0
       0
       0
       0
       0
       1
       1
       0
       0
       0
       0
       0
       0
       0
       0
       1
       1
       0
       0
       0
       0
       0
       1
       0
       1
       0
       0
       0
       0
       0
       0
       0
       0
       0
       0
       0
       1
       1
       0
       0
       0
       0
       0
       0
       0
       0
       0
       1
       0
       1
       0
       0
       0
       1
       0
       0
       1
       0
       1
       0
       0
       0
       0
       0
       0
       0
       0
       1
       0
       0
       0
       0
       0
       0
       0
       0
       0
       1
       0
       1
       0
       0
       0
       0
       0
       0
       0
       0
       0
       0
       0
       0
       0
       0
       0
       0
       1
       1
       0
       0
       0
       0
       0
       0
       0
       0
       1
       0
       0
       0
       0
       0
       0
       0
       1
       0
       0
       0
       0
       0
       0
       0
       0
       1
       0
       0
       0
       0
       0
       0
       0
       0
       0
       0
       0
       0
       0
       0
       0
       1
       0
       0
       0
       0
       0
       0
       0
       0
       0
       0
       0
       0
       0
       0
       1
       0
       0
       0
       0
       0
       0
       0
       0
       0
       1
       0
       0
       1
       0
       0
       0
       0
       0
       0
       1
       0
       0
       0
       0
       0
       0
       0
       0
       0
       0
       1
       0
       0
       1
       0
       0
       0
       0
       1
       0
       1
       0
       1
       0
       0
       0
       0
       0
       0
       0
       0
       0
       0
       0
       0
       0
       0
       0
       0
       0
       0
       0
       0
       0
       0
       0
       0
       0
       0
       2
       0
       0
       0
       0
       0
       0
       2
       1
       0
       0
       0
       0
       0
       0
       0
       0
       0
       0
       0
       1
       0
       0
       1
       1
       0
       0
       0
       0
       0
       0
       0
       0
       0
       1
       0
       0
       0
       0
       0
       0
       0
       0
       1
       1
       0
       0
       0
       0
       0
       0
       0
       0
       0
       0
       0
       0
       0
       0
       0
       0
       0
       0
       0
       0
       0
       1
       0
       0
       0
       0
       0
       1
       0
       0
       0
       0
       0
       0
       0
       1
       0
       0
       0
       0
       0
       1
       0
       0
       0
       0
       0
       0
       0
       0
       0
       0
       0
       0
       0
       0
       0
       1
       0
       0
       0
       0
       1
       0
       0
       0
       0
       0
       0
       0
       0
       0
       0
       0
       0
       0
       0
       1
       0
       0
       0
       0
       0
       0
       0
       0
       0
       0
       0
       0
       0
       0
       1
       0
       0
       0
       0
       0
       1
       0
       0
       0
       0
       0
       0
       1
       0
       0
       0
       0
       0
       0
       0
       0
       0
       1
       0
       0
       1
       0
       0
       0
       0
       0
       0
       0
       0
       0
       0
       0
       0
       1
       0
       1
       0
       0
       0
       0
       0
       1
       0
       0
       0
       0
       0
       0
       0
       0
       1
       0
       0
       0
       0
       0
       0
       0
       0
       1
       0
       0
       0
       0
       0
       0
       0
       0
       0
       0
       0
       0
       0
       0
       0
       0
       1
       1
       1
       0
       1
       0
       0
       0
       0
       0
       0
       0
       0
       0
       0
       0
       0
       0
       0
       0
       0
       0
       0
       0
       0
       0
       0
       0
       0
       0
       0
       0
       0
       0
       0
       0
       0
       0
       0
       0
       0
       0
       0
       0
       0
       0
       0
       0
       0
       0
       0
       0
       0
       0
       0
       0
       0
       0
       0
       0
       0
       1
       0
       0
       0
       0
       0
       1
       0
       0
       0
       0
       0
       1
       0
       0
       0
       0
       0
       0
       0
       0
       0
       0
       0
       0
       0
       0
       0
       0
       0
       0
       0
       0
       0
       0
       0
       0
       0
       0
       0
       0
       0
       0
       0
       0
       0
       0
       0
       0
       0
       0
       0
       0
       0
       0
       0
       0
       0
       0
       0
       0
       1
       0
       0
       0
       0
       0
       0
       0
       0
       1
       0
       0
       0
       0
       0
       0
       0
       0
       0
       0
       0
       0
       1
       0
       0
       1
       0
       0
       0
       1
       0
       0
       0
       0
       0
       0
       0
       0
       0
       0
       0
       0
       1
       0
       0
       0
       0
       0
       0
       0
       0
       0
       0
       0
       0
       0
       0
       0
       0
       0
       0
       0
       0
       0
       0
       0
       0
       0
       0
       0
       0
       0
       0
       0
       0
       0
       1
       0
       0
       0
       0
       0
       0
       0
       0
       0
       0
       0
       0
       0
       0
       0
       0
       0
       1
       0
       0
       0
       0
       0
       0
       0
       1
       0
       0
       0
       0
       0
       0
       0
       1
       0
       1
       1
       0
       0
       0
       0
       0
       0
       0
       0
       0
       0
       0
       0
       1
       0
       0
       0
       0
       0
       0
       0
       1
       0
       0
       0
       0
       0
       0
       0
       0
       0
       0
       0
       0
       0
       0
       0
       0
       0
       0
       0
       0
       0
       0
       0
       0
       0
       0
       1
       0
       0
       0
       0
       0
       0
       0
       0
       0
       0
       0
       0
       0
       0
       0
       0
       0
       0
       0
       0
       0
       0
       0
       1
       0
       0
       0
       0
       0
       1
       1
       0
       0
       0
       0
       0
       0
       0
       0
       0
       0
       0
       0
       0
       0
       0
       0
       0
       0
       0
       0
       0
       0
       0
       0
       1
       0
       0
       0
       0
       0
       0
       0
       1
       0
       1
       0
       0
       0
       0
       0
       0
       1
       0
       0
       0
       0
       0
       0
       1
       1
       0
       0
       0
       0
       1
       0
       0
       1
       0
       0
       0
       0
       1
       0
       0
       0
       0
       0
       0
       0
       1
       1
       0
       0
       0
       0
       0
       0
       0
       0
       0
       0
       0
       1
       0
       0
       0
       0
       0
       0
       0
       0
       0
       0
       0
       1
       0
       0
       0
       0
       0
       0
       0
       0
       0
       2
       0
       0
       0
       0
       0
       0
       0
       0
       0
       0
       0
       0
       1
       0
       0
       0
       0
       0
       0
       0
       0
       0
       0
       0
       0
       0
       0
       0
       1
       0
       0
       0
       0
       0
       1
       0
       0
       0
       0
       0
       0
       0
       0
       0
       0
       0
       0
       0
       0
       0
       1
       0
       1
       0
       0
       0
       0
       0
       0
       1
       0
       0
       0
       0
       0
       1
       0
       0
       0
       0
       0
       0
       0
       0
       0
       0
       0
       0
       0
       0
       0
       0
       0
       0
       0
       0
       0
       0
       0
       0
       0
       0
       0
       0
       0
       0
       1
       0
       0
       0
       0
       1
       0
       1
       0
       0
       0
       0
       0
       0
       0
       1
       0
       1
       0
       0
       0
       0
       0
       0
       0
       1
       0
       0
       0
       0
       0
       0
       0
       0
       1
       0
       0
       0
       0
       0
       0
       0
       0
       0
       1
       0
       0
       0
       0
       0
       0
       0
       0
       0
       0
       0
       0
       0
       0
       0
       0
       0
       0
       0
       0
       0
       0
       0
       0
       0
       0
       0
       0
       0
       0
       0
       0
       0
       0
       1
       0
       0
       0
       0
       0
       0
       0
       0
       0
       0
       0
       0
       0
       0
       0
       0
       0
       0
       0
       1
       0
       0
       0
       1
       1
       0
       0
       0
       0
       0
       0
       0
       0
       0
       0
       0
       0
       0
       0
       0
       0
       0
       0
       0
       0
       0
       0
       0
       1
       0
       0
       0
       0
       0
       0
       0
       0
       0
       0
       0
       0
       0
       0
       0
       0
       0
       0
       0
       0
       0
       0
       0
       0
       0
       0
       0
       0
       0
       0
       0
       0
       0
       0
       0
       0
       0
       0
       0
       0
       0
       0
       0
       0
       0
       0
       0
       0
       0
       0
       1
       0
       0
       0
       0
       0
       0
       0
       0
       0
       1
       0
       0
       0
       0
       0
       0
       0
       0
       0
       0
       0
       0
       1
       0
       0
       0
       0
       0
       0
       0
       0
       0
       0
       1
       0
       0
       0
       0
       0
       0
       0
       0
       0
       0
       0
       0
       0
       0
       0
       1
       0
       0
       0
       0
       0
       0
       0
       0
       0
       0
       0
       0
       0
       0
       0
       0
       0
       0
       0
       0
       0
       0
       0
       0
       0
       0
       0
       0
       0
       0
       0
       0
       0
       0
       0
       0
       0
       0
       0
       0
       1
       0
       0
       0
       0
       0
       0
       0
       0
       0
       0
       0
       0
       0
       0
       0
       0
       0
       1
       0
       0
       0
       0
       0
       0
       0
       1
       0
       0
       0
       0
       0
       0
       0
       0
       0
       0
       0
       0
       1
       0
       0
       0
       0
       0
       0
       0
       0
       0
       0
       0
       1
       0
       0
       0
       0
       0
       0
       0
       0
       0
       0
       0
       0
       0
       0
       0
       0
       0
       0
       0
       0
       0
       0
       0
       0
       0
       0
       0
       0
       0
       0
       0
       0
       0
       0
       0
       0
       0
       0
       0
       0
       0
       0
       0
       0
       0
       0
       0
       0
       0
       0
       0
       0
       0
       0
       0
       0
       0
       1
       0
       0
       0
       0
       0
       0
       0
       0
       0
       0
       0
       0
       0
       0
       0
       0
       0
       0
       0
       0
       0
       0
       0
       0
       0
       0
       0
       1
       0
       0
       0
       0
       0
       0
       0
       0
       0
       0
       0
       0
       0
       0
       0
       0
       0
       0
       0
       0
       0
       0
       0
       0
       0
       0
       0
       0
       0
       0
       0
       0
       0
       0
       0
       0
       0
       0
       0
       0
       0
       0
       0
       0
       0
       0
       0
       0
       0
       0
       0
       0
       0
       0
       0
       0
       0
       0
       0
       0
       0
       0
       0
       0
       0
       0
       0
       0
       1
       0
       0
       0
       0
       0
       0
       0
       1
       0
       0
       0
       0
       1
       0
       0
       1
       0
       0
       0
       0
       0
       0
       0
       0
       0
       0
       0
       0
       0
       0
       0
       0
       0
       0
       0
       0
       0
       0
       0
       0
       0
       0
       0
       0
       0
       0
       0
       0
       0
       0
       1
       1
       0
       1
       0
       2
       1
       5
       3
       2
       1
       2
       1
       0
       0
       0
       0
       0
       0
       0
       0
       0
       0
       0
       0
       0
       0
       0
       0
       0
       0
       0
       0
       0
       0
       0
       0
       0
       0
       0
       0
       0
       0
       0
       0
       0
       0
       0
       0
       0
       0
       0
       0
       0
       0
       0
       0
       0
       0
       0
       0
       0
       0
       0
       0
       0
       0
       0
       0
       0
       0
       0
       0
       1
       0
       0
       0
       0
       0
       0
       0
       0
       0
       0
       0
       0
       0
       0
       0
       0
       0
       0
       0
       0
       0
       0
       0
       0
       0
       0
       0
       0
       0
       0
       0
       0
       0
       0
       0
       0
       0
       0
       0
       0
       0
       0
       0
       0
       0
       0
       0
       0
       0
       0
       1
       0
       0
       0
       0
       0
       0
       0
       0
       0
       0
       0
       0
       0
       0
       0
       0
       0
       0
       0
       0
       0
       0
       0
       0
       0
       0
       0
       0
       0
       0
       0
       0
       0
       1
       0
       0
       0
       0
       0
       0
       0
       0
       0
       0
       0
       0
       0
       0
       0
       0
       0
       0
       0
       0
       0
       0
       0
       0
       0
       0
       0
       0
       0
       0
       0
       0
       0
       0
       0
       0
       0
       0
       0
       0
       0
       0
       0
       0
       0
       0
       0
       0
       0
       0
       0
       0
       0
       0
       0
       0
       0
       0
       0
       1
       0
       0
       0
       0
       0
       0
       0
       0
       0
       0
       0
       0
       0
       0
       0
       0
       0
       0
       0
       0
       0
       0
       0
       0
       0
       0
       0
       0
       0
       0
       0
       0
       0
       0
       0
       0
       0
       0
       0
       0
       0
       0
       0
       0
       0
       0
       0
       0
       0
       0
       0
       0
       0
       0
       0
       0
       0
       0
       0
       0
       0
       0
       0
       0
       0
       0
       0
       0
       0
       0
       0
       0
       0
       0
       0
       0
       0
       0
       0
       0
       0
       0
       0
       0
       0
       0
       0
       0
       0
       0
       0
       0
       0
       0
       0
       0
       0
       0
       0
       0
       0
       0
       0
       0
       0
       0
       0
       0
       0
       0
       0
       0
       0
       0
       0
       0
       0
       0
       0
       0
       0
       0
       0
       0
       0
       0
       0
       0
       0
       0
       0
       0
       0
       0
       0
       0
       0
       0
       0
       0
       0
       0
       0
       0
       0
       0
       0
       0
       0
       0
       0
       0
       0
       0
       0
       0
       0
       0
       0
       0
       0
       0
       0
       0
       0
       0
       0
       0
       0
       0
       0
       0
       0
       0
       0
       0
       0
       0
       0
       0
       0
       0
       0
       0
       0
       0
       0
       0
       0
       0
       0
       0
       0
       0
       0
       0
       0
       0
       0
       0
       0
       0
       0
       0
       0
       0
       0
       0
       0
       0
       0
       0
       0
       0
       0
       0
       0
       0
       0
       0
       0
       0
       0
       0
       0
       0
       0
       0
       0
       0
       0
       0
       0
       0
       0
       0
       0
       0
       0
       0
       1
       0
       0
       0
       0
       0
       0
       0
       0
       0
       0
       0
       0
       0
       0
       0
       0
       0
       0
       0
       0
       0
       0
       0
       0
       0
       0
       0
       0
       0
       0
       0
       0
       0
       0
       0
       0
       0
       0
       0
       0
       0
       0
       0
       0
       0
       0
       0
       0
       0
       0
       0
       0
       0
       0
       0
       0
       0
       0
       0
       0
       0
       0
       0
       0
       0
       0
       0
       0
       0
       0
       0
       0
       0
       0
       0
       0
       0
       0
       0
       0
       0
       0
       0
       0
       0
       0
       0
       0
       0
       0
       0
       0
       0
       0
       0
       0
       0
       0
       0
       0
       0
       0
       0
       0
       0
       0
       0
       0
       0
       0
       0
       0
       0
       0
       0
       0
       0
       0
       0
       0
       0
       0
       0
       0
       0
       0
       0
       0
       0
       0
       0
       0
       0
       0
       0
       0
       0
       0
       0
       0
       0
       0
       0
       0
       0
       0
       0
       0
       0
       0
       0
       0
       0
       0
       0
       0
       0
       0
       0
       0
       0
       1
       0
       0
       0
       0
       0
       0
       0
       0
       0
       0
       0
       0
       0
       0
       0
       0
       0
       0
       0
       0
       0
       0
       0
       0
       0
       0
       0
       0
       0
       0
       0
       0
       0
       0
       0
       0
       0
       0
       0
       0
       0
       0
       0
       0
       0
       0
       0
       0
       0
       0
       0
       0
       0
       0
       0
       0
       0
       0
       0
       0
       0
       0
       0
       0
       0
       0
       0
       0
       0
       0
       0
       0
       0
       0
       0
       0
       0
       0
       0
       0
       0
       0
       0
       0
       0
       0
       0
       0
       0
       0
       0
       0
       0
       0
       0
       0
       0
       0
       0
       0
       0
       0
       0
       0
       0
       0
       0
       0
       0
       0
       0
       0
       1
       0
       0
       0
       0
       0
       0
       0
       0
       0
       0
       0
       0
       0
       0
       0
       0
       0
       0
       0
       0
       0
       0
       0
       0
       0
       0
       0
       0
       0
       0
       0
       0
       0
       0
       0
       0
       0
       0
       0
       0
       0
       0
       0
       0
       0
       0
       0
       0
       0
       0
       0
       0
       0
       0
       0
       0
       0
       0
       0
       0
       0
       0
       0
       0
       0
       0
       0
       0
       0
       0
       0
       0
       0
       0
       0
       0
       0
       0
       0
       0
       0
       0
       0
       0
       0
       0
       0
       0
       0
       0
       0
       0
       0
       0
       0
       0
       0
       0
       0
       0
       0
       0
       0
       0
       0
       0
       0
       0
       0
       0
       0
       0
       0
       0
       0
       0
       0
       0
       0
       0
       0
       0
       0
       0
       0
       0
       0
       0
       0
       0
       0
       0
       0
       0
       1
       0
       0
       0
       0
       0
       0
       0
       0
       0
       0
       0
       0
       0
       0
       0
       0
       0
       0
       0
       0
       0
       0
       0
       0
       0
       0
       0
       0
       0
       0
       0
       0
       0
       0
       0
       0
       0
       0
       0
       0
       0
       1
       0
       0
       0
       0
       0
       1
       0
       0
       0
       0
       0
       0
       0
       0
       0
       0
       0
       0
       0
       0
       0
       0
       0
       0
       0
       0
       0
       0
       0
       0
       0
       0
       0
       0
       0
       0
       0
       0
       0
       0
       0
       0
       0
       0
       0
       0
       0
       0
       0
       0
       0
       0
       0
       0
       0
       0
       0
       0
       0
       0
       0
       0
       0
       0
       0
       0
       0
       0
       0
       0
       0
       0
       0
       0
       0
       0
       0
       0
       0
       0
       0
       0
       0
       0
       0
       0
       0
       0
       0
       0
       0
       0
       0
       0
       0
       0
       0
       0
       0
       0
       0
       0
       0
       0
       0
       0
       0
       0
       0
       0
       0
       0
       0
       0
       0
       0
       0
       0
       0
       0
       0
       0
       0
       0
       0
       0
       0
       0
       0
       0
       0
       0
       0
       0
       0
       0
       0
       0
       0
       0
       0
       0
       0
       0
       0
       0
       0
       0
       0
       0
       0
       0
       0
       0
       0
       0
       0
       0
       0
       0
       0
       0
       0
       0
       0
       0
       0
       0
       0
       0
       0
       0
       0
       0
       0
       0
       0
       0
       0
       0
       0
       0
       0
       0
       0
       0
       0
       0
       0
       0
       0
       0
       0
       0
       0
       0
       1
       0
       0
       0
       0
       0
       0
       0
       0
       0
       0
       0
       0
       0
       0
       0
       0
       0
       0
       0
       0
       0
       0
       0
       0
       0
       0
       0
       0
       0
       0
       0
       0
       0
       0
       0
       0
       0
       0
       0
       0
       0
       0
       0
       0
       0
       0
       0
       0
       0
       0
       0
       0
       0
       0
       0
       0
       0
       0
       0
       0
       0
       0
       0
       0
       0
       0
       0
       0
       0
       0
       0
       0
       0
       0
       0
       0
       0
       0
       0
       0
       0
       0
       0
       0
       0
       0
       0
       0
       0
       0
       0
       0
       0
       0
       0
       0
       0
       0
       0
       0
       0
       0
       0
       0
       0
       0
       0
       0
       0
       0
       0
       0
       0
       0
       0
       0
       0
       0
       0
       0
       0
       0
       0
       0
       0
       0
       0
       0
       0
       0
       0
       0
       0
       0
       0
       0
       0
       0
       1
       0
       0
       0
       0
       0
       0
       0
       0
       0
       0
       0
       0
       0
       0
       0
       0
       0
       0
       0
       0
       0
       0
       0
       0
       0
       0
       0
       0
       0
       0
       0
       0
       0
       0
       0
       0
       0
       0
       0
       0
       0
       0
       0
       0
       0
       0
       0
       0
       0
       0
       0
       0
       0
       0
       0
       0
       0
       0
       0
       0
       0
       0
       0
       0
       0
       0
       0
       0
       0
       0
       0
       0
       0
       0
       1
       0
       0
       0
       0
       0
       0
       0
       0
       0
       0
       0
       0
       0
       0
       0
       0
       0
       0
       0
       0
       0
       0
       0
       0
       0
       0
       0
       0
       0
       0
       0
       0
       0
       0
       0
       0
       0
       0
       0
       0
       0
       0
       0
       0
       0
       0
       0
       0
       0
       0
       0
       0
       0
       0
       0
       0
       0
       0
       0
       0
       0
       0
       0
       0
       0
       0
       0
       0
       0
       0
       0
       0
       0
       0
       0
       0
       0
       0
       0
       0
       0
       0
       0
       0
       0
       0
       0
       0
       0
       0
       0
       0
       0
       0
       0
       0
       0
       0
       0
       0
       0
       0
       0
       0
       0
       0
       0
       0
       0
       0
       0
       0
       0
       0
       0
       0
       0
       0
       0
       0
       0
       0
       0
       0
       0
       0
       0
       0
       0
       0
       0
       0
       0
       0
       0
       0
       0
       0
       0
       0
       0
       0
       0
       0
       0
       0
       0
       0
       0
       0
       0
       0
       0
       0
       0
       0
       0
       0
       0
       0
       0
       0
       0
       0
       0
       0
       0
       0
       0
       0
       0
       0
       0
       0
       0
       0
       0
       0
       0
       0
       0
       0
       0
       0
       0
       0
       0
$ROI:
0
$PRESETS:
Real Time
180
0
$ENER_FIT:
0.888569 0.390988
$MCA_CAL:
3
8.885689E-001 3.909876E-001 3.191953E-008 keV
$SHAPE_CAL:
3
0.000000E+000 0.000000E+000 0.000000E+000
