$SPEC_ID:
1
$SPEC_REM:
DET# 2
DETDESC# MCB 130 Normal
AP# Maestro Version 7.01
$DATE_MEA:
09/09/2019 18:19:18
$MEAS_TIM:
177 180
$DATA:
0 8191
       0
       0
       0
       0
       0
       0
       0
       0
       0
       0
       0
       0
       0
       0
       0
       0
       0
       0
       0
       0
       0
       0
       0
       0
       0
       0
      14
     390
     114
      68
      85
     104
     163
     220
     226
     149
      92
      94
      92
     115
     142
     148
     161
     196
     196
     156
      84
      81
      83
      78
      82
      92
     108
     111
      87
      73
      62
      63
      77
     115
      91
      77
      86
      57
      72
      97
      89
      74
      84
      91
      90
     104
      98
      82
      76
     106
      82
      91
      84
      60
      68
      87
      59
      84
      82
      85
      70
      80
     101
     162
     165
     120
      70
      64
      68
      59
      77
      75
      67
      64
      80
      97
      71
      75
      53
      73
      76
      73
      61
      74
      59
      84
      76
      73
      85
      81
      75
      68
      66
      55
      73
      80
      82
      62
      87
      80
      87
      77
      82
      76
      80
      77
      83
      84
      70
      85
      88
      67
      66
      73
      79
      83
      80
      75
     104
     147
      97
      75
      84
      96
     105
      96
     107
      90
     130
     115
      95
      95
      77
     102
     102
      92
      95
      73
     107
      95
      97
     103
      95
      96
     106
     102
     101
      93
      95
     114
      95
     103
     105
      92
     116
     100
     114
     107
     144
     120
     127
     112
     136
     145
     136
     124
     114
      99
     142
     140
     146
     129
     120
     147
      98
     114
     106
     117
     135
     132
     138
     114
     139
     134
     141
     130
     124
     152
     153
     140
     143
     127
     127
     127
     154
     136
     143
     148
     120
     138
     129
     133
     136
     136
     135
     130
     138
     135
     125
     154
     133
     146
     137
     160
     155
     165
     134
     122
     123
     113
     156
     119
     167
     193
     237
     259
     404
     408
     330
     207
     155
     131
     143
     145
     140
     152
     300
     524
     582
     319
     169
     183
     311
     598
     749
     400
     213
      90
      95
     111
     109
     103
     110
     113
     126
     132
     119
     131
     111
     118
      92
      98
     100
     113
     133
     101
     111
     111
     128
     149
     172
     191
     199
     192
     137
     115
     112
     105
     122
     108
     128
     170
     146
     126
     100
     110
     109
      81
     106
     103
     110
      95
     101
      97
     122
      89
     103
      90
      78
     101
      95
      91
     112
     130
      91
     112
      94
     100
     103
      91
     109
      97
     114
      97
     103
     106
     102
     110
     106
      81
      94
      87
      80
     111
      94
      86
      87
      78
      86
     104
     116
     158
     194
     152
     113
      95
      86
      88
      98
      87
      85
      84
      91
     117
     101
     101
      75
     102
      94
     104
      97
      76
      96
      84
      90
      87
      87
      85
     117
     149
     130
      98
      93
      86
      79
      65
      77
      92
      67
      80
      66
      76
      77
      89
      80
      70
      72
      76
      78
      87
      84
      59
      77
      78
      83
      80
      77
      59
      74
      76
      76
      62
      73
      62
      65
      72
      92
      76
      99
      84
      63
      81
      71
      81
      76
      69
      70
      67
      61
      62
      72
      65
      62
      56
      63
      72
      68
      57
      71
      73
      65
     103
      72
      61
      63
      65
      81
      63
      49
      58
      61
      63
      67
      62
      62
      72
      54
      72
      59
      61
      61
      76
      68
      51
      60
      64
      74
      51
      61
      48
      48
      51
      68
      62
      59
      70
      48
      51
      63
      42
      58
      62
      51
      63
      47
      57
      70
      55
      59
      69
      52
      56
      68
      72
      80
      78
      90
      85
      55
      52
      50
      51
      47
      58
      59
      65
      49
      65
      48
      51
      66
      50
      53
      50
      53
      41
      68
      62
      60
      56
      52
      55
      44
      60
      46
      44
      51
      55
      89
     102
      78
      59
      68
      43
      54
      45
      51
      38
      51
      39
      43
      52
      55
      54
      46
      50
      48
      50
      47
      53
      53
      50
      53
      44
      35
      48
      47
      62
      51
      40
      54
      43
      52
      46
      46
      41
      49
      40
      42
      53
      47
      42
      62
      48
      70
     157
     271
     225
     146
      64
      51
      45
      34
      47
      45
      52
      51
      59
      36
      29
      36
      38
      41
      45
      39
      36
      50
      38
      51
      42
      41
      51
      40
      72
      57
      49
      45
      46
      35
      44
      50
      44
      45
      33
      36
      38
      36
      34
      44
      43
      40
      41
      26
      34
      39
      31
      43
      35
      39
      74
     185
     350
     418
     262
     103
      46
      39
      42
      45
      32
      30
      42
      34
      38
      37
      41
      22
      34
      33
      44
      34
      31
      34
      25
      29
      39
      34
      35
      36
      30
      31
      41
      32
      27
      31
      39
      41
      35
      43
      20
      36
      38
      41
      29
      43
      60
      42
      42
      48
      35
      26
      27
      33
      26
      30
      34
      29
      27
      21
      23
      41
      20
      34
      35
      42
      36
      29
      28
      31
      28
      51
      69
     165
     186
     157
      63
      39
      30
      21
      20
      26
      28
      27
      28
      35
      33
      34
      32
      28
      37
      33
      31
      31
      34
      33
      22
      17
      25
      24
      33
      28
      35
      44
      26
      41
      28
      33
      31
      20
      27
      31
      40
      63
      91
      66
      62
      49
      35
      44
      39
      46
      38
      32
      24
      23
      57
      72
      53
      56
      29
      18
      29
      28
      17
      22
      24
      31
      23
      27
      20
      25
      34
      25
      34
      39
      28
      22
      22
      33
      24
      25
      40
      35
      35
      32
      29
      27
      20
      24
      16
      25
      28
      25
      25
      26
      23
      19
      22
      31
      31
      50
      66
      70
      79
      50
      24
      27
      22
      34
      24
      28
      25
      26
      21
      20
      31
      23
      22
      20
      31
      25
      21
      26
      21
      29
      23
      28
      34
      12
      18
      20
      26
      18
      31
      25
      20
      22
      28
      24
      25
      29
      22
      21
      18
      28
      26
      20
      31
      44
      44
      29
      27
      25
      24
      25
      21
      28
      20
      17
      26
      20
      24
      17
      13
      28
      20
      23
      21
      17
      22
      31
      26
      23
      22
      12
      20
      25
      15
      27
      17
      30
      21
      20
      26
      13
      22
      25
      26
      30
      23
      25
      22
      28
      35
      39
      22
      24
      18
      19
      22
      20
      21
      26
      27
      22
      25
      12
      16
      15
      19
      19
      23
      27
      14
      19
      18
      18
      25
      13
      14
      27
      17
      16
      22
      16
      31
      23
      24
      21
      24
      15
      21
      13
      25
      20
      20
      21
      15
      11
      24
      17
      16
      13
      22
      18
      12
      20
      16
      16
      24
      21
      19
      19
      17
      12
      17
      13
      14
      15
      21
      12
      16
      16
      21
      30
      16
      21
      11
      14
      22
       9
      15
      11
      14
       8
      21
      12
      16
      18
      17
      10
      10
      21
      14
      20
      17
      21
      16
      11
      17
      11
      16
      16
      12
      21
      12
      19
      23
      18
      14
      17
      14
      10
      18
      16
      17
      14
      17
      16
      12
      10
      13
      14
      14
      16
      19
      22
      18
      15
      14
      17
      17
      14
      16
      21
      18
      12
      12
      18
      14
      19
      18
      24
      16
      16
      15
      22
      16
      15
      19
      14
      26
      17
      15
      19
      20
      15
      21
      17
      16
      14
      16
      10
      14
      12
      16
      20
      13
      17
      18
      18
      25
      22
      23
      23
      15
      19
      13
      17
      16
      15
      17
      14
      19
      20
      16
      18
      20
      17
      16
      13
      12
      13
      18
      17
      17
      15
      14
      11
      10
      13
      16
      21
      12
      14
      18
      11
      20
      21
      19
      15
      15
      14
      15
      15
      12
      15
       6
      14
      15
      17
      19
      14
      13
      14
       8
      14
      17
      13
      13
      10
      15
      13
       9
      14
      14
      11
      13
      25
      11
      16
      18
      18
      12
      21
      14
      14
      15
      19
      11
      14
      22
      17
      20
      19
      11
      14
      14
      16
      14
      14
      11
      13
      15
      18
       7
      17
      11
      23
      11
      13
      16
      14
      12
      18
      13
       3
      13
      21
       8
      13
      13
      12
      11
      14
      16
      15
      18
       9
      11
      16
      18
      18
      10
       8
      14
       8
      15
      12
      22
      22
      26
      27
      21
      18
      21
      17
       8
      18
      14
       7
      11
      11
      11
       9
      16
      16
      12
      14
       9
      19
      12
      20
      11
      16
      11
       8
      18
      14
      11
       8
      12
      13
      13
       6
      10
      14
      16
      19
      20
       9
      13
      16
      15
       9
       7
      19
      13
      13
      12
       9
      11
       9
      16
       9
      15
      17
      10
      22
      12
      11
       9
      19
       6
      20
      19
      10
       7
      13
      11
      14
      13
      11
      18
      18
      26
      13
      10
      14
       8
       7
       9
      13
       5
      16
      19
      11
       8
      12
      10
      15
       5
       8
       7
      11
      18
      16
      14
      10
      16
      11
      14
      19
      19
      19
       7
       9
      15
      15
      22
      15
      12
      13
      12
      14
      11
      14
      18
      15
      10
      14
       9
      10
       9
       8
       4
      14
       9
      15
      12
      13
       7
      13
      13
      14
       7
      14
       8
      18
      11
      10
      15
      12
      11
      17
      13
      13
      14
      15
      23
      24
      32
      37
      17
      14
      16
      23
      59
     109
     113
     103
      52
      33
      13
      12
      16
      11
       7
      10
       8
      10
      14
      10
      10
       6
      11
       9
      11
      15
      16
      15
       8
       7
      12
       7
      10
      10
      12
       9
      11
      10
       6
       6
       9
       9
       7
      17
      14
      14
      11
      13
      16
      21
      13
      14
      20
      13
      13
       7
       6
      14
       6
       8
      12
      12
       9
      11
       7
      13
       7
       9
      15
      35
      52
      61
     102
      67
      31
      20
       8
      10
       8
      11
      10
      11
       8
       8
       8
      13
      12
      15
      12
       3
      13
       4
       7
       9
      15
       8
      11
      10
       5
       8
       7
      10
      11
      20
       9
       7
      11
       8
       7
      14
       9
       6
       6
       8
      17
       5
       9
      11
      10
       8
       5
      13
      14
       6
       9
       7
      12
       9
       6
      17
      11
       8
       3
       7
       8
      11
      12
       7
       7
       5
      11
      15
      13
      17
      10
       7
       4
       8
       6
       8
       7
      13
       6
      13
      10
       2
      12
      12
      12
      11
      10
       6
      11
       6
      12
       5
      11
      11
       7
       7
       5
      11
      13
       7
       5
      14
      11
       6
      12
       8
       6
       9
       8
      10
       3
       7
       7
       9
      11
       9
      10
      12
      10
      10
       9
       9
      12
      13
       8
      14
       9
       5
       7
       7
       9
      16
      10
      22
      30
      27
      24
      17
      11
      12
       7
      10
      10
       7
       9
      12
       8
       9
       4
       6
       5
       8
       3
       3
       5
      11
      10
       3
       6
       6
      10
       5
       4
      17
      17
      10
       8
       4
       8
       6
      10
       6
       4
       9
       1
      10
      12
       8
      10
       3
       8
       8
       1
       7
      11
       6
      11
       3
      10
       4
      12
      11
      10
       9
       9
      10
       9
       6
       6
       6
       6
       5
       7
       2
       6
      11
       7
       8
       8
       9
       7
       9
       9
       6
      10
       6
      10
      12
      19
       4
       8
       8
      11
       6
       4
       6
       6
       6
       8
       2
      14
       4
      10
       7
       5
       5
       5
       8
       4
       6
      11
      11
      10
       5
       9
      21
      23
      26
      20
      14
       7
       9
       8
       9
      14
       7
      13
      16
      39
      92
      95
     105
      61
      27
       9
      10
       9
       7
       5
       9
       9
      12
       7
       7
      14
       5
       8
      15
       7
       7
       9
      10
      14
      20
      26
      32
      24
      17
       8
       9
       2
       4
       4
       8
       6
       6
       6
       7
       5
       7
       6
      11
       2
       8
       4
       6
       7
      14
      12
      11
       6
       5
       6
       4
       4
      13
       9
       8
      10
       4
       6
       4
      10
       6
       8
       6
      10
       7
       6
      12
       7
       5
      10
       5
       6
       4
       8
       7
       4
       8
       8
       7
       5
       7
       9
       5
      10
       9
       7
       3
       7
       9
       5
       8
       1
       2
       6
       6
       8
       5
       4
       4
       6
       7
       6
       8
       3
       9
      10
       8
       6
       3
       5
       6
       4
       6
       5
       3
       3
      10
       3
       5
      10
       5
       8
       4
       9
       8
       3
       3
      11
       2
       4
       3
       7
       6
       4
      10
       3
       5
       2
       8
       9
       9
       8
      10
       6
       7
      10
       4
       4
       2
       8
       2
      12
       3
       8
       6
       6
       2
       8
      10
       6
      14
       8
       6
       8
      10
      13
      10
      16
      18
      11
       7
       5
       9
       8
       7
       9
      10
       7
       5
       4
       5
       5
       4
       2
       6
       7
       9
       7
       3
       9
      14
      12
       3
      10
       5
       6
       2
      12
       4
       8
       6
      11
      10
       8
       8
      11
       7
      10
      12
       5
       4
       9
      19
      27
      53
      69
      92
      55
      25
      16
       4
       3
       7
       7
       4
       6
       8
       6
       9
       8
      17
      26
      28
      32
      11
      13
       4
       4
       5
       8
       2
       6
       7
       5
       4
       6
       4
       5
       7
       5
       6
       5
       6
       4
       2
      10
       4
       7
       4
       9
       4
       2
      10
      12
       9
       5
       4
       4
       4
       6
       3
       7
       6
       5
       7
       6
       3
       5
       4
      12
       9
       9
       4
       5
       4
       3
       4
       6
      10
      19
      21
      23
      13
       9
      10
       7
       4
      10
       3
       2
       9
       3
       3
       6
       9
       3
       7
       7
       6
       3
       5
       2
       1
       2
       3
       6
       5
       3
       9
       2
       3
       8
       8
       7
       2
      10
       9
       6
       5
       5
       8
       2
       5
       7
       2
       6
       8
       3
       3
       6
       6
       6
       5
       5
       4
       3
       8
       7
       8
      10
       7
       3
       3
       6
       7
       4
       7
       5
       4
      12
       6
       9
       7
      11
       3
       4
       4
       8
       7
       3
       5
       6
       7
       6
       6
       5
       8
       6
       8
       5
       4
       4
       4
       6
       5
       3
       5
       9
       5
       4
       8
       4
       5
       9
      12
       4
       6
       4
       5
       1
       4
       4
       4
       4
       5
       4
       6
       3
       8
       1
       7
       5
       6
       2
       5
       3
       7
       7
       5
       8
       4
       3
       7
       6
       5
      13
       7
       5
       6
       5
       4
      10
       8
       5
       5
       7
       5
       2
       5
      10
       2
       8
       5
       3
       2
       5
       6
       8
       6
       6
      11
       8
       3
       3
      13
      12
       9
       5
       4
       5
       3
       8
       3
       5
       6
       7
       4
       3
       1
       4
       4
       1
       7
       7
       7
       7
       4
       6
       3
       8
       4
       7
       5
       6
       0
       3
       3
      10
       4
       3
       2
       9
       6
       7
       4
       2
       3
       6
       5
       9
       8
       4
       6
       5
       7
       4
       3
       1
       3
       2
       0
       4
       3
       6
       6
       4
       2
      10
       8
       6
       5
       5
       4
       6
       6
       6
       4
      11
       9
       4
       4
       3
       8
       9
       3
       7
       1
       4
       6
       3
       4
       4
       8
       2
       3
       3
       1
       4
       4
       3
       6
       2
       8
       4
       5
       7
       8
       5
       3
       8
       4
      13
      15
      16
      16
      16
      14
       5
       7
       3
       4
       3
       9
       6
       3
      10
       4
       3
       5
       6
       1
       5
       4
       2
       4
       8
       7
       8
       7
       7
       8
       5
       6
       3
       2
       4
       5
       1
       4
       4
       9
       6
       4
       3
       4
       4
       4
       6
       3
       3
       9
       7
       7
      12
       6
       4
       4
       3
       2
       5
       4
       1
       4
       3
       9
       6
       2
       2
       4
       5
       7
       2
       4
       2
       6
       6
       6
       9
       4
       1
       3
       7
       6
       3
       9
       8
       4
       8
       5
       8
       6
       3
       9
       6
       6
       5
       5
       4
       8
       3
       2
       4
       4
       5
       4
       2
       2
       1
       5
       2
       5
       8
       2
       7
       1
       2
       8
       5
       1
       5
       3
       0
      10
       6
       4
       6
       4
       6
       3
       6
       4
       4
       7
       4
       3
       6
       5
       1
       3
       1
       2
       5
       6
      21
      27
      15
      24
      10
       6
       4
       8
       7
       1
       4
       4
       4
       5
       5
       4
       4
       7
       6
       3
       2
       2
       5
       2
       5
       0
       6
       5
       5
       3
       5
       4
       2
       6
       5
       5
      10
       4
       7
       6
       4
       4
       2
       2
       5
       6
       3
       3
       5
       8
       6
       0
       8
       4
       6
       9
       3
       3
       5
       4
       8
       2
       3
       2
       8
       3
       1
       4
       6
       5
       6
       7
       4
      10
       9
       9
      12
       3
       6
       8
      12
       9
      12
      16
      17
      11
       9
       4
       4
       7
       4
       2
       4
       7
       7
       8
       3
       3
       5
       3
       4
       1
       4
       5
       2
       5
       6
       5
       4
       2
       4
       2
       6
       0
       2
       2
       3
       4
       6
       2
       2
       5
       6
       3
       4
       5
       0
       3
       0
       3
       5
       2
       1
       4
       0
       4
       6
       5
       4
       5
       4
       5
       4
       1
       4
       2
       3
       3
       0
       6
       1
       2
       3
       4
       1
       2
       3
       2
       3
       6
       2
       5
       3
       4
       1
       3
       8
       0
       3
       3
       5
       6
       3
       6
       3
       6
       6
       3
       2
       1
       4
       0
       2
       1
       1
       3
       4
       2
       3
       2
       5
       4
       2
       2
       5
       1
       2
       2
       1
       0
       4
       5
       2
       2
       2
       2
       5
       0
       2
       1
       3
       5
       4
       0
       8
       4
       1
       4
       3
       1
       1
       7
       2
       2
       4
       2
       1
       5
       7
      15
      21
      32
      20
      18
      21
       6
       7
       4
       5
       4
       3
       5
       3
       2
       5
       6
       6
       2
       3
       3
       3
       4
       1
       3
       5
       2
       5
       2
       3
       2
       6
       1
       3
       6
       4
       3
       6
       8
      10
       6
       7
       8
       5
       6
       1
       8
       4
       1
       2
       1
       2
       4
       5
       5
       4
       8
       3
       5
       4
       3
       0
       2
       3
       2
       0
       5
       3
       7
       2
       3
       2
       1
       5
       2
       3
       2
       4
       3
       4
       1
       6
       0
       5
       3
       0
       4
       6
       6
       1
       4
       3
       1
       2
       5
       8
       2
       7
       1
       2
       4
       1
       4
       1
       2
       3
       3
       2
       1
       5
       4
       1
       2
       1
       2
       5
       3
       0
       4
       6
       4
       4
       4
       3
       4
       4
       0
       5
       1
       1
       2
       2
       4
       4
       3
       6
       2
       1
       2
       3
       4
       6
       2
       1
       4
       2
       6
       3
       2
       1
       6
       5
       1
       5
       0
       2
       2
       1
       5
       8
       1
       4
       3
       4
       3
       4
       1
       0
       4
       0
       3
       7
       1
       3
       5
       3
       2
       4
       2
       0
       3
       4
       1
       2
       2
       1
       0
       1
       4
       5
       5
       3
       5
       0
       5
       8
       9
       4
       3
       4
       5
       7
       2
       2
       6
       5
       2
       1
       2
       3
       4
       7
       2
       1
       3
       6
       1
       1
       3
       1
       6
       7
       2
       1
       4
       8
       6
       3
       4
       4
       4
       3
       2
       4
       3
       3
       3
       5
       8
       3
       3
       5
       1
       3
       3
       2
       3
       9
       7
       3
       5
       3
       7
       0
       2
       3
       3
       5
       3
       6
       1
       6
       2
       3
       2
       1
       4
       3
       3
       2
       3
       4
       3
       4
       7
      11
      19
      21
      17
       5
       6
       7
       3
       2
       1
       7
       2
       1
       4
       2
       2
       0
       5
       3
       3
       2
       3
       7
       3
       3
       4
       4
       7
       4
       5
       2
       2
       1
       4
       0
       5
       2
       3
       4
       3
       2
       5
       6
       4
       2
       5
       1
       6
       1
       3
       1
       2
       3
       5
       1
       3
       0
       0
       4
       1
       2
       6
       5
       2
       1
       1
       3
       2
       3
       0
       2
       2
       4
       4
       2
       2
       0
       3
       2
       2
       6
       2
       2
       3
       3
       3
       3
       3
       3
       2
       7
       1
       5
       3
       2
       2
       2
       1
       4
       3
       4
       3
       2
       4
       1
       4
       3
       3
       5
      13
      10
       9
       2
       3
       2
       5
       3
       3
       6
       4
       8
       5
       8
       5
       9
       3
       2
       5
       4
       2
       2
       3
       3
       5
       1
       1
       2
       3
       3
       6
       1
       5
       4
       2
       2
       0
       7
       2
       3
       5
       2
       0
       2
       2
       6
       3
       2
       2
       4
       3
       4
       3
       4
       1
       4
       0
       1
       0
       3
       5
       2
       0
       3
       1
       2
       3
       4
       0
       1
       1
       1
       5
       1
       1
       3
       2
       3
       3
       5
       1
       6
       0
       2
       1
       3
       2
       4
       4
       5
       3
       0
       3
       4
       2
       2
       3
       2
       3
       1
       3
       2
       0
       0
       6
       0
       3
       1
       5
       1
       4
       1
       4
       7
       5
       2
       1
       4
       0
       2
       2
       2
       1
       2
       3
       4
       2
       2
       2
       2
       1
       3
       2
       4
       2
       2
       4
       1
       2
       2
       4
       3
       3
       2
       3
       1
       3
       2
       4
       5
       3
       2
       5
       1
       5
       3
       2
       5
       2
       5
       3
       3
       4
       4
       7
       4
       5
       4
       4
       1
       1
       1
       5
       3
       3
       1
       3
       3
       0
       1
       4
       2
       3
       2
       0
       2
       3
       0
       2
       2
       4
       2
       3
       5
       2
       1
       1
       1
       3
       1
       3
       3
       1
       3
       2
       2
       3
       2
       0
       0
       1
       4
       2
       4
       3
       3
       1
       0
       3
       6
       9
      20
      18
      17
      17
      18
       8
       2
       2
       1
       1
       3
       4
       2
       1
       2
       3
       3
       1
       1
       2
       1
       2
       0
       4
       1
       0
       2
       3
       4
       1
       2
       7
       2
       5
       2
       1
       2
       4
       4
       3
       4
       2
       1
       5
       4
       2
       3
       3
       1
       3
       3
       1
       1
       2
       3
       1
       2
       5
       4
       1
       3
       2
       2
       1
       0
       5
       0
       2
       1
       3
       2
       1
       1
       1
       0
       3
       3
       2
       1
       3
       3
       2
       5
       1
       1
       1
       4
       3
       1
       1
       1
       0
       3
       0
       1
       2
       0
       4
       1
       4
       1
       1
       2
       0
       4
       2
       2
       3
       2
       1
       1
       1
       0
       4
       2
       5
       3
       3
       1
       3
       1
       1
       2
       2
       0
       1
       3
       1
       1
       0
       1
       3
       4
       2
       2
       2
       2
       3
       2
       1
       1
       2
       4
       1
       1
       5
       2
       2
       1
       2
       2
       2
       3
       3
       1
       2
       1
       1
       1
       2
       2
       2
       1
       2
       2
       2
       1
       0
       1
       3
       1
       3
       2
       2
       2
       1
       1
       3
       1
       0
       2
       4
       3
       3
       3
      10
       5
       6
       4
       5
       3
       2
       1
       3
       1
       1
       2
       1
       1
       3
       2
       2
       4
       1
       0
       1
       1
       2
       0
       2
       1
       3
       4
       0
       3
       4
       2
       1
       2
       1
       0
       2
       3
       4
       2
       1
       0
       1
       1
       2
       2
       1
       3
       2
       0
       2
       1
       0
       2
       0
       4
       2
       0
       0
       3
       1
       1
       2
       1
       0
       2
       3
       0
       0
       0
       3
       4
       1
       2
       4
       2
       0
       0
       2
       1
       4
       3
       1
       1
       1
       1
       3
       1
       4
       3
       4
       0
       2
       2
       1
       1
       1
       0
       1
       2
       4
       2
       2
       0
       1
       1
       1
       5
       2
       1
       4
       1
       1
       1
       2
       1
       7
       2
       3
       1
       0
       0
       3
       1
       0
       4
       2
       2
       3
       4
       8
      11
      14
      18
      25
      17
       6
       3
       2
       2
       1
       1
       0
       1
       1
       1
       4
       1
       1
       1
       0
       0
       0
       0
       2
       0
       3
       1
       1
       1
       2
       0
       4
       0
       2
       0
       0
       3
       1
       1
       2
       0
       0
       0
       1
       0
       0
       0
       0
       2
       4
       0
       2
       2
       1
       3
       7
       2
       7
       5
       1
       2
       0
       2
       3
       1
       2
       4
       3
       0
       0
       2
       4
       2
       2
       2
       5
       2
       1
       0
       4
       2
       1
       1
       0
       1
       0
       3
       3
       3
       2
       1
       2
       0
       1
       2
       0
       1
       0
       4
       1
       2
       0
       2
       2
       5
       1
       0
       1
       1
       1
       2
       0
       4
       2
       0
       3
       3
       0
       3
       1
       1
       0
       0
       0
       0
       3
       1
       1
       0
       1
       0
       3
       1
       1
       3
       2
       2
       2
       0
       2
       1
       1
       1
       1
       2
       0
       2
       4
       5
       2
       0
       2
       4
       1
       0
       1
       0
       2
       2
       1
       1
       2
       1
       0
       1
       1
       1
       2
       2
       0
       0
       2
       2
       2
       1
       1
       2
       5
       1
       1
       3
       1
       2
       2
       1
       2
       3
       3
       2
       2
       6
       7
       4
       4
       5
       8
      10
      18
      33
      31
      18
      19
       7
       7
       1
       3
       1
       1
       0
       0
       1
       2
       2
       0
       0
       2
       3
       0
       0
       0
       0
       1
       0
       1
       1
       2
       0
       4
       1
       1
       4
       1
       0
       1
       0
       2
       1
       0
       0
       0
       1
       2
       2
       0
       1
       0
       1
       2
       4
       3
       1
       1
       1
       0
       4
       1
       1
       0
       0
       0
       2
       2
       1
       2
       1
       1
       0
       1
       1
       1
       2
       2
       1
       0
       1
       2
       2
       2
       0
       2
       0
       2
       0
       1
       3
       0
       1
       2
       0
       0
       4
       0
       0
       2
       2
       0
       1
       1
       1
       2
       1
       0
       1
       1
       0
       0
       1
       1
       3
       0
       2
       2
       1
       1
       0
       0
       1
       0
       2
       3
       1
       0
       1
       1
       1
       1
       0
       1
       1
       0
       1
       3
       2
       1
       2
       1
       1
       2
       1
       0
       1
       0
       0
       3
       2
       2
       0
       1
       1
       4
       0
       1
       0
       0
       1
       3
       0
       1
       2
       0
       2
       1
       2
       1
       4
       0
       1
       2
       1
       1
       1
       0
       1
       3
       1
       2
       2
       2
       1
       1
       0
       2
       1
       0
       0
       1
       1
       2
       0
       0
       1
       1
       1
       0
       3
       0
       0
       1
       1
       0
       2
       1
       2
       0
       2
       0
       0
       1
       0
       0
       2
       0
       1
       1
       1
       0
       0
       3
       3
       3
       1
       0
       1
       2
       0
       0
       1
       0
       4
       2
       1
       0
       1
       0
       0
       0
       2
       0
       2
       0
       1
       3
       1
       0
       1
       0
       1
       1
       0
       0
       1
       0
       1
       1
       0
       0
       0
       2
       1
       2
       1
       0
       0
       0
       0
       0
       2
       0
       4
       2
       1
       1
       0
       1
       0
       4
       0
       1
       2
       1
       3
       0
       2
       0
       1
       0
       1
       2
       2
       0
       1
       1
       2
       1
       1
       1
       1
       0
       3
       0
       0
       2
       1
       0
       1
       1
       1
       0
       2
       1
       1
       3
       1
       0
       1
       0
       1
       0
       1
       0
       0
       1
       1
       0
       1
       0
       2
       2
       1
       0
       1
       0
       0
       1
       4
       1
       1
       2
       0
       1
       0
       2
       1
       1
       2
       4
       2
       0
       0
       0
       2
       0
       1
       0
       0
       0
       0
       1
       0
       1
       1
       3
       2
       1
       2
       0
       1
       1
       1
       2
       1
       2
       0
       1
       1
       0
       1
       1
       3
       0
       2
       0
       0
       2
       0
       0
       0
       2
       2
       0
       1
       1
       1
       3
       2
       0
       2
       0
       0
       0
       0
       2
       1
       0
       2
       0
       0
       1
       1
       0
       2
       2
       0
       0
       0
       0
       1
       2
       0
       0
       0
       1
       1
       0
       1
       1
       0
       5
       2
       1
       1
       2
       1
       1
       0
       1
       2
       1
       1
       0
       1
       0
       1
       1
       2
       0
       2
       0
       0
       3
       0
       0
       1
       0
       0
       2
       2
       1
       1
       0
       0
       0
       1
       1
       0
       1
       0
       1
       0
       1
       1
       2
       1
       0
       1
       0
       1
       1
       1
       2
       0
       1
       1
       4
       0
       0
       0
       0
       0
       0
       0
       1
       0
       2
       2
       0
       0
       1
       1
       0
       0
       1
       1
       1
       1
       0
       1
       2
       1
       2
       3
       0
       1
       0
       0
       0
       0
       0
       0
       2
       1
       1
       1
       0
       3
       1
       4
       0
       0
       3
       0
       1
       0
       2
       0
       0
       0
       1
       3
       1
       1
       1
       2
       0
       4
       0
       1
       2
       0
       0
       1
       3
       0
       7
       3
       4
       6
       2
       0
       1
       0
       0
       0
       0
       2
       0
       1
       0
       1
       1
       0
       0
       0
       1
       1
       1
       1
       0
       2
       1
       0
       1
       0
       0
       0
       1
       1
       0
       1
       0
       0
       1
       1
       0
       0
       0
       1
       0
       0
       0
       1
       0
       0
       0
       0
       1
       0
       1
       0
       0
       0
       0
       0
       0
       3
       0
       1
       0
       0
       2
       0
       2
       1
       2
       3
       2
       1
       1
       4
       1
       2
       0
       0
       1
       2
       2
       2
       0
       0
       1
       1
       3
       0
       1
       1
       0
       0
       0
       0
       0
       0
       0
       1
       0
       1
       1
       2
       0
       0
       0
       2
       0
       1
       1
       1
       2
       1
       1
       2
       2
       0
       2
       1
       0
       0
       0
       1
       0
       0
       1
       0
       1
       2
       0
       1
       2
       1
       0
       1
       1
       0
       0
       0
       0
       0
       1
       0
       1
       1
       0
       2
       0
       0
       0
       0
       0
       4
       1
       2
       0
       2
       1
       1
       2
       0
       2
       0
       1
       1
       1
       1
       2
       1
       1
       2
       0
       0
       0
       0
       1
       1
       0
       1
       2
       1
       0
       2
       0
       0
       2
       1
       2
       0
       0
       0
       2
       1
       0
       0
       0
       2
       0
       1
       1
       0
       2
       0
       1
       1
       0
       0
       1
       0
       0
       2
       0
       0
       0
       1
       0
       0
       0
       1
       2
       1
       1
       3
       1
       1
       1
       2
       3
       0
       1
       0
       1
       0
       1
       0
       1
       1
       1
       1
       0
       1
       0
       0
       1
       0
       1
       0
       0
       0
       0
       2
       0
       1
       0
       0
       3
       1
       0
       0
       0
       1
       1
       0
       1
       3
       0
       0
       0
       1
       0
       2
       1
       1
       0
       1
       0
       0
       0
       0
       0
       0
       1
       1
       1
       1
       1
       1
       4
       3
       3
       3
       2
       1
       3
       5
       2
       0
       0
       2
       1
       0
       1
       1
       1
       0
       0
       1
       1
       1
       0
       0
       0
       3
       0
       0
       0
       0
       1
       1
       1
       1
       0
       0
       1
       0
       1
       1
       1
       0
       0
       2
       0
       1
       1
       2
       0
       2
       0
       1
       0
       1
       1
       1
       1
       1
       1
       0
       0
       1
       1
       0
       0
       0
       2
       1
       1
       2
       1
       0
       2
       1
       0
       1
       1
       0
       0
       0
       0
       0
       0
       1
       0
       0
       1
       0
       0
       1
       0
       1
       1
       0
       1
       0
       1
       0
       0
       0
       0
       0
       0
       0
       1
       1
       0
       0
       2
       0
       1
       1
       0
       1
       2
       1
       0
       2
       7
       7
       0
       1
       1
       0
       0
       0
       1
       2
       0
       1
       0
       2
       0
       1
       1
       0
       1
       0
       0
       0
       0
       1
       1
       0
       0
       0
       0
       2
       0
       0
       1
       1
       3
       1
       1
       1
       0
       0
       0
       0
       0
       2
       1
       1
       1
       0
       2
       0
       0
       0
       1
       3
       0
       0
       0
       0
       0
       0
       0
       0
       2
       0
       1
       0
       0
       0
       1
       0
       1
       0
       0
       0
       1
       1
       2
       1
       1
       0
       1
       0
       0
       1
       1
       0
       1
       1
       0
       0
       0
       0
       1
       0
       0
       0
       1
       0
       3
       1
       0
       1
       1
       0
       0
       0
       0
       2
       0
       0
       0
       0
       0
       1
       0
       0
       0
       1
       1
       1
       0
       0
       0
       0
       0
       0
       1
       0
       0
       0
       0
       0
       0
       0
       0
       0
       0
       0
       0
       0
       0
       1
       0
       0
       1
       1
       0
       0
       0
       0
       1
       0
       0
       1
       1
       0
       1
       1
       2
       1
       0
       1
       1
       1
       1
       0
       2
       1
       1
       0
       0
       1
       0
       0
       0
       2
       0
       0
       1
       1
       0
       0
       1
       1
       1
       0
       0
       0
       0
       0
       0
       2
       0
       1
       0
       2
       0
       0
       0
       0
       2
       1
       0
       1
       0
       1
       1
       1
       2
       3
       1
       1
       1
       0
       1
       1
       0
       1
       1
       2
       1
       0
       0
       0
       1
       2
       0
       0
       1
       0
       0
       0
       1
       1
       0
       1
       0
       1
       1
       1
       1
       1
       0
       0
       1
       2
       0
       1
       0
       0
       2
       1
       1
       0
       0
       0
       0
       0
       1
       0
       0
       0
       0
       0
       0
       0
       1
       1
       0
       1
       1
       2
       0
       1
       0
       2
       0
       0
       1
       0
       0
       1
       0
       0
       0
       1
       0
       0
       0
       0
       0
       1
       0
       1
       0
       0
       1
       2
       0
       0
       0
       0
       1
       0
       1
       1
       1
       0
       1
       1
       2
       0
       2
       1
       0
       0
       0
       0
       1
       0
       1
       1
       0
       0
       2
       1
       1
       0
       0
       0
       0
       0
       0
       0
       0
       0
       0
       1
       1
       3
       3
       0
       0
       0
       0
       1
       0
       0
       0
       0
       0
       0
       1
       2
       1
       2
       1
       0
       0
       1
       0
       1
       0
       0
       0
       0
       0
       0
       0
       1
       0
       2
       0
       1
       0
       1
       0
       0
       0
       2
       1
       0
       0
       0
       0
       0
       2
       2
       0
       0
       2
       0
       1
       0
       0
       0
       1
       0
       0
       0
       0
       0
       0
       0
       0
       1
       1
       0
       0
       0
       0
       0
       0
       1
       0
       0
       3
       1
       0
       1
       0
       0
       2
       0
       0
       0
       0
       2
       1
       1
       0
       0
       0
       0
       1
       0
       1
       1
       1
       1
       1
       1
       1
       0
       0
       1
       0
       1
       0
       0
       0
       0
       1
       0
       1
       0
       0
       0
       1
       0
       0
       0
       1
       0
       1
       1
       1
       0
       0
       0
       0
       0
       0
       0
       0
       1
       0
       0
       1
       0
       1
       3
       0
       0
       2
       0
       0
       1
       0
       0
       0
       0
       1
       1
       1
       1
       2
       0
       1
       1
       0
       1
       0
       0
       0
       1
       0
       1
       0
       0
       1
       0
       1
       1
       1
       0
       0
       0
       0
       1
       1
       1
       0
       1
       0
       0
       0
       1
       1
       0
       1
       0
       2
       1
       1
       0
       1
       0
       1
       0
       0
       0
       0
       0
       1
       1
       0
       2
       2
       0
       0
       0
       0
       0
       1
       2
       0
       0
       0
       0
       0
       0
       0
       2
       0
       0
       0
       1
       0
       0
       0
       1
       0
       0
       0
       0
       0
       1
       2
       0
       0
       0
       0
       1
       0
       0
       0
       0
       1
       1
       1
       0
       1
       0
       0
       1
       0
       0
       1
       1
       1
       1
       0
       2
       2
       1
       0
       0
       1
       0
       1
       0
       1
       1
       0
       0
       3
       0
       0
       0
       1
       0
       0
       1
       2
       0
       0
       0
       0
       0
       0
       3
       0
       0
       0
       0
       0
       1
       0
       0
       0
       1
       0
       1
       0
       2
       0
       1
       1
       0
       0
       0
       0
       0
       0
       0
       0
       1
       0
       1
       2
       0
       1
       0
       0
       0
       1
       1
       0
       1
       0
       0
       0
       0
       0
       1
       0
       2
       0
       1
       2
       0
       1
       1
       1
       0
       0
       1
       0
       0
       1
       0
       0
       1
       0
       1
       0
       0
       0
       0
       0
       1
       0
       0
       0
       1
       0
       1
       0
       0
       0
       1
       1
       0
       0
       0
       0
       0
       1
       0
       0
       0
       0
       3
       1
       1
       1
       0
       0
       1
       1
       0
       0
       0
       0
       1
       0
       0
       1
       0
       0
       1
       3
       0
       1
       2
       0
       0
       1
       0
       0
       0
       0
       0
       0
       1
       0
       0
       1
       0
       0
       0
       1
       1
       0
       1
       0
       1
       0
       1
       2
       0
       0
       2
       0
       1
       0
       0
       0
       0
       0
       0
       0
       0
       0
       1
       1
       0
       1
       0
       0
       0
       0
       0
       0
       0
       0
       0
       0
       0
       0
       1
       0
       0
       1
       0
       0
       1
       1
       0
       1
       1
       0
       0
       0
       0
       1
       0
       0
       1
       0
       1
       1
       0
       0
       0
       0
       0
       2
       0
       0
       1
       0
       0
       0
       1
       0
       2
       0
       0
       1
       0
       1
       1
       0
       0
       0
       1
       0
       0
       0
       0
       0
       0
       1
       0
       1
       1
       0
       1
       0
       0
       0
       0
       0
       0
       1
       0
       0
       0
       0
       0
       0
       0
       0
       0
       2
       1
       0
       0
       0
       0
       0
       2
       0
       2
       0
       1
       1
       1
       1
       1
       0
       2
       0
       0
       0
       0
       1
       0
       0
       2
       1
       0
       1
       1
       1
       0
       0
       1
       0
       0
       0
       2
       0
       0
       0
       2
       2
       1
       0
       1
       1
       0
       2
       0
       1
       0
       0
       0
       0
       0
       0
       0
       0
       0
       0
       0
       1
       0
       0
       1
       1
       1
       1
       3
       1
       1
       0
       0
       0
       1
       0
       0
       1
       1
       0
       2
       1
       0
       0
       0
       1
       0
       0
       0
       1
       0
       0
       0
       0
       2
       0
       1
       1
       0
       1
       0
       0
       0
       0
       0
       0
       0
       0
       1
       1
       0
       0
       0
       0
       0
       0
       0
       1
       0
       0
       0
       0
       0
       0
       0
       0
       0
       0
       0
       0
       0
       1
       0
       0
       0
       0
       0
       1
       0
       1
       0
       0
       0
       1
       2
       0
       0
       0
       0
       0
       0
       0
       0
       0
       0
       1
       1
       0
       0
       2
       0
       0
       0
       0
       0
       0
       0
       1
       0
       1
       1
       0
       0
       0
       1
       0
       0
       0
       0
       0
       0
       0
       0
       0
       0
       0
       0
       0
       0
       0
       2
       0
       0
       0
       2
       0
       0
       1
       2
       0
       0
       0
       1
       0
       1
       0
       0
       0
       0
       1
       0
       0
       2
       0
       0
       0
       1
       0
       0
       0
       0
       0
       0
       0
       0
       0
       2
       0
       0
       0
       0
       0
       0
       1
       0
       0
       0
       0
       0
       0
       1
       0
       1
       0
       0
       0
       0
       0
       0
       0
       1
       0
       0
       0
       0
       0
       0
       1
       0
       0
       0
       0
       0
       0
       0
       0
       0
       0
       0
       0
       0
       0
       0
       0
       1
       0
       0
       0
       0
       0
       0
       0
       0
       1
       0
       0
       1
       1
       0
       0
       0
       0
       1
       0
       2
       0
       0
       0
       0
       0
       0
       1
       0
       0
       1
       0
       0
       0
       0
       0
       0
       0
       0
       1
       0
       0
       0
       1
       0
       0
       0
       0
       1
       0
       0
       0
       1
       0
       0
       1
       0
       0
       0
       0
       0
       0
       0
       0
       0
       0
       1
       0
       1
       0
       1
       0
       0
       1
       1
       2
       1
       2
       0
       1
       0
       0
       0
       0
       0
       0
       0
       0
       1
       0
       0
       0
       0
       0
       0
       0
       0
       0
       0
       1
       0
       0
       0
       0
       0
       0
       0
       2
       0
       0
       0
       0
       1
       0
       0
       1
       0
       1
       0
       0
       0
       0
       0
       1
       0
       0
       0
       0
       0
       1
       0
       0
       1
       0
       0
       0
       1
       0
       0
       0
       2
       0
       1
       0
       0
       0
       0
       1
       0
       0
       0
       1
       0
       0
       0
       0
       0
       0
       0
       0
       0
       0
       0
       0
       0
       1
       0
       0
       0
       0
       0
       0
       0
       0
       1
       0
       1
       1
       0
       0
       1
       0
       0
       0
       0
       1
       0
       0
       1
       0
       1
       0
       0
       0
       0
       0
       0
       0
       0
       0
       0
       0
       0
       1
       1
       0
       1
       1
       1
       0
       0
       1
       0
       0
       0
       0
       0
       0
       0
       1
       0
       0
       0
       0
       0
       0
       0
       0
       0
       0
       0
       1
       0
       0
       1
       0
       0
       0
       1
       0
       0
       0
       1
       0
       0
       0
       1
       0
       0
       0
       0
       0
       0
       2
       0
       0
       0
       0
       0
       1
       0
       0
       0
       0
       0
       1
       0
       0
       5
       0
       1
       3
       2
       0
       1
       4
       3
       1
       0
       0
       0
       0
       1
       0
       0
       1
       0
       0
       1
       0
       0
       2
       0
       0
       0
       0
       0
       1
       0
       0
       0
       1
       0
       0
       0
       1
       0
       0
       1
       0
       0
       0
       0
       0
       0
       1
       1
       0
       1
       1
       0
       0
       0
       0
       0
       0
       0
       1
       0
       0
       0
       0
       0
       0
       0
       0
       0
       0
       0
       0
       1
       0
       0
       0
       0
       0
       0
       1
       1
       0
       0
       1
       0
       0
       0
       0
       0
       0
       0
       0
       0
       0
       0
       0
       0
       0
       1
       0
       0
       0
       0
       0
       0
       0
       0
       0
       0
       0
       0
       0
       0
       0
       0
       0
       0
       0
       0
       0
       0
       0
       0
       0
       0
       0
       0
       0
       0
       0
       0
       1
       0
       0
       0
       0
       0
       0
       0
       1
       0
       2
       1
       0
       0
       1
       0
       1
       0
       1
       0
       0
       0
       0
       0
       0
       0
       0
       0
       0
       1
       0
       0
       0
       0
       0
       0
       0
       0
       0
       0
       0
       0
       0
       0
       0
       0
       1
       0
       0
       0
       0
       0
       1
       0
       0
       0
       0
       0
       0
       0
       0
       0
       0
       0
       0
       1
       0
       0
       1
       0
       0
       0
       0
       0
       0
       0
       0
       0
       0
       0
       0
       0
       0
       0
       0
       0
       0
       0
       0
       0
       0
       0
       0
       0
       1
       0
       0
       0
       0
       1
       0
       0
       0
       0
       0
       0
       1
       0
       0
       0
       0
       0
       0
       0
       0
       0
       0
       0
       0
       0
       0
       0
       0
       1
       0
       0
       0
       0
       0
       0
       0
       0
       0
       0
       0
       0
       0
       0
       0
       0
       0
       0
       0
       0
       0
       0
       0
       0
       0
       0
       0
       0
       0
       1
       0
       0
       0
       1
       0
       0
       0
       0
       0
       0
       0
       0
       0
       0
       1
       0
       0
       0
       1
       0
       0
       0
       0
       0
       0
       0
       0
       0
       0
       0
       0
       0
       0
       0
       1
       0
       0
       0
       0
       0
       0
       0
       1
       0
       0
       0
       0
       0
       0
       0
       0
       0
       0
       0
       0
       0
       0
       0
       0
       0
       0
       0
       0
       0
       0
       0
       0
       0
       0
       0
       0
       1
       0
       0
       0
       0
       0
       0
       0
       0
       0
       0
       0
       0
       0
       0
       1
       0
       1
       0
       1
       0
       0
       0
       0
       0
       0
       0
       0
       0
       0
       0
       0
       2
       0
       1
       0
       0
       0
       0
       0
       0
       0
       0
       0
       0
       0
       0
       0
       0
       0
       0
       0
       0
       0
       0
       1
       0
       0
       0
       0
       0
       0
       0
       0
       0
       0
       0
       0
       0
       0
       0
       0
       0
       0
       0
       0
       0
       0
       1
       0
       0
       0
       0
       0
       0
       0
       0
       0
       0
       0
       0
       0
       0
       0
       0
       0
       0
       0
       1
       0
       0
       0
       0
       0
       1
       0
       0
       0
       0
       0
       0
       0
       0
       0
       1
       0
       0
       0
       0
       0
       0
       0
       1
       2
       0
       0
       0
       1
       0
       0
       0
       1
       0
       0
       0
       0
       0
       0
       0
       0
       0
       0
       0
       0
       0
       0
       0
       0
       0
       1
       0
       0
       0
       0
       0
       0
       0
       0
       0
       0
       0
       0
       0
       0
       0
       0
       0
       0
       0
       0
       0
       0
       0
       0
       1
       0
       0
       0
       0
       0
       0
       0
       0
       0
       0
       0
       0
       0
       0
       0
       0
       0
       0
       0
       1
       1
       0
       0
       0
       0
       0
       0
       0
       0
       1
       0
       0
       0
       0
       0
       0
       0
       1
       1
       0
       1
       3
       1
       1
       2
       2
       0
       0
       0
       0
       0
       0
       0
       0
       0
       0
       0
       0
       0
       0
       0
       0
       0
       0
       0
       0
       0
       0
       0
       0
       0
       0
       0
       0
       0
       0
       0
       0
       0
       0
       0
       0
       0
       0
       0
       0
       0
       0
       0
       0
       0
       0
       0
       0
       0
       0
       0
       0
       0
       0
       0
       0
       0
       0
       0
       0
       0
       0
       0
       0
       0
       0
       0
       0
       0
       1
       0
       1
       0
       0
       0
       0
       0
       0
       0
       0
       0
       0
       0
       0
       0
       0
       0
       0
       0
       0
       0
       0
       0
       0
       0
       0
       0
       0
       0
       0
       0
       0
       0
       0
       0
       0
       0
       0
       0
       0
       0
       0
       0
       0
       0
       0
       0
       0
       0
       0
       0
       0
       0
       0
       0
       0
       0
       0
       0
       0
       0
       0
       0
       0
       0
       0
       0
       0
       0
       0
       0
       0
       0
       0
       0
       0
       0
       0
       0
       0
       0
       0
       0
       0
       1
       0
       0
       0
       0
       1
       0
       0
       0
       0
       0
       1
       0
       0
       0
       0
       0
       0
       1
       0
       0
       0
       0
       0
       1
       0
       0
       0
       0
       0
       1
       0
       0
       0
       0
       0
       0
       0
       0
       0
       0
       0
       0
       0
       1
       0
       0
       0
       1
       0
       0
       1
       0
       0
       0
       0
       0
       0
       0
       0
       0
       0
       0
       0
       0
       0
       0
       0
       0
       0
       0
       0
       1
       0
       0
       0
       0
       0
       0
       0
       0
       0
       0
       0
       0
       0
       0
       0
       0
       0
       2
       0
       0
       0
       0
       1
       0
       0
       0
       0
       0
       1
       0
       1
       0
       0
       0
       0
       0
       1
       0
       0
       0
       0
       1
       0
       0
       0
       0
       0
       0
       0
       0
       0
       0
       0
       0
       0
       0
       0
       1
       0
       0
       0
       0
       0
       0
       0
       0
       0
       0
       0
       0
       0
       0
       0
       0
       0
       0
       0
       0
       0
       0
       0
       0
       0
       0
       1
       0
       0
       0
       0
       0
       0
       0
       0
       0
       0
       0
       0
       0
       1
       0
       0
       0
       0
       0
       0
       1
       0
       0
       0
       0
       0
       0
       0
       0
       0
       0
       0
       0
       0
       0
       0
       0
       0
       0
       0
       0
       1
       0
       0
       0
       0
       0
       0
       0
       0
       0
       0
       0
       0
       0
       0
       0
       0
       0
       0
       0
       0
       1
       0
       0
       1
       0
       0
       0
       0
       0
       0
       0
       0
       0
       0
       0
       0
       0
       0
       0
       0
       0
       0
       0
       0
       0
       0
       0
       0
       0
       0
       0
       0
       0
       0
       0
       0
       0
       0
       0
       0
       0
       0
       0
       0
       0
       0
       0
       0
       0
       0
       0
       0
       0
       0
       0
       0
       0
       0
       0
       0
       0
       0
       0
       0
       0
       0
       0
       0
       0
       0
       2
       0
       0
       0
       1
       1
       0
       0
       0
       0
       0
       0
       0
       0
       0
       0
       0
       0
       0
       0
       0
       0
       0
       0
       0
       0
       0
       0
       0
       0
       0
       0
       0
       0
       0
       0
       0
       0
       0
       1
       0
       0
       0
       0
       0
       0
       0
       0
       0
       0
       0
       0
       0
       0
       0
       0
       0
       0
       0
       1
       0
       0
       0
       0
       0
       0
       0
       0
       0
       0
       0
       0
       0
       0
       0
       0
       0
       0
       0
       0
       0
       0
       0
       0
       0
       0
       0
       0
       0
       0
       0
       0
       0
       0
       0
       0
       0
       1
       0
       0
       0
       0
       0
       0
       0
       0
       0
       0
       0
       0
       0
       0
       1
       0
       0
       0
       0
       0
       0
       0
       0
       0
       1
       0
       0
       0
       0
       0
       0
       0
       0
       0
       0
       0
       0
       0
       0
       0
       0
       0
       0
       0
       0
       0
       0
       0
       0
       0
       0
       0
       0
       0
       0
       0
       0
       0
       0
       2
       0
       0
       0
       0
       0
       0
       0
       0
       0
       0
       0
       0
       0
       0
       1
       0
       0
       0
       0
       1
       0
       0
       1
       0
       0
       0
       1
       0
       0
       0
       0
       0
       0
       0
       0
       0
       0
       0
       0
       0
       0
       0
       0
       0
       0
       0
       0
       0
       0
       0
       0
       0
       0
       0
       0
       0
       0
       0
       0
       0
       0
       0
       0
       0
       0
       0
       0
       0
       0
       0
       0
       0
       0
       0
       0
       0
       0
       0
       0
       0
       0
       0
       0
       0
       0
       0
       0
       0
       1
       0
       0
       0
       0
       0
       0
       0
       0
       1
       0
       0
       0
       0
       0
       0
       0
       0
       0
       0
       0
       0
       0
       0
       0
       0
       1
       0
       0
       1
       1
       0
       0
       0
       0
       0
       0
       0
       0
       0
       0
       0
       0
       0
       0
       0
       0
       0
       0
       0
       0
       0
       0
       0
       0
       0
       0
       0
       0
       0
       0
       0
       0
       0
       0
       0
       0
       0
       0
       0
       0
       0
       0
       0
       0
       0
       0
       0
       0
       1
       0
       0
       0
       0
       0
       0
       0
       0
       0
       1
       0
       0
       0
       0
       0
       0
       0
       0
       0
       0
       0
       1
       0
       0
       0
       0
       0
       0
       0
       0
       0
       0
       0
       0
       0
       0
       0
       0
       0
       0
       0
       0
       0
       0
       0
       0
       0
       0
       0
       0
       1
       0
       0
       0
       0
       0
       1
       0
       0
       0
       0
       0
       0
       0
       0
       1
       0
       0
       0
       0
       0
       0
       0
       0
       0
       0
       0
       0
       0
       0
       0
       1
       0
       0
       1
       0
       0
       0
       0
       0
       0
       0
       0
       0
       0
       0
       0
       0
       1
       0
       0
       0
       0
       0
       0
       0
       0
       0
       0
       0
       0
       0
       0
       0
       0
       0
       0
       0
       0
       0
       0
       0
       0
       0
       1
       0
       0
       0
       0
       0
       0
       0
       0
       0
       0
       0
       0
       0
       0
       0
       0
       0
       0
       0
       0
       0
       0
       0
       0
       0
       0
       0
       0
       0
       0
       0
       0
       0
       0
       0
       0
       0
       0
       0
       0
       0
       0
       0
       0
       0
       0
       0
       0
       0
       0
       0
       0
       0
       0
       0
       0
       0
       0
       0
       0
       0
       0
       1
       0
       0
       0
       0
       0
       0
       0
       0
       0
       0
       0
       0
       0
       0
       0
       0
       0
       0
       0
       0
       0
       0
       0
       0
       0
       0
       0
       0
       0
       0
       0
       0
       0
       0
       0
       0
       0
       0
       1
       0
       0
       0
       0
       0
       0
       0
       0
       0
       0
       0
       0
       0
       0
       0
       0
       0
       0
       0
       0
       0
       0
       0
       0
       0
       0
       0
       0
       0
       0
       0
       0
       0
       0
       0
       0
       0
       0
       0
       0
       0
       0
       0
       0
       0
       0
       0
       0
       0
       0
       0
       0
       1
       0
       0
       0
       0
       0
       0
       0
       0
       0
       0
       0
       0
       0
       0
       0
       0
       0
       0
       0
       0
       0
       0
       0
       0
       0
       0
       0
       0
       0
       0
       0
       0
       1
       0
       0
       0
       0
       0
       0
       1
       0
       0
       0
       0
       0
       0
       0
       0
       0
       0
       0
       0
       0
       0
       0
       0
       0
       0
       0
       0
       0
       0
       1
       0
       0
       0
       0
       0
       0
       0
       0
       0
       0
       0
       0
       0
       0
       0
       0
       1
       0
       0
       0
       0
       0
       0
       0
       0
       1
       0
       0
       0
       0
       0
       0
       0
       0
       0
       0
       0
       0
       0
       0
       0
       0
       0
       0
       0
       0
       0
       0
       0
       0
       0
       0
       0
       1
       0
       0
       0
       0
       0
       0
       0
       0
       0
       0
       0
       1
       0
       0
       0
       0
       0
       0
       0
       0
       0
       0
       0
       1
       2
       0
       0
       0
       0
       0
       0
       0
       0
       0
       0
       0
       0
       0
       0
       0
       0
       0
       0
       0
       0
       0
       0
       0
       0
       0
       0
       0
       0
       0
       0
       0
       0
       0
       0
       0
       0
       0
       0
       0
       0
       0
       0
       0
       0
       0
       0
       0
       0
       0
       0
       0
       0
       0
       0
       0
       0
       0
       0
       0
       0
       0
       0
       0
       0
       0
       0
       0
       0
       0
       0
       0
       1
       0
       0
       0
       0
       0
       0
       0
       0
       0
       1
       0
       0
       0
       0
       2
       0
       0
       0
       0
       0
       0
       0
       0
       0
       0
       0
       0
       0
       2
       0
       0
       0
       0
       0
       0
       0
       0
       0
       0
       0
       0
       0
       0
       0
       0
       0
       0
       1
       1
       0
       1
       0
       0
       0
       0
       0
       0
       1
       0
       0
       0
       0
       0
       0
       0
       0
       0
       0
       0
       0
       0
       0
       0
       0
       0
       0
       0
       0
       0
       0
       0
       0
       0
       0
       0
       0
       0
       0
       0
       0
       0
       0
       0
       0
       0
       0
       0
       0
       0
       0
       0
       0
       0
       0
       0
       0
       0
       0
       0
       0
       0
       0
       0
       0
       0
       0
       0
       0
       0
       0
       0
       0
       0
       0
       0
       0
       0
       0
       0
       0
       0
       0
       0
       0
       0
       0
       0
       0
       0
       0
       0
       0
       0
       0
       0
       0
       0
       0
       0
       0
       0
       0
       0
       0
       0
       0
       0
       0
       0
       0
       0
       0
       0
       0
       0
       0
       0
       0
       0
       0
       0
       0
       0
       0
       0
       0
       0
       0
       0
       0
       0
       0
       0
       0
       0
       0
       0
       0
       0
       0
       0
       0
       0
       0
       0
       0
       0
       0
       0
       0
       0
       0
       0
       0
       0
       0
       0
       0
       0
       0
       0
       0
       0
       0
       0
       0
       0
       0
       0
       0
       0
       0
       0
       0
       0
       0
       0
       0
       0
       0
       0
       0
       0
       0
$ROI:
0
$PRESETS:
Real Time
180
0
$ENER_FIT:
0.888569 0.390988
$MCA_CAL:
3
8.885689E-001 3.909876E-001 3.191953E-008 keV
$SHAPE_CAL:
3
0.000000E+000 0.000000E+000 0.000000E+000
