$SPEC_ID:
1
$SPEC_REM:
DET# 2
DETDESC# MCB 130 Normal
AP# Maestro Version 7.01
$DATE_MEA:
09/11/2019 06:26:06
$MEAS_TIM:
178 180
$DATA:
0 8191
       0
       0
       0
       0
       0
       0
       0
       0
       0
       0
       0
       0
       0
       0
       0
       0
       0
       0
       0
       0
       0
       0
       0
       0
       0
       0
       6
     224
      71
      36
      53
      59
      84
     138
     127
      85
      65
      67
      65
      79
      77
      93
     127
     137
     155
      93
      66
      60
      59
      64
      55
      56
      79
      67
      56
      55
      51
      54
      79
      71
      85
      54
      49
      43
      46
      56
      51
      57
      45
      51
      52
      73
      59
      61
      58
      60
      57
      46
      57
      41
      54
      47
      49
      39
      35
      41
      57
      69
      71
      83
      84
      70
      56
      49
      50
      49
      40
      45
      51
      67
      46
      62
      62
      56
      42
      48
      45
      52
      43
      46
      40
      53
      47
      54
      55
      54
      49
      56
      60
      44
      40
      53
      39
      60
      58
      51
      52
      50
      56
      63
      49
      66
      62
      56
      50
      53
      49
      53
      58
      58
      54
      59
      52
      69
      84
      96
      83
      57
      64
      54
      90
      77
      77
      74
      60
      72
      72
      66
      76
      72
      90
      78
      73
      74
      78
      63
      72
      73
      82
      75
      74
      76
      74
      68
      76
      85
      75
      92
      91
      70
      85
      79
      69
     104
      98
     108
      90
     105
      79
     107
     129
     105
      85
      99
      95
      99
     105
      98
      98
     104
     101
     104
      88
     106
     126
     118
     126
     115
     107
     103
     117
     101
      95
     123
     127
     130
      95
      96
      85
     110
     121
     135
     115
      86
     127
      94
     107
      95
      91
     108
     113
      94
      85
     115
     107
     105
     103
     106
     126
     135
     120
     133
     104
     109
     115
     118
      85
     112
     112
     133
     133
     185
     237
     267
     233
     152
     107
     101
     102
     119
     115
     126
     198
     354
     362
     260
     142
     130
     209
     346
     474
     296
     126
     104
      93
      99
      77
      85
     106
     122
      98
      98
      83
      98
      93
      96
      88
      83
     103
      77
      93
      94
     101
      76
      82
     106
     123
     132
     138
     125
     104
      87
      78
      77
      86
      81
     101
     111
     105
      80
      89
      90
      93
      69
      81
     103
      81
      80
      85
      85
      79
      68
      74
      60
      77
      69
      65
      91
      74
      71
      77
      86
      72
      88
      62
      80
      72
      69
      98
      66
      72
      71
      70
      72
      77
      76
      68
      76
      67
      85
      82
      62
      85
      68
      69
      75
     105
     152
     156
     128
      84
      90
      75
      70
      80
      59
      69
      58
      63
      77
      85
      66
      63
      71
      72
      73
      58
      64
      59
      65
      75
      80
      67
      63
      66
      67
      68
      74
      63
      51
      46
      62
      66
      53
      68
      69
      70
      59
      59
      59
      71
      74
      51
      58
      47
      57
      63
      49
      60
      56
      64
      60
      62
      59
      57
      58
      53
      53
      54
      54
      68
      45
      48
      64
      47
      44
      60
      51
      54
      51
      50
      43
      57
      51
      49
      53
      44
      57
      53
      56
      47
      38
      45
      51
      47
      51
      58
      50
      38
      43
      42
      46
      35
      55
      47
      33
      42
      43
      32
      44
      36
      51
      47
      51
      36
      52
      54
      45
      55
      55
      42
      40
      35
      34
      49
      49
      50
      40
      62
      49
      43
      35
      45
      46
      42
      38
      44
      36
      40
      46
      38
      42
      37
      29
      37
      48
      30
      52
      38
      34
      43
      43
      48
      47
      46
      43
      47
      30
      45
      43
      28
      30
      42
      41
      24
      39
      36
      38
      45
      34
      35
      46
      40
      40
      45
      47
      35
      31
      37
      28
      23
      43
      41
      37
      54
      70
      61
      45
      30
      34
      32
      30
      34
      36
      28
      36
      43
      35
      44
      34
      39
      34
      31
      35
      37
      25
      25
      35
      39
      25
      21
      27
      39
      33
      35
      41
      23
      30
      40
      36
      31
      28
      28
      28
      23
      36
      18
      36
      27
      39
      56
      91
     186
     149
     115
      52
      24
      23
      30
      39
      32
      38
      38
      19
      25
      28
      21
      28
      26
      21
      24
      34
      25
      29
      24
      32
      30
      24
      33
      41
      47
      37
      37
      23
      35
      37
      31
      37
      33
      25
      33
      28
      16
      26
      22
      34
      32
      27
      18
      21
      25
      17
      30
      15
      19
      37
      36
      93
      72
      50
      28
      23
      24
      22
      15
      23
      19
      23
      14
      27
      20
      17
      28
      29
      20
      18
      23
      22
      25
      19
      25
      30
      18
      22
      18
      18
      27
      22
      17
      23
      27
      16
      22
      29
      20
      25
      19
      13
      20
      19
      16
      29
      33
      22
      16
      14
      14
      22
      18
      15
      21
      24
      21
      18
      18
      14
      20
      27
      27
      19
      19
      26
      24
      20
      20
      20
      24
      71
     109
     127
     100
      45
      24
      20
      17
      14
      26
      15
      20
      15
      14
      19
      11
      17
      17
      10
      18
      13
      23
      21
      13
      18
      19
      19
      22
      18
      14
      18
      17
      21
      17
      19
      10
      11
      14
      20
      23
      29
      33
      37
      33
      29
      19
      21
      34
      40
      41
      30
      24
      18
      22
      21
      58
      59
      39
      24
      16
      22
      18
      18
      18
      20
      11
      19
      15
      13
      18
      11
      12
      12
      16
      15
      18
      13
      18
      16
      15
      25
      43
      27
      22
      20
      13
      11
      14
      11
      12
      14
       7
      11
      10
      12
      13
      15
      12
      34
      35
      43
      59
      62
      33
      13
      24
      14
      16
      12
      17
      19
      14
      14
      14
       7
      15
      18
      14
      13
      15
      12
      16
      12
       8
      11
      19
      15
      17
      16
      17
      12
      14
      14
      17
      16
      11
      14
      13
      18
      19
      14
      14
      17
      10
      12
      20
      16
      21
      17
       9
      14
      14
      13
      17
      13
       9
      14
      13
      12
      13
      18
       8
      17
      13
      10
      10
      12
      13
      11
      13
       8
      15
      11
      15
      10
      10
       9
       8
      12
       9
      11
      13
      12
       7
       6
       9
       7
      13
      14
      16
      14
      19
      24
      20
      18
      14
      12
       7
      10
       7
       9
       6
      15
      10
       8
      11
       9
      10
       8
       7
       4
      12
      13
       8
      12
       8
       9
      11
      10
       8
      13
       5
      16
      13
      19
      16
      17
       8
      14
      17
      11
       7
       9
       7
       7
      10
       6
      11
       8
       5
       5
       3
       7
      11
       7
       8
       7
       9
       3
       9
      10
       9
       4
       9
       9
       5
       6
       6
       9
       6
      14
       7
       6
       4
      10
       5
       4
       2
       3
      10
       5
       7
       8
       7
      13
       5
       9
       7
      10
       9
      14
       7
       9
      17
       5
       8
       9
       7
       8
       5
       4
      15
       6
       5
       5
       5
       9
       9
      11
       8
      10
       7
      12
       5
       9
       8
       9
       6
      10
       4
      12
       4
       9
       5
      11
       9
      12
       8
       8
       6
       9
      10
       3
       5
       3
       3
       8
       8
       9
       6
       6
       6
       9
       8
       8
       8
       3
       6
       5
       9
      12
      12
      12
       3
       5
       8
      13
      10
      10
       6
      11
      11
       5
      10
      11
       6
       6
       6
      11
       7
       9
      11
      12
       5
       5
       3
       2
      13
       6
       7
       6
       9
       6
       5
       9
       7
       6
       5
      12
       7
      11
       7
       5
       5
      10
       6
      11
       7
       9
       8
       5
       6
       7
       6
       4
      12
       5
       7
       6
       8
       3
       2
      14
       8
       5
      10
       9
       7
       3
       9
       8
      13
       2
       5
       5
      11
       7
       9
       5
       5
       2
       8
       5
       6
       7
       6
       7
       3
       6
       3
       3
       8
       8
       6
       4
      10
       4
      11
       8
       8
       9
       7
       5
       4
       7
       5
       9
       4
       6
       4
       8
       4
       6
       8
      10
      10
      10
       4
       5
       3
       4
       8
       8
       8
       1
       2
       7
       7
       7
       5
       7
       8
       5
       7
       8
      10
       8
       9
       5
      10
       6
       4
       4
       4
      13
       5
       6
       4
      10
      21
      17
      13
       8
       7
       7
       9
       6
       3
       5
      10
       9
      11
       8
       2
       1
       6
       8
       6
       9
       7
       9
       7
       4
       5
       2
       9
       8
       8
       3
       4
       5
       2
       2
       7
       8
      11
       5
       9
       8
       5
       4
       9
       3
       4
       6
       3
       5
       6
      13
       6
       6
       0
       8
       1
       3
       5
       3
       2
       3
       5
       1
       6
       4
      11
       7
       8
       4
       7
       4
       2
       3
       6
      14
      16
       7
      12
      15
      13
       2
       8
       6
       6
       3
       7
       2
       4
       4
       3
       3
       2
       7
       5
       4
       6
       8
       8
       3
       3
       3
       7
       5
       7
       4
       8
       2
       2
       8
       2
       7
      10
       6
       8
       8
       8
       6
       7
       9
       4
       7
       4
       6
       4
       2
       3
       3
       5
       1
       4
       7
       7
       2
       2
       4
       1
       3
       6
       2
       6
       7
       5
       7
       7
      10
       2
       2
       5
       2
       5
       7
       4
       4
       3
       5
       4
       9
      16
      16
      32
      41
      31
       9
      15
       5
       5
       4
       4
       2
       6
       5
       6
       2
       7
       2
       6
       2
       3
       5
      10
       7
       9
       1
       9
       7
       2
       8
       4
       7
       3
       1
       3
       3
       6
       3
       5
       6
       3
       8
       2
       7
       7
       3
       5
       2
       6
       4
       4
       1
       3
       7
       3
       5
       5
       4
       2
       3
       4
       5
       6
       6
       3
       6
       2
       9
      15
      13
      12
       5
       8
       5
       5
       3
       3
       2
       3
       3
       5
       1
       3
       3
       7
       6
       5
       5
       5
       4
       9
       4
       7
       6
       0
       0
       4
       2
       3
       3
       7
       1
       2
       6
       3
       5
       2
       3
       5
       3
       3
       3
       4
       5
       1
       2
       2
       8
       1
       1
       3
       3
       7
       1
       2
       3
       3
       5
       2
       4
       3
       8
       3
       2
       3
       2
       4
       2
      11
      11
      10
       7
       6
       4
       5
       2
       2
       2
       4
       2
       3
       2
       4
       2
       7
       6
       4
       5
       4
       0
       2
       3
       4
       8
       4
       2
       3
       3
       1
       5
       2
       6
       1
       1
       3
       1
       7
       7
       5
       1
       4
       3
       5
       3
       5
       2
       2
       1
       3
       1
       5
       2
       1
       1
       7
       4
       8
       2
       3
       4
       5
       4
       1
       7
       8
      16
      27
      21
      10
       3
       3
       1
       5
       4
       3
      10
       2
       6
       1
       4
       3
       3
       4
       5
       4
       3
       3
       2
       2
       2
       2
       2
       1
       3
       2
       3
       4
       4
       0
       5
       2
       2
       0
       2
       6
       4
       3
       2
       4
       4
       3
       5
       4
       3
       4
       2
       3
       2
       4
       6
       4
       3
       4
       5
       4
       8
       3
       2
       3
       3
       0
       1
       5
       3
       5
       4
       3
       3
       1
       5
       3
       5
       2
       1
       1
       1
       1
       1
       3
       2
       4
       2
       6
       1
       3
       2
       4
       1
       6
       2
       5
       1
       2
       2
       3
       4
       2
       1
       3
       3
       4
       6
       2
       5
       2
       2
       2
       1
       5
       5
       2
       0
       4
       2
       2
       3
       2
       6
       3
       7
      25
      24
      22
      13
       8
       3
       0
       1
       3
       6
       3
       3
       1
       1
       3
       1
       4
       6
       3
       1
       6
       3
       3
       3
      12
      23
      19
      11
       8
       6
       2
       6
       0
       1
       4
       3
       4
       1
       5
       3
       3
       4
       1
       5
       6
       3
       3
       1
       4
       2
       4
       4
       1
       4
       3
       7
       1
       1
       3
       4
       2
       0
       1
       1
       2
       4
       6
       4
       1
       3
       1
       1
       3
       4
       3
       0
       4
       1
       6
       1
       2
       3
       6
       3
       4
       4
       4
       1
       1
       5
       0
       1
       2
       4
       0
       3
       2
       3
       3
       0
       3
       2
       0
       5
       2
       1
       3
       3
       3
       3
       2
       2
       1
       4
       2
       3
       3
       1
       1
       3
       3
       2
       1
       3
       4
       2
       6
       2
       2
       1
       1
       0
       5
       2
       2
       0
       3
       0
       2
       2
       1
       2
       3
       1
       1
       1
       4
       3
       3
       4
       3
       4
       2
       1
       4
       0
       4
       1
       3
       3
       4
       5
       3
       2
       4
       6
       4
       2
       3
       2
       5
       3
       2
       1
       3
       6
       7
       4
       1
       4
       5
       2
       2
       5
       1
       1
       4
       4
       0
       0
       3
       0
       0
       2
       2
       2
       2
       2
       3
       2
       2
       2
       4
       4
       0
       4
       4
       2
       4
       5
       4
       5
       3
       1
       3
       1
       4
      12
      14
      19
      23
      13
       6
       5
       5
       2
       3
       3
       2
       3
       2
       1
       3
       3
       5
       6
       3
       3
       1
       5
       2
       4
       5
       2
       2
       3
       3
       3
       0
       2
       1
       3
       4
       1
       2
       5
       0
       4
       1
       2
       1
       1
       4
       1
       3
       3
       4
       0
       2
       0
       1
       2
       3
       1
       5
       2
       4
       4
       2
       1
       4
       3
       2
       4
       3
       4
       5
       2
       3
       3
       6
       0
       3
      12
       6
       8
       5
       5
       3
       0
       0
       3
       2
       0
       2
       2
       0
       1
       3
       3
       3
       0
       2
       2
       5
       0
       1
       2
       4
       0
       3
       3
       3
       1
       0
       0
       4
       2
       3
       2
       2
       5
       4
       1
       3
       0
       2
       0
       3
       1
       0
       2
       0
       3
       1
       4
       3
       2
       5
       4
       6
       1
       2
       8
       4
       0
       3
       3
       5
       3
       4
       2
       3
       1
       0
       3
       2
       0
       1
       1
       2
       1
       1
       0
       0
       4
       1
       1
       1
       0
       1
       0
       2
       1
       3
       4
       0
       1
       1
       1
       0
       3
       3
       4
       1
       2
       3
       3
       2
       2
       3
       2
       3
       5
       2
       2
       1
       1
       4
       1
       0
       0
       2
       0
       1
       1
       0
       0
       3
       1
       3
       0
       2
       0
       2
       0
       0
       2
       2
       0
       1
       1
       1
       4
       1
       2
       0
       2
       1
       1
       2
       2
       1
       1
       1
       3
       4
       3
       2
       3
       3
       1
       0
       1
       5
       3
       2
       4
       6
       1
       4
       1
       0
       3
       0
       1
       3
       2
       0
       0
       1
       2
       2
       2
       0
       0
       0
       1
       1
       1
       2
       1
       0
       0
       0
       3
       0
       3
       0
       2
       1
       1
       3
       1
       3
       1
       0
       2
       1
       3
       2
       4
       0
       2
       1
       1
       4
       1
       0
       3
       3
       0
       1
       3
       2
       2
       0
       6
       0
       3
       4
       0
       0
       2
       2
       0
       0
       0
       1
       3
       1
       0
       1
       2
       2
       3
       2
       0
       2
       1
       2
       1
       0
       2
       0
       2
       1
       0
       1
       2
       1
       2
       0
       3
       2
       1
       2
       6
       2
       1
       4
       2
       2
       1
       5
       5
       8
      13
      10
       6
       0
       6
       1
       2
       1
       1
       2
       3
       2
       1
       0
       0
       2
       0
       0
       1
       2
       1
       1
       2
       3
       5
       2
       3
      11
       2
       1
       1
       2
       0
       2
       0
       1
       1
       1
       0
       1
       5
       3
       2
       0
       2
       3
       1
       0
       3
       2
       2
       2
       0
       1
       0
       0
       2
       0
       1
       2
       3
       3
       2
       3
       1
       1
       0
       2
       1
       2
       0
       4
       4
       1
       1
       2
       1
       0
       2
       1
       2
       6
       3
       7
       5
       2
       4
       3
       2
       0
       2
       2
       0
       2
       0
       0
       1
       1
       5
       1
       1
       5
       0
       1
       0
       1
       0
       1
       0
       1
       2
       3
       0
       5
       1
       1
       2
       0
       1
       2
       1
       2
       1
       2
       3
       1
       0
       1
       2
       2
       2
       0
       0
       1
       1
       1
       1
       2
       2
       1
       3
       3
       3
       1
       0
       2
       2
       2
       3
       1
       2
       3
       3
       3
       0
       1
       1
       0
       1
       1
       0
       1
       1
       1
       1
       3
       1
       0
       1
       1
       0
       2
       1
       3
       0
       3
       0
       1
       0
       1
       1
       0
       4
       2
       1
       3
       2
       0
       0
       1
       0
       2
       2
       5
       3
       3
       1
       1
       1
       0
       0
       2
       1
       1
       1
       1
       0
       1
       1
       0
       7
       3
       3
       5
       9
       4
       1
       3
       1
       5
       5
       7
       5
       4
      11
       8
       5
       2
       4
       6
       3
       0
       4
       1
       1
       0
       1
       0
       2
       3
       1
       1
       0
       2
       1
       3
       3
       3
       3
       3
       1
       1
       1
       1
       3
       2
       2
       1
       2
       1
       3
       1
       2
       3
       1
       0
       0
       3
       2
       1
       1
       1
       0
       2
       1
       1
       2
       0
       0
       2
       2
       2
       1
       3
       1
       1
       2
       0
       0
       0
       0
       1
       1
       2
       0
       1
       0
       0
       1
       0
       1
       1
       0
       0
       0
       1
       1
       2
       1
       3
       0
       0
       2
       0
       3
       2
       1
       2
       2
       1
       1
       1
       1
       3
       1
       1
       2
       1
       1
       0
       1
       2
       0
       1
       2
       2
       0
       1
       1
       1
       0
       1
       0
       0
       0
       1
       2
       0
       0
       0
       2
       0
       0
       0
       0
       0
       0
       0
       0
       0
       0
       2
       1
       2
       1
       2
       0
       0
       2
       0
       1
       1
       2
       2
       4
       1
       2
       4
       2
       2
       0
       1
       1
       0
       1
       1
       3
       0
       2
       1
       0
       0
       0
       0
       1
       0
       1
       0
       0
       0
       0
       0
       1
       1
       0
       1
       3
       1
       1
       1
       0
       2
       0
       3
       2
       1
       1
       1
       1
       1
       0
       1
       2
       1
       1
       0
       1
       1
       1
       0
       2
       1
       0
       2
       1
       2
       1
       1
       1
       1
       1
       0
       4
       0
       1
       2
       1
       0
       1
       0
       0
       2
       2
       0
       4
       2
       1
       1
       2
       3
       0
       1
       1
       0
       1
       0
       0
       1
       1
       0
       2
       0
       0
       0
       1
       0
       2
       0
       1
       1
       0
       1
       0
       0
       1
       2
       0
       1
       1
       1
       0
       6
       0
       2
       1
       1
       2
       2
       3
       0
       0
       2
       0
       1
       2
       2
       1
       0
       1
       0
       2
       2
       2
       3
       0
       3
       0
       2
       2
       0
       1
       3
       1
       0
       0
       2
       1
       1
       0
       2
       1
       0
       1
       1
       1
       1
       0
       1
       1
       1
       0
       0
       1
       1
       0
       1
       1
       1
       1
       1
       0
       0
       0
       0
       1
       0
       0
       2
       1
       1
       0
       2
       1
       3
       0
       3
       0
       1
       3
       1
       1
       3
       1
       4
       1
       5
       2
       1
       1
       0
       1
       2
       0
       3
       1
       0
       1
       0
       2
       2
       3
       2
       3
       0
       0
       0
       0
       1
       3
       0
       1
       1
       3
       1
       1
       0
       1
       1
       0
       0
       1
       2
       1
       3
       7
      10
       5
       9
       5
       7
       3
       1
       2
       2
       1
       0
       0
       0
       1
       0
       1
       3
       1
       0
       0
       0
       0
       2
       0
       0
       0
       3
       2
       2
       0
       2
       1
       0
       0
       2
       3
       0
       0
       0
       0
       2
       0
       1
       1
       1
       1
       1
       1
       2
       0
       0
       3
       2
       1
       2
       2
       1
       0
       0
       0
       1
       2
       0
       2
       0
       2
       2
       0
       1
       0
       0
       1
       2
       0
       0
       1
       1
       3
       0
       1
       0
       2
       1
       0
       0
       2
       0
       0
       0
       1
       1
       0
       2
       3
       1
       0
       0
       2
       0
       0
       3
       0
       1
       3
       3
       1
       0
       2
       1
       1
       4
       0
       1
       0
       3
       1
       1
       1
       0
       1
       1
       3
       1
       0
       0
       0
       2
       0
       2
       0
       0
       1
       2
       1
       0
       2
       1
       3
       7
       9
       3
       0
       3
       1
       0
       1
       4
       6
       4
       4
      11
       7
       2
       3
       4
       0
       1
       1
       1
       0
       0
       4
       0
       1
       0
       0
       1
       1
       1
       0
       1
       0
       2
       2
       3
       3
       0
       0
       1
       0
       1
       1
       1
       4
       0
       2
       1
       0
       1
       0
       1
       1
       2
       1
       0
       3
       1
       0
       0
       0
       0
       0
       1
       0
       1
       1
       3
       3
       1
       3
       3
       0
       0
       0
       2
       1
       0
       0
       1
       0
       0
       0
       0
       3
       2
       3
       0
       2
       1
       1
       2
       1
       1
       0
       0
       1
       0
       0
       0
       0
       0
       1
       0
       0
       1
       1
       1
       0
       2
       0
       1
       1
       2
       0
       0
       1
       1
       0
       0
       0
       1
       1
       0
       1
       0
       1
       0
       1
       0
       0
       1
       1
       1
       2
       2
       0
       1
       1
       0
       0
       0
       0
       1
       1
       0
       1
       3
       1
       0
       2
       1
       0
       3
       0
       1
       2
       0
       0
       1
       1
       0
       2
       2
       2
       4
       4
       1
       0
       1
       2
       3
       1
       0
       2
       0
       0
       0
       0
       1
       3
       0
       3
       2
       0
       2
       0
       0
       1
       0
       1
       2
       0
       2
       0
       1
       0
       1
       0
       1
       0
       0
       1
       1
       1
       1
       3
       0
       0
       0
       0
       0
       1
       0
       1
       0
       0
       1
       0
       1
       1
       0
       1
       1
       0
       1
       0
       0
       0
       0
       0
       0
       1
       0
       0
       0
       1
       0
       0
       1
       0
       0
       0
       2
       1
       0
       1
       1
       2
       1
       5
       3
       2
       0
       1
       4
       2
       1
       0
       0
       0
       1
       1
       4
       1
       0
       2
       1
       0
       0
       0
       0
       0
       0
       1
       0
       1
       0
       0
       0
       3
       1
       0
       0
       2
       0
       0
       0
       2
       0
       0
       1
       1
       0
       0
       0
       3
       0
       1
       2
       1
       1
       0
       2
       1
       1
       1
       0
       0
       0
       0
       1
       0
       0
       0
       1
       1
       0
       1
       0
       3
       0
       0
       0
       0
       0
       0
       0
       0
       0
       0
       1
       0
       1
       0
       1
       1
       1
       1
       0
       0
       1
       1
       0
       0
       1
       1
       0
       0
       3
       1
       0
       0
       2
       1
       0
       0
       1
       0
       1
       1
       0
       1
       0
       0
       1
       0
       1
       0
       1
       2
       0
       2
       0
       0
       4
       1
       1
       1
       1
       0
       1
       0
       0
       0
       0
       0
       0
       0
       0
       0
       1
       0
       1
       1
       2
       0
       0
       1
       1
       0
       0
       0
       2
       2
       6
       8
       9
       5
       5
       2
       0
       0
       2
       1
       1
       1
       0
       0
       0
       0
       0
       0
       0
       0
       1
       0
       1
       0
       1
       0
       0
       0
       0
       0
       1
       0
       0
       0
       0
       0
       0
       0
       0
       0
       1
       1
       0
       0
       0
       1
       0
       1
       0
       1
       0
       0
       0
       0
       2
       0
       0
       0
       0
       0
       0
       0
       0
       0
       1
       0
       0
       2
       1
       0
       0
       1
       0
       0
       0
       2
       0
       1
       0
       1
       0
       0
       1
       0
       0
       1
       1
       0
       0
       2
       1
       0
       0
       0
       0
       0
       0
       0
       0
       0
       0
       0
       1
       3
       0
       0
       1
       1
       0
       0
       0
       0
       0
       1
       0
       0
       0
       0
       0
       0
       1
       0
       0
       0
       0
       0
       0
       0
       0
       0
       0
       0
       0
       0
       1
       1
       0
       0
       0
       0
       0
       1
       0
       1
       0
       0
       0
       0
       0
       0
       1
       1
       0
       0
       0
       0
       0
       2
       1
       0
       0
       1
       0
       0
       0
       0
       0
       0
       0
       1
       2
       1
       0
       1
       1
       0
       0
       1
       1
       2
       0
       1
       1
       0
       1
       0
       1
       1
       1
       0
       1
       0
       0
       2
       2
       0
       0
       1
       0
       0
       0
       0
       0
       1
       0
       1
       0
       0
       0
       0
       1
       0
       0
       0
       0
       0
       1
       0
       0
       0
       1
       0
       0
       0
       0
       0
       0
       0
       0
       1
       0
       0
       1
       0
       0
       0
       0
       0
       0
       0
       0
       0
       0
       0
       1
       0
       1
       1
       0
       2
       0
       0
       0
       0
       0
       1
       0
       0
       0
       0
       0
       1
       0
       0
       0
       0
       0
       0
       0
       0
       0
       0
       0
       2
       2
       0
       1
       0
       0
       0
       1
       0
       1
       0
       1
       1
       0
       1
       0
       0
       0
       1
       0
       0
       0
       1
       0
       0
       1
       0
       0
       0
       0
       0
       0
       0
       1
       0
       0
       0
       0
       0
       0
       0
       0
       0
       1
       0
       2
       1
       1
       1
       0
       1
       2
       3
       7
       9
      19
      23
      29
      19
      18
       2
       3
       0
       0
       1
       0
       0
       0
       0
       0
       0
       0
       0
       0
       0
       0
       0
       0
       0
       0
       0
       0
       0
       0
       0
       0
       0
       0
       1
       0
       0
       0
       0
       0
       0
       0
       0
       0
       0
       0
       0
       0
       0
       0
       0
       1
       0
       0
       0
       0
       0
       0
       1
       0
       0
       0
       0
       0
       0
       0
       1
       1
       0
       0
       1
       0
       0
       0
       0
       1
       0
       0
       0
       0
       0
       0
       0
       0
       0
       1
       1
       0
       0
       0
       0
       0
       0
       1
       1
       1
       0
       1
       0
       1
       0
       0
       0
       1
       0
       0
       0
       0
       0
       1
       0
       0
       0
       0
       0
       0
       0
       0
       0
       0
       0
       0
       0
       0
       0
       0
       2
       0
       0
       0
       0
       0
       0
       0
       0
       0
       0
       1
       0
       0
       0
       0
       1
       2
       0
       0
       0
       0
       0
       0
       0
       1
       0
       0
       0
       0
       0
       0
       0
       0
       0
       0
       0
       0
       0
       0
       0
       0
       0
       0
       1
       0
       0
       0
       0
       0
       0
       0
       0
       0
       0
       0
       2
       0
       0
       0
       0
       0
       1
       0
       0
       0
       0
       0
       0
       0
       0
       0
       0
       0
       0
       0
       2
       0
       0
       0
       0
       0
       0
       0
       0
       0
       1
       0
       0
       0
       0
       0
       0
       0
       0
       1
       0
       0
       0
       0
       0
       1
       1
       0
       0
       0
       1
       0
       0
       0
       0
       0
       0
       0
       0
       0
       0
       0
       0
       0
       0
       0
       1
       0
       0
       0
       0
       0
       1
       0
       0
       0
       0
       1
       0
       0
       0
       0
       1
       0
       0
       0
       0
       0
       1
       0
       0
       0
       0
       0
       0
       0
       0
       0
       0
       0
       0
       0
       0
       0
       0
       0
       0
       0
       0
       0
       0
       0
       0
       1
       0
       0
       0
       0
       0
       0
       1
       0
       1
       0
       0
       0
       1
       1
       0
       1
       0
       0
       0
       1
       0
       0
       0
       1
       0
       0
       0
       0
       0
       1
       0
       0
       0
       0
       0
       0
       0
       0
       0
       0
       0
       0
       0
       0
       0
       0
       0
       0
       0
       1
       2
       0
       2
       2
       1
       2
       1
       0
       1
       1
       0
       0
       0
       0
       0
       0
       0
       0
       0
       1
       0
       0
       0
       0
       1
       0
       0
       0
       0
       0
       0
       0
       0
       0
       0
       0
       0
       0
       0
       0
       0
       0
       0
       0
       0
       0
       0
       0
       0
       0
       0
       0
       0
       0
       0
       0
       0
       0
       0
       0
       0
       0
       0
       0
       0
       0
       0
       0
       1
       1
       0
       0
       0
       1
       0
       0
       0
       0
       0
       1
       1
       0
       0
       0
       0
       0
       0
       0
       0
       1
       1
       0
       0
       0
       0
       1
       0
       0
       0
       1
       0
       0
       0
       0
       0
       0
       0
       0
       0
       1
       0
       0
       0
       1
       0
       1
       0
       0
       0
       0
       0
       0
       1
       0
       0
       0
       0
       0
       0
       0
       0
       0
       1
       0
       0
       0
       0
       1
       1
       0
       0
       0
       0
       0
       1
       0
       0
       0
       0
       0
       0
       0
       0
       0
       0
       0
       0
       0
       0
       0
       0
       0
       0
       0
       0
       0
       0
       0
       1
       0
       0
       0
       0
       0
       0
       0
       0
       0
       0
       0
       0
       0
       0
       0
       0
       0
       0
       0
       0
       0
       0
       0
       0
       0
       0
       0
       0
       0
       1
       0
       0
       0
       0
       0
       0
       0
       0
       0
       0
       0
       0
       0
       0
       0
       0
       1
       0
       0
       0
       0
       0
       0
       0
       0
       0
       0
       0
       0
       0
       0
       0
       0
       0
       0
       0
       0
       0
       1
       0
       0
       0
       0
       0
       0
       0
       0
       0
       0
       0
       0
       0
       0
       0
       0
       0
       0
       0
       1
       0
       0
       0
       0
       0
       0
       0
       0
       0
       0
       0
       0
       1
       0
       0
       1
       0
       0
       0
       0
       0
       0
       0
       0
       0
       0
       0
       0
       0
       0
       0
       0
       0
       0
       0
       0
       0
       0
       0
       0
       0
       0
       0
       0
       0
       0
       0
       1
       1
       0
       0
       0
       0
       0
       0
       0
       0
       0
       0
       0
       0
       0
       1
       0
       0
       0
       0
       0
       0
       0
       0
       0
       0
       0
       0
       0
       0
       0
       0
       0
       0
       0
       0
       0
       0
       0
       0
       0
       0
       0
       0
       0
       1
       0
       0
       0
       0
       0
       0
       0
       1
       1
       0
       0
       1
       0
       0
       0
       0
       0
       0
       0
       0
       0
       1
       0
       0
       0
       0
       0
       0
       0
       0
       0
       0
       2
       1
       0
       0
       0
       0
       0
       0
       0
       0
       1
       0
       0
       1
       0
       0
       0
       0
       1
       1
       0
       0
       0
       0
       0
       0
       0
       0
       0
       0
       0
       1
       0
       1
       0
       0
       0
       1
       0
       0
       0
       0
       0
       1
       0
       0
       1
       1
       0
       2
       5
       2
       1
       4
       3
       2
       0
       0
       1
       1
       0
       0
       0
       0
       0
       0
       2
       0
       0
       1
       0
       0
       0
       0
       0
       0
       0
       0
       0
       0
       0
       0
       0
       0
       0
       0
       0
       0
       0
       1
       0
       0
       0
       0
       0
       0
       0
       0
       0
       0
       0
       0
       0
       0
       0
       0
       0
       0
       0
       0
       0
       0
       1
       0
       0
       0
       0
       0
       0
       0
       0
       1
       0
       0
       0
       0
       0
       0
       0
       0
       0
       0
       0
       0
       0
       0
       0
       0
       0
       0
       0
       0
       0
       1
       0
       0
       0
       0
       0
       0
       0
       0
       0
       0
       0
       0
       0
       0
       0
       0
       0
       0
       0
       0
       0
       0
       0
       1
       0
       0
       0
       0
       0
       0
       0
       0
       0
       0
       0
       0
       0
       0
       0
       0
       0
       0
       0
       0
       0
       0
       0
       0
       0
       0
       0
       0
       0
       0
       0
       0
       0
       0
       0
       0
       0
       0
       0
       0
       0
       0
       0
       0
       0
       0
       0
       0
       0
       2
       0
       0
       0
       0
       0
       0
       0
       0
       0
       0
       1
       0
       0
       0
       0
       0
       0
       0
       0
       1
       0
       0
       0
       0
       0
       0
       0
       0
       0
       0
       0
       0
       0
       0
       0
       0
       0
       0
       0
       0
       0
       0
       0
       0
       1
       0
       1
       0
       0
       0
       0
       0
       0
       0
       0
       0
       0
       0
       0
       0
       0
       0
       0
       0
       0
       0
       0
       0
       0
       0
       0
       0
       0
       0
       0
       0
       0
       0
       0
       0
       0
       0
       0
       0
       0
       0
       0
       0
       0
       0
       0
       0
       0
       0
       0
       0
       0
       0
       0
       0
       0
       0
       1
       0
       0
       0
       0
       0
       0
       0
       0
       0
       0
       0
       1
       0
       0
       0
       0
       1
       0
       0
       0
       0
       0
       0
       0
       0
       0
       0
       0
       0
       0
       1
       0
       0
       0
       0
       0
       0
       0
       0
       0
       0
       0
       0
       1
       0
       0
       0
       0
       0
       0
       0
       1
       1
       0
       0
       0
       0
       0
       0
       0
       0
       0
       1
       0
       0
       0
       0
       0
       0
       0
       0
       0
       0
       0
       0
       0
       1
       0
       0
       0
       1
       0
       0
       0
       0
       0
       0
       0
       0
       0
       0
       0
       0
       0
       0
       0
       0
       0
       0
       0
       0
       0
       0
       0
       0
       0
       0
       0
       0
       0
       0
       0
       0
       0
       0
       0
       0
       0
       0
       0
       0
       0
       0
       0
       0
       0
       0
       0
       0
       0
       0
       0
       0
       0
       3
       0
       0
       0
       0
       0
       1
       0
       0
       0
       0
       0
       0
       0
       0
       0
       0
       1
       0
       0
       0
       1
       0
       0
       1
       0
       0
       0
       0
       0
       1
       0
       0
       0
       0
       0
       0
       0
       0
       0
       0
       0
       0
       0
       0
       0
       0
       0
       0
       0
       0
       0
       0
       0
       0
       0
       0
       0
       0
       0
       0
       0
       0
       0
       0
       0
       0
       0
       1
       1
       0
       0
       0
       0
       0
       0
       0
       0
       0
       0
       0
       0
       0
       0
       0
       0
       0
       0
       0
       0
       0
       0
       0
       0
       0
       0
       0
       0
       0
       0
       0
       0
       0
       0
       0
       0
       0
       0
       0
       0
       0
       0
       0
       1
       1
       0
       0
       0
       0
       0
       0
       1
       0
       0
       0
       0
       0
       0
       0
       0
       0
       0
       0
       0
       0
       0
       0
       0
       0
       0
       0
       0
       0
       0
       0
       0
       0
       0
       0
       0
       0
       0
       0
       0
       0
       0
       0
       0
       0
       1
       0
       0
       0
       0
       0
       0
       0
       0
       0
       0
       0
       0
       0
       0
       0
       0
       0
       0
       0
       0
       0
       0
       0
       0
       0
       0
       1
       0
       0
       0
       0
       0
       0
       1
       0
       0
       0
       1
       0
       0
       0
       0
       0
       0
       0
       0
       0
       0
       0
       0
       0
       0
       0
       0
       0
       0
       0
       0
       0
       1
       0
       0
       0
       0
       0
       0
       1
       0
       0
       0
       0
       0
       0
       0
       0
       0
       0
       0
       0
       0
       0
       0
       0
       0
       0
       0
       0
       0
       0
       0
       0
       0
       0
       0
       0
       0
       0
       0
       0
       0
       0
       0
       1
       0
       0
       0
       0
       0
       0
       0
       0
       0
       0
       0
       0
       0
       0
       0
       0
       0
       0
       0
       0
       0
       0
       0
       0
       0
       0
       0
       0
       0
       0
       0
       0
       0
       0
       0
       0
       0
       1
       0
       0
       0
       1
       0
       0
       0
       0
       0
       0
       0
       0
       1
       0
       0
       1
       0
       0
       0
       0
       0
       0
       0
       0
       0
       0
       0
       0
       0
       0
       0
       0
       0
       0
       0
       0
       0
       0
       0
       0
       0
       0
       0
       0
       0
       0
       0
       0
       0
       0
       0
       0
       0
       0
       0
       0
       0
       0
       0
       0
       0
       0
       0
       0
       0
       0
       0
       0
       0
       0
       0
       0
       1
       0
       0
       0
       0
       0
       0
       0
       0
       0
       0
       0
       1
       0
       0
       0
       0
       0
       0
       0
       0
       0
       0
       0
       0
       0
       0
       0
       0
       0
       0
       0
       0
       0
       0
       0
       0
       0
       0
       0
       0
       0
       0
       0
       0
       0
       1
       0
       0
       0
       1
       0
       0
       0
       0
       0
       0
       0
       0
       0
       0
       0
       0
       0
       0
       0
       0
       0
       0
       0
       0
       0
       0
       0
       0
       0
       0
       0
       0
       0
       0
       0
       0
       0
       0
       0
       0
       0
       0
       1
       0
       0
       0
       0
       0
       0
       0
       0
       0
       0
       0
       0
       0
       0
       0
       0
       0
       0
       0
       0
       0
       0
       0
       0
       0
       0
       0
       0
       0
       0
       0
       0
       0
       0
       0
       0
       0
       0
       0
       1
       0
       0
       1
       0
       0
       0
       0
       0
       0
       0
       0
       0
       0
       0
       0
       0
       0
       0
       0
       0
       0
       0
       0
       0
       0
       0
       0
       0
       0
       2
       0
       0
       0
       0
       1
       0
       0
       0
       0
       0
       0
       0
       0
       0
       0
       0
       0
       0
       0
       0
       0
       0
       0
       0
       0
       0
       0
       0
       0
       0
       0
       0
       0
       0
       0
       0
       0
       0
       0
       0
       0
       0
       0
       0
       0
       0
       0
       1
       0
       0
       0
       0
       0
       0
       0
       0
       0
       0
       0
       1
       0
       0
       0
       1
       0
       0
       0
       0
       0
       0
       0
       0
       0
       0
       0
       0
       0
       0
       0
       0
       0
       0
       0
       0
       0
       0
       0
       0
       0
       0
       0
       0
       0
       0
       0
       0
       0
       0
       0
       0
       0
       1
       0
       0
       0
       0
       0
       0
       0
       0
       0
       0
       0
       0
       0
       0
       0
       0
       0
       0
       0
       0
       0
       0
       0
       0
       0
       0
       0
       0
       0
       0
       0
       0
       0
       0
       0
       0
       0
       0
       0
       0
       0
       0
       0
       0
       0
       0
       0
       0
       0
       0
       0
       0
       0
       0
       0
       1
       0
       0
       0
       0
       0
       0
       0
       0
       0
       0
       0
       0
       0
       0
       0
       0
       0
       0
       0
       0
       0
       0
       0
       0
       0
       0
       0
       1
       0
       0
       0
       0
       0
       0
       1
       0
       0
       0
       0
       0
       0
       0
       0
       0
       0
       0
       0
       0
       0
       0
       0
       0
       0
       0
       0
       0
       0
       1
       1
       0
       0
       0
       0
       0
       0
       0
       0
       0
       0
       0
       0
       0
       0
       0
       0
       0
       0
       0
       0
       0
       0
       0
       0
       0
       0
       0
       0
       0
       0
       0
       0
       0
       0
       0
       0
       0
       0
       1
       0
       0
       0
       0
       0
       0
       0
       0
       0
       0
       0
       0
       0
       0
       0
       0
       0
       0
       1
       0
       1
       0
       0
       0
       0
       0
       0
       0
       0
       0
       0
       0
       0
       0
       0
       0
       0
       0
       0
       0
       0
       0
       0
       0
       0
       1
       0
       0
       0
       0
       0
       0
       0
       1
       0
       0
       0
       0
       0
       0
       0
       0
       0
       0
       0
       0
       0
       0
       0
       0
       0
       0
       0
       0
       1
       0
       0
       0
       0
       0
       0
       0
       0
       0
       0
       0
       0
       0
       0
       0
       0
       0
       0
       0
       0
       0
       0
       0
       0
       0
       0
       0
       0
       0
       0
       0
       0
       0
       0
       0
       0
       0
       0
       0
       0
       0
       0
       0
       0
       0
       0
       0
       0
       0
       0
       0
       0
       0
       0
       0
       0
       0
       0
       0
       0
       0
       0
       0
       1
       0
       0
       0
       0
       0
       0
       0
       0
       0
       0
       1
       0
       0
       0
       0
       0
       0
       0
       0
       0
       0
       0
       0
       0
       0
       0
       0
       0
       0
       0
       0
       0
       0
       0
       0
       0
       0
       0
       0
       0
       0
       0
       0
       0
       0
       1
       0
       0
       0
       0
       1
       0
       0
       0
       0
       0
       0
       0
       0
       0
       0
       1
       0
       0
       0
       0
       0
       0
       0
       1
       0
       0
       0
       0
       0
       0
       0
       0
       0
       0
       0
       0
       0
       0
       0
       0
       0
       0
       0
       0
       0
       0
       0
       0
       0
       0
       0
       0
       0
       0
       0
       0
       0
       0
       0
       0
       0
       0
       0
       0
       0
       0
       1
       0
       0
       0
       0
       0
       0
       1
       0
       0
       0
       0
       0
       0
       0
       0
       1
       0
       0
       0
       0
       0
       0
       0
       0
       0
       0
       0
       0
       0
       0
       0
       0
       0
       0
       0
       0
       0
       0
       0
       0
       0
       0
       0
       0
       0
       0
       0
       0
       0
       0
       0
       0
       0
       0
       0
       0
       0
       0
       0
       0
       0
       0
       0
       0
       0
       0
       0
       1
       0
       0
       0
       0
       0
       0
       0
       1
       0
       0
       0
       0
       1
       0
       0
       0
       0
       0
       0
       0
       0
       0
       0
       0
       0
       0
       1
       0
       1
       0
       0
       0
       1
       0
       0
       0
       0
       0
       1
       0
       0
       0
       0
       0
       0
       0
       0
       0
       0
       0
       0
       0
       0
       0
       0
       0
       0
       0
       0
       0
       0
       0
       0
       0
       0
       0
       0
       0
       0
       0
       1
       1
       0
       0
       0
       0
       0
       0
       1
       0
       0
       0
       0
       0
       0
       0
       0
       0
       0
       0
       0
       0
       0
       0
       0
       0
       0
       0
       0
       0
       0
       0
       0
       0
       0
       0
       0
       0
       0
       0
       0
       0
       0
       0
       0
       0
       0
       0
       0
       0
       0
       0
       0
       0
       0
       0
       0
       0
       0
       1
       0
       0
       0
       0
       1
       0
       0
       0
       0
       0
       0
       1
       0
       0
       0
       0
       0
       0
       0
       0
       0
       0
       0
       0
       0
       0
       0
       0
       0
       0
       0
       0
       0
       0
       0
       0
       0
       0
       0
       0
       0
       0
       0
       0
       0
       0
       1
       0
       0
       0
       1
       0
       0
       0
       0
       0
       0
       0
       0
       0
       0
       0
       0
       0
       0
       0
       0
       0
       0
       0
       0
       0
       0
       0
       0
       0
       0
       0
       0
       0
       0
       0
       0
       0
       0
       0
       0
       0
       0
       0
       0
       0
       0
       0
       0
       0
       0
       0
       0
       0
       0
       0
       0
       0
       1
       0
       0
       1
       0
       0
       0
       0
       0
       0
       0
       0
       0
       0
       0
       0
       0
       0
       0
       0
       0
       0
       0
       0
       0
       0
       0
       0
       0
       0
       0
       0
       1
       0
       0
       0
       0
       0
       0
       0
       0
       0
       0
       0
       0
       0
       0
       0
       0
       0
       0
       0
       0
       0
       0
       1
       0
       0
       1
       0
       0
       0
       0
       0
       0
       0
       0
       0
       0
       0
       0
       0
       0
       1
       0
       0
       0
       0
       0
       0
       0
       0
       0
       0
       0
       0
       0
       0
       0
       0
       0
       0
       0
       0
       0
       0
       0
       0
       0
       0
       0
       0
       0
       0
       0
       0
       0
       0
       0
       0
       0
       0
       0
       0
       0
       0
       0
       1
       0
       0
       0
       0
       0
       0
       0
       0
       0
       0
       0
       0
       0
       0
       0
       0
       0
       0
       0
       0
       0
       0
       0
       0
       0
       0
       0
       0
       0
       0
       0
       0
       0
       0
       0
       0
       0
       0
       0
       0
       0
       0
       0
       0
       0
       0
       0
       0
       0
       1
       0
       0
       0
       0
       0
       0
       0
       0
       0
       0
       0
       0
       0
       0
       0
       0
       0
       0
       0
       0
       0
       0
       0
       0
       0
       0
       0
       0
       0
       0
       0
       0
       0
       0
       0
       0
       0
       0
       0
       0
       0
       0
       0
       0
       0
       0
       0
       0
       0
       0
       0
       0
       0
       0
       0
       0
       1
       0
       0
       0
       0
       0
       0
       0
       0
       0
       0
       0
       0
       0
       0
       0
       0
       0
       0
       0
       0
       0
       0
       0
       0
       0
       0
       0
       0
       0
       1
       0
       0
       0
       0
       0
       0
       0
       0
       0
       0
       0
       1
       0
       0
       0
       0
       0
       0
       0
       0
       0
       0
       0
       0
       0
       0
       0
       0
       0
       0
       0
       0
       0
       0
       0
       0
       0
       0
       0
       0
       0
       0
       0
       0
       0
       0
       0
       0
       0
       0
       0
       0
       0
       0
       0
       0
       0
       0
       0
       0
       0
       0
       0
       0
       0
       0
       0
       0
       0
       0
       0
       0
       0
       0
       0
       0
       0
       0
       0
       0
       0
       0
       0
       0
       0
       0
       0
       0
       0
       0
       0
       0
       1
       0
       0
       0
       0
       0
       0
       0
       0
       0
       0
       0
       0
       0
       0
       0
       0
       0
       0
       0
       0
       0
       0
       0
       0
       0
       0
       0
       0
       0
       0
       0
       0
       0
       0
       0
       0
       0
       0
       0
       0
       0
       0
       0
       0
       0
       0
       0
       0
       0
       0
       0
       0
       0
       0
       0
       0
       0
       0
       0
       0
       0
       0
       0
       0
       0
       0
       0
       0
       0
       0
       0
       0
       0
       0
       0
       0
       1
       0
       1
       1
       6
       3
       0
       3
       1
       0
       1
       0
       0
       0
       0
       0
       0
       0
       0
       0
       0
       0
       0
       0
       0
       0
       0
       0
       0
       0
       0
       0
       0
       0
       0
       0
       0
       0
       0
       0
       0
       0
       0
       0
       0
       0
       0
       0
       0
       0
       0
       0
       0
       0
       0
       0
       0
       0
       0
       0
       0
       0
       0
       0
       0
       0
       0
       0
       0
       0
       0
       0
       0
       0
       0
       0
       0
       0
       0
       0
       0
       0
       0
       0
       0
       0
       0
       0
       0
       0
       0
       0
       0
       0
       0
       0
       0
       0
       0
       0
       0
       0
       0
       0
       0
       0
       0
       0
       0
       0
       0
       0
       0
       0
       0
       0
       0
       0
       0
       0
       0
       0
       0
       0
       0
       0
       0
       0
       0
       0
       0
       0
       0
       0
       0
       0
       0
       0
       0
       0
       0
       0
       0
       0
       0
       0
       0
       0
       0
       0
       0
       0
       0
       0
       0
       0
       0
       0
       0
       0
       0
       0
       0
       0
       0
       0
       0
       0
       0
       0
       0
       0
       0
       0
       0
       0
       0
       0
       0
       0
       0
       0
       0
       0
       0
       0
       0
       0
       0
       0
       0
       0
       0
       0
       0
       0
       0
       0
       0
       0
       0
       0
       0
       0
       0
       0
       0
       0
       0
       0
       0
       0
       0
       0
       0
       0
       0
       0
       0
       0
       0
       0
       0
       0
       0
       0
       0
       0
       0
       0
       0
       0
       0
       0
       0
       0
       0
       0
       0
       0
       0
       0
       0
       0
       0
       0
       0
       0
       0
       0
       0
       0
       0
       0
       0
       0
       0
       0
       0
       0
       0
       0
       0
       0
       0
       0
       0
       0
       0
       0
       0
       0
       0
       0
       0
       0
       0
       0
       0
       0
       0
       0
       0
       0
       0
       0
       0
       0
       0
       0
       0
       0
       0
       0
       0
       0
       0
       0
       0
       0
       0
       0
       0
       0
       0
       0
       0
       0
       0
       0
       0
       0
       0
       0
       0
       0
       0
       0
       0
       0
       0
       0
       0
       0
       0
       0
       0
       0
       0
       0
       0
       0
       0
       0
       0
       0
       0
       0
       0
       0
       0
       0
       0
       0
       0
       0
       0
       0
       0
       0
       0
       0
       0
       0
       0
       0
       0
       0
       0
       0
       0
       0
       0
       0
       0
       0
       0
       0
       0
       0
       0
       0
       0
       0
       0
       0
       0
       0
       0
       0
       0
       0
       0
       0
       0
       0
       0
       0
       0
       0
       0
       0
       0
       0
       0
       0
       0
       0
       0
       0
       0
       1
       0
       0
       0
       0
       0
       0
       0
       0
       0
       0
       0
       0
       0
       0
       0
       0
       0
       0
       0
       0
       0
       0
       0
       0
       0
       0
       0
       0
       0
       0
       0
       0
       1
       0
       0
       0
       0
       0
       0
       0
       0
       0
       0
       0
       0
       0
       0
       0
       0
       0
       0
       0
       0
       0
       0
       0
       0
       0
       0
       0
       0
       0
       0
       0
       0
       0
       0
       0
       0
       0
       0
       0
       0
       0
       0
       0
       0
       0
       0
       0
       0
       0
       0
       0
       0
       0
       0
       0
       0
       0
       0
       0
       0
       0
       0
       0
       0
       0
       0
       0
       0
       1
       0
       0
       0
       0
       0
       0
       0
       0
       0
       0
       0
       0
       0
       0
       0
       0
       0
       0
       0
       0
       0
       0
       0
       0
       0
       0
       0
       0
       0
       0
       0
       0
       0
       0
       0
       0
       0
       0
       0
       0
       0
       0
       0
       0
       0
       0
       0
       0
       0
       0
       0
       0
       0
       0
       0
       0
       0
       0
       0
       0
       0
       0
       0
       0
       0
       0
       0
       0
       0
       0
       0
       0
       0
       0
       0
       0
       0
       0
       0
       0
       0
       0
       0
       0
       0
       0
       0
       0
       0
       0
       0
       0
       0
       0
       0
       0
       0
       0
       0
       0
       0
       0
       0
       0
       0
       0
       0
       0
       0
       0
       0
       0
       0
       0
       0
       0
       0
       0
       0
       0
       0
       0
       0
       0
       0
       0
       0
       0
       0
       0
       0
       0
       0
       0
       0
       0
       0
       0
       0
       0
       0
       0
       0
       0
       0
       0
       0
       0
       0
       0
       0
       0
       0
       0
       0
       0
       0
       0
       0
       0
       0
       0
       0
       0
       0
       0
       0
       0
       0
       0
       0
       0
       0
       0
       0
       0
       0
       0
       0
       0
       0
       0
       0
       0
       0
       0
       0
       0
       0
       0
       0
       0
       0
       0
       0
       0
       0
       0
       0
       0
       0
       0
       0
       0
       0
       0
       0
       0
       0
       0
       0
       0
       0
       0
       0
       0
       0
       0
       0
       0
       0
       0
       0
       0
       0
       0
       0
       0
       0
       0
       0
       0
       0
       0
       0
       0
       0
       0
       0
       0
       0
       0
       0
       0
       0
       0
       0
       0
       0
       0
       0
       0
       0
       0
       0
       0
       0
       0
       0
       0
       0
       0
       0
       0
       0
       0
       0
       0
       0
       0
       0
       0
       0
       0
       0
       0
       0
       0
       0
       0
       0
       0
       0
       0
       0
       0
       0
       0
       0
       0
       0
       0
       0
       0
       0
       0
       0
       0
       0
       0
       0
       0
       0
       0
       0
       0
       0
       0
       0
       0
       0
       0
       0
       0
       0
       0
       0
       0
       0
       0
       0
       0
       0
       0
       0
       0
       0
       0
       0
       0
       0
       0
       0
       0
       0
       0
       0
       0
       0
       0
       0
       0
       0
       0
       0
       0
       0
       0
       0
       0
       0
       0
       0
       0
       0
       0
       0
       0
       0
       0
       0
       0
       0
       0
       0
       0
       0
       0
       0
       0
       0
       0
       0
       0
       0
       0
       0
       0
       0
       0
       0
       0
       0
       0
       0
       0
       0
       0
       0
       0
       0
       0
       0
       0
       0
       0
       0
       0
       0
       0
       0
       0
       0
       0
       0
       0
       0
       0
       0
       0
       0
       0
       0
       0
       0
       0
       0
       0
       0
       0
       0
       0
       0
       0
       0
       0
       0
       0
       0
       0
       0
       0
       0
       0
       0
       0
       0
       0
       0
       0
       0
       0
       0
       0
       0
       0
       0
       0
       0
       0
       0
       0
       0
       0
       0
       0
       0
       0
       0
       0
       0
       0
       0
       0
       0
       0
       0
       0
       0
       0
       0
       0
       0
       0
       0
       0
       0
       0
       0
       0
       0
       0
       0
       0
       0
       0
       0
       0
       0
       0
       0
       0
       0
       0
       0
       0
       0
       0
       0
       0
       0
       0
       0
       0
       0
       0
       0
       0
       0
       0
       0
       0
       0
       0
       0
       0
       0
       0
       0
       0
       0
       0
       0
       0
       0
       0
       0
       0
       0
       0
       0
       0
       0
       0
       0
       0
       0
       0
       0
       0
       0
       0
       0
       0
       0
       0
       0
       0
       0
       0
       0
       0
       0
       0
       0
       0
       0
       0
       0
       0
       0
       0
       0
       0
       0
       0
       0
       0
       0
       0
       0
       0
       0
       0
       0
       0
       0
       0
       0
       0
       0
       0
       0
       0
       0
       0
       0
       0
       0
       0
       0
       0
       0
       0
       0
       0
       0
       0
       0
       0
       0
       0
       0
       0
       0
       0
       0
       0
       0
       0
       0
       0
       0
       0
       0
       0
       0
       0
       0
       0
       0
       0
       0
       0
       0
       0
       0
       0
       0
       0
       0
       0
       0
       0
       0
       0
       0
       0
       0
       0
       0
       0
       0
       0
       0
       0
       0
       0
       0
       0
       0
       0
       0
       0
       0
       0
       0
       0
       0
       0
       0
       0
       0
       0
       0
       0
       0
       0
       0
       0
       0
       0
       0
       0
       0
       0
       0
       0
       0
       0
       0
       0
       0
       0
       0
       0
       0
       0
       0
       0
       0
       0
       0
       0
       0
       0
       0
       0
       0
       0
       0
       0
       0
       0
       0
       0
       0
       0
       0
       0
       0
       0
       0
       0
       0
       0
       0
       0
       0
       0
       0
       0
       0
       0
       0
       0
       0
       0
       0
       0
       0
       0
       0
       0
       0
       0
       0
       0
       0
       0
       0
       0
       0
       0
       0
       0
       0
       0
       0
       0
       0
       0
       0
       0
       0
       0
       0
       0
       0
       0
       0
       0
       0
       0
       0
       0
       0
       0
       0
       0
       0
       0
       0
       0
       0
       0
       0
       0
       0
       0
       0
       0
       0
       0
       0
       0
       0
       0
       0
       0
       0
       0
       0
       0
       0
       0
       0
       0
       0
       0
       0
       0
       0
       0
       0
       0
       0
       0
       0
       0
       0
       0
       0
       0
       0
       0
       0
       0
       0
       0
       0
       0
       0
       0
       0
       0
       0
       0
       0
       0
       0
       0
       0
       0
       0
       0
       0
       0
       0
       0
       0
       0
       0
       0
       0
       0
       0
       0
       0
       0
       0
       0
       0
       0
       0
       0
       0
       0
       0
       0
       0
       0
       0
       0
       0
       0
       0
       0
       0
       0
       0
       0
       0
       0
       0
       0
       0
       0
       0
       0
       0
       0
       0
       0
       0
       0
       0
       0
       0
       0
       0
       0
       0
       0
       0
       0
       0
       0
       0
       0
       0
       0
       0
       0
       0
       0
       0
       0
       0
       0
       0
       0
       0
       0
       0
       0
       0
       0
       0
       0
       0
       0
       0
       0
       0
       0
       0
       0
       0
       0
       0
       0
       0
       0
       0
       0
       0
       0
       0
       0
       0
       0
       0
       0
       0
       0
       0
       0
       0
       0
       0
       0
       0
       0
       0
       0
       0
       0
       0
       0
       0
       0
       0
       0
       0
       0
       0
       0
       0
       0
       0
       0
       0
       0
       0
       0
       0
       0
       0
       0
       0
       0
       0
       0
       0
       0
       0
       0
       0
       0
       0
       0
       0
       0
       0
       0
       0
       0
       0
       0
       0
       0
$ROI:
0
$PRESETS:
Real Time
180
0
$ENER_FIT:
0.888569 0.390988
$MCA_CAL:
3
8.885689E-001 3.909876E-001 3.191953E-008 keV
$SHAPE_CAL:
3
0.000000E+000 0.000000E+000 0.000000E+000
