$SPEC_ID:
1
$SPEC_REM:
DET# 2
DETDESC# MCB 130 Normal
AP# Maestro Version 7.01
$DATE_MEA:
09/09/2019 15:58:03
$MEAS_TIM:
177 180
$DATA:
0 8191
       0
       0
       0
       0
       0
       0
       0
       0
       0
       0
       0
       0
       0
       0
       0
       0
       0
       0
       0
       0
       0
       0
       0
       0
       0
       0
       8
     443
     136
      58
      90
     118
     166
     248
     236
     141
      94
     105
     116
     124
     178
     164
     175
     188
     195
     131
      82
     101
      95
      98
      70
      97
     115
     102
      95
      81
      98
      71
      92
     112
     124
      74
      68
      83
      87
      81
      81
      95
      89
     107
     128
     120
     101
      87
      86
      90
      91
      83
      89
      83
      86
      75
      77
      98
      97
      68
      72
     104
     116
     179
     152
     114
      87
      73
      84
      74
      73
      82
      90
      78
      76
      85
      95
      82
      81
      91
      79
      76
      82
      61
      76
      61
      71
      90
      84
      95
      82
      67
      73
      78
      81
      67
      78
      68
      87
      82
      77
      85
      74
      61
      79
      92
     116
      85
      88
      75
      80
      87
      86
      75
      84
      92
     114
     109
     122
     129
     118
      97
     107
      98
      99
      94
      86
     107
     116
     134
     125
     106
      99
      91
      95
     108
      85
     109
     106
     105
      91
     123
     104
     112
     118
     105
     106
     100
     100
      99
     119
     103
     103
     115
     126
     114
     128
     120
     122
     152
     136
     107
     156
     144
     174
     157
     143
     118
     141
     145
     135
     119
     129
     122
     109
     130
     120
     127
     137
     156
     129
     151
     122
     123
     130
     124
     130
     145
     154
     147
     153
     144
     150
     160
     178
     143
     152
     155
     146
     124
     132
     150
     145
     120
     162
     149
     146
     135
     168
     153
     136
     133
     142
     167
     185
     170
     137
     145
     133
     163
     131
     144
     168
     202
     220
     242
     394
     437
     327
     205
     160
     137
     158
     162
     143
     187
     317
     558
     581
     380
     198
     183
     322
     597
     727
     465
     200
     118
     114
     105
     129
     124
     124
     123
     110
     112
     118
     134
     119
     149
     123
     134
     125
     135
     113
     144
     132
     118
     121
     143
     176
     200
     233
     197
     146
     108
     122
     127
     112
     132
     161
     146
     140
     141
     127
     115
     111
     123
     117
     103
     117
     105
     101
     101
     115
     102
      95
     117
     117
      96
     118
     107
     109
     121
     108
      92
     106
      91
      97
     101
     122
     105
     112
     106
      99
     107
     107
      93
     114
      93
      76
      96
      89
     110
      96
      84
      90
     102
     100
     101
     119
     182
     199
     167
      95
     100
     106
     100
      77
     104
      89
      88
      86
      81
     103
     111
      95
      74
      97
      93
      72
      80
      92
      71
      94
      95
      92
      94
     158
     202
     159
     120
      97
      98
     108
      87
      91
      89
      96
      86
      88
      83
      81
      85
      77
      86
      78
      86
      79
      88
      70
      88
      82
      87
      79
      81
      69
      84
      90
      77
      76
      79
      82
      70
      58
      78
      93
     107
     107
      79
      96
      80
      63
      63
      79
      85
      78
      63
      77
      72
      77
      79
      65
      78
      68
      52
      84
      70
      66
      70
      59
      76
      61
      77
      61
      82
      66
      74
      63
      69
      70
      71
      79
      77
      75
      67
      74
      66
      62
      64
      63
      71
      70
      66
      70
      57
      76
      59
      72
      61
      57
      73
      69
      56
      75
      82
      60
      62
      61
      74
      70
      56
      59
      62
      67
      66
      65
      45
      61
      57
      48
      44
      61
      97
     110
     111
      93
      88
      67
      60
      63
      64
      62
      60
      61
      63
      63
      68
      54
      56
      56
      58
      53
      47
      62
      55
      60
      60
      46
      65
      67
      68
      53
      54
      48
      38
      65
      52
     100
     127
     101
      67
      60
      61
      57
      49
      61
      44
      43
      44
      49
      58
      63
      66
      61
      59
      52
      43
      58
      58
      60
      45
      43
      57
      63
      47
      57
      69
      74
      50
      69
      40
      55
      55
      42
      51
      51
      55
      46
      50
      46
      61
      57
      55
      81
     188
     219
     253
     150
      72
      50
      46
      44
      59
      64
      43
      43
      40
      50
      51
      36
      41
      47
      55
      45
      46
      43
      64
      47
      49
      43
      49
      64
      68
      50
      61
      40
      37
      54
      48
      51
      58
      59
      49
      36
      37
      36
      40
      41
      38
      48
      35
      34
      46
      31
      55
      40
      30
      62
      78
     193
     356
     388
     262
     109
      75
      41
      42
      32
      36
      38
      42
      44
      51
      44
      39
      30
      46
      36
      34
      29
      43
      41
      45
      45
      35
      38
      34
      40
      48
      31
      43
      39
      34
      40
      34
      41
      39
      34
      35
      38
      37
      33
      36
      50
      61
      66
      44
      47
      38
      31
      42
      33
      51
      42
      37
      31
      35
      40
      36
      41
      38
      35
      33
      32
      41
      34
      38
      43
      35
      44
      81
     175
     187
     146
      69
      36
      38
      44
      33
      31
      25
      44
      30
      30
      27
      37
      24
      38
      28
      32
      39
      36
      43
      37
      40
      40
      33
      31
      34
      45
      40
      38
      34
      29
      32
      33
      34
      33
      39
      47
      51
      68
     106
      90
      49
      37
      37
      60
      53
      51
      43
      31
      41
      35
      38
      66
      92
      51
      30
      31
      37
      27
      35
      26
      33
      36
      30
      39
      36
      40
      33
      38
      48
      34
      30
      33
      44
      27
      30
      34
      39
      48
      39
      31
      32
      39
      23
      21
      28
      27
      28
      31
      25
      20
      40
      29
      33
      39
      27
      30
      66
      93
      69
      41
      45
      24
      33
      24
      33
      21
      24
      22
      19
      20
      19
      21
      29
      25
      22
      26
      21
      23
      29
      18
      26
      32
      27
      21
      29
      26
      26
      25
      27
      31
      31
      26
      19
      16
      32
      35
      22
      29
      23
      29
      23
      28
      48
      57
      38
      32
      23
      21
      27
      23
      30
      25
      30
      28
      30
      34
      22
      29
      27
      17
      29
      29
      20
      32
      28
      19
      25
      38
      27
      36
      26
      19
      19
      22
      29
      33
      17
      23
      20
      29
      27
      20
      23
      25
      25
      38
      34
      44
      36
      47
      27
      38
      19
      32
      17
      27
      35
      35
      23
      25
      24
      26
      22
      28
      25
      23
      31
      17
      31
      22
      22
      22
      22
      24
      21
      28
      26
      22
      26
      24
      32
      23
      21
      33
      21
      23
      20
      20
      23
      16
      18
      23
      20
      22
      22
      28
      24
      23
      21
      20
      25
      22
      18
      18
      18
      17
      16
      18
      21
      12
      16
      25
      17
      21
      22
      21
      22
      25
      18
      16
      19
      21
      20
      23
      18
      21
      18
      16
      13
      20
      26
      22
      19
      12
      17
      18
      22
      17
      20
      16
      32
      15
      20
      20
      20
      27
      18
      20
      14
      20
      16
      21
      16
      27
      28
      24
      17
      10
      20
      24
      15
      17
      26
      15
      11
      19
      24
      16
      22
      20
      19
      27
      15
      16
      20
      16
      13
      28
      26
      36
      20
      25
      18
      22
      25
      16
      27
      10
       9
      18
      30
      25
      27
      24
      24
      14
      17
      17
      25
      20
      15
      25
      24
      15
      24
      15
      15
      20
      15
      15
      23
      19
      18
      17
      15
      27
      37
      31
      14
      30
      17
      15
      20
      14
      12
      20
      12
      15
      15
      22
      15
      22
      25
      22
      13
      19
      17
      18
      16
      12
      17
      18
      19
      20
      13
      12
      26
      17
      17
      27
      25
      22
      12
      19
      15
      20
      22
      19
      20
      18
      19
      16
      17
      24
      17
      15
      22
      14
      15
      19
      16
      28
      21
      10
      13
      22
      15
      11
      13
      23
      16
      19
      14
      25
      15
      18
      21
      11
      16
      15
      21
      19
      12
      22
      27
      24
      29
      21
      17
      14
      12
      13
      21
      15
      18
      15
      15
      18
      17
      11
      10
       9
      18
      15
      18
      21
      13
      20
      15
      15
      12
      23
      17
      27
      15
      10
      10
      13
      22
      17
      15
      19
      21
       9
      14
      15
      14
      14
      14
      16
      16
      25
      16
      13
      20
      33
      26
      25
      30
      32
      15
      17
      21
      15
      14
      19
      21
      23
      16
      18
      23
      14
      18
      13
      15
      18
      11
      15
      12
      14
      15
      13
      13
       7
      24
      17
      13
      20
      14
      28
      11
      13
      28
      15
      12
      14
      13
      17
      18
      19
      19
      14
      13
      19
      20
      10
      11
      11
      14
       7
      12
      25
      12
      20
      18
      15
       9
      16
      13
      17
      16
      12
      13
      20
      16
      14
      13
      20
      15
      24
      22
      27
      21
      21
      14
       9
      14
      10
      12
       8
      10
       8
      11
      15
       4
       8
       8
      16
      15
      15
      16
      21
      12
      12
      19
      14
      20
      22
      18
      16
      11
      13
      20
      11
      22
      20
      24
      13
      16
      12
      18
      10
      11
      17
      17
      10
      17
      11
      14
       8
      16
      12
       5
      11
      17
       9
      12
      11
      10
      15
      13
      12
      14
      14
      14
      15
      24
      16
      14
      20
      14
      11
      16
      22
      46
      43
      46
      32
      15
      17
      17
      27
      71
     109
     119
     109
      55
      31
      22
      18
       7
      15
      11
      14
      13
      11
       9
      10
      13
      15
      11
      14
      13
      16
      16
      13
      18
      15
      19
       6
      13
      14
      15
      13
      22
      12
       9
      11
       9
      11
      14
      18
      13
      17
      15
      16
      34
      29
      22
      13
      14
       7
       9
      15
      13
      15
      18
      10
      10
      19
       7
      12
      14
      11
      11
       9
      21
      33
      72
     103
     129
      91
      43
      24
      13
       5
       7
      11
       9
      12
      13
      12
      19
      18
      16
      14
      16
       9
      12
       9
       4
       6
      18
       7
      17
       8
       8
      10
      13
      11
       4
      10
      12
       4
      12
      12
      15
      15
      14
       7
      10
      11
      14
      13
      11
       8
      12
      14
       9
      12
       6
       8
       7
      15
       5
       8
      13
       8
       9
       9
       9
       9
      11
      12
      10
      11
      10
      15
      10
      17
      18
      19
      10
      17
       9
      21
      14
       5
      11
      16
      14
      10
      14
      10
       8
       9
       8
      12
      12
      11
       7
       9
       7
      13
      13
      12
       8
      12
      12
      13
      11
      10
      12
      12
       8
      11
       9
      12
      12
      11
       9
      12
       8
      10
       8
      10
       8
      14
      10
      11
       9
       7
      13
      16
      12
      11
       9
      12
       6
       5
       4
      10
       8
       7
      19
      18
      25
      29
      28
      14
      16
      11
      17
      10
       9
      14
      13
       8
      10
       3
      11
       8
       5
      12
       9
      13
       8
      14
       8
      17
       7
      12
       9
      16
      15
      17
      14
      20
      15
      16
      12
      15
       7
      12
      13
       7
       8
       9
       5
      11
      12
       5
      13
      11
      16
      11
      11
      10
      15
       9
      14
      13
       8
       5
      13
      12
      14
      16
       6
      18
       6
      14
      15
       7
       8
      11
       9
      11
       8
       7
       8
       7
      12
       6
      15
       9
      11
      25
      18
      31
      25
      21
       5
      12
       8
      11
       7
       9
      12
       9
      13
       6
      14
       6
      11
      13
       8
       5
      13
       8
       9
      10
      12
      17
      12
      17
      14
      19
      20
      29
      28
      16
      16
      10
      16
       7
      12
       9
      13
      16
      39
      91
     108
     113
      81
      34
      17
       7
       8
      12
       9
      14
       9
       6
       6
      12
      10
       8
      11
       9
       7
       8
      14
       9
      10
      22
      22
      28
      26
      17
      13
       7
       6
      12
      11
       7
      13
      10
      13
      10
       9
      13
       4
       4
       5
      11
       8
      10
      10
      14
      10
      14
      10
       6
       9
      10
      10
       6
       7
       7
      16
       7
       8
       6
      10
      12
       8
      12
      11
      12
      12
      11
       9
       9
      11
      14
       3
      11
       3
       8
       6
       4
       6
      12
       9
      11
      10
       8
      13
       7
       5
       2
       7
       8
       7
      10
      12
       6
       8
       5
       8
       5
       5
      11
       8
       4
       5
       8
       7
       6
       7
       5
       5
       9
       5
      12
      10
       9
      10
       8
      10
       9
       7
       8
      11
       7
       6
      11
       9
       9
       8
       8
       8
      14
       8
       1
      11
      10
       4
       9
       4
       3
      10
      10
       2
       9
       7
       5
       8
      10
       7
       8
       6
       5
      15
      10
      12
       6
       6
       5
      12
      10
       9
       8
      10
      14
       8
      13
       7
      11
       7
      29
      16
      21
       4
       5
       8
      10
       7
       4
       6
       5
      10
       5
      12
       6
       7
      10
      11
       7
       6
       6
       8
       6
       6
       4
       7
       9
       4
       8
       9
       9
       8
       5
       2
       3
       8
      17
      10
      14
      14
      11
       9
       9
       9
       8
       9
      17
      36
      63
      93
      72
      61
      28
      24
      13
      14
       5
       9
       6
       4
       4
      12
      15
      20
      22
      26
      33
      24
      24
      12
      12
       9
      11
       6
       8
       6
       8
       3
       9
       5
       7
       7
       9
       7
       8
       9
      10
       5
       4
       6
       9
       5
       8
       7
       9
      10
       7
       6
       5
       3
       3
       8
      10
       6
       8
       7
       6
       9
       6
      10
       5
       7
      11
      12
      13
       9
      10
      10
      10
       5
       9
      10
       9
      16
      28
      22
      27
      14
      15
       9
       4
       9
       5
       8
       6
       8
       9
      10
      15
       8
       7
       7
       7
       9
       7
       8
       4
       7
       3
       8
       6
       4
       4
       6
       4
       7
       7
       5
      11
       5
       7
       7
       8
       4
       6
       8
       2
       5
       8
       1
       5
       8
      13
       5
      10
      12
       6
       7
       8
       6
       9
       5
       8
       9
       7
       5
       6
       6
       7
       5
       6
       6
       3
       4
       9
       8
      11
       6
       4
       2
       6
       4
       7
       4
       9
       5
       6
      13
      12
       4
      10
       9
       6
       9
      10
       4
       9
      11
       6
       8
       6
       5
       7
      12
      13
       7
      14
      15
      13
       8
      10
      11
       9
       7
       5
       7
       8
       7
       5
       8
       8
       4
       5
       8
       9
       8
       9
       5
       8
       6
       8
       8
       3
       7
       3
       9
       5
       7
       5
       6
       8
      13
       5
       1
       5
      12
      11
       4
       7
       6
      10
       5
       6
       6
       3
       4
       7
       6
       5
       7
       6
       5
      12
      12
      13
       8
       5
      14
      12
      14
      11
       7
       7
       5
       7
       9
      10
       9
       6
       8
       3
       7
       6
       6
       8
       8
       5
       6
       5
       9
       6
      10
      16
       8
      13
      10
      20
       7
       5
       9
       6
       8
       7
       7
       1
       6
      11
       5
       6
       4
       4
       9
       4
       9
       7
       5
       7
      11
       4
       9
       7
      10
       8
       4
       6
       9
       4
      10
       4
       5
       4
      10
       7
       8
       4
       7
       6
       6
       2
       7
       9
       3
       6
       9
      10
       6
      11
       0
       9
       8
       4
      11
       1
       5
       3
       6
       2
       3
       7
       8
       4
       4
       6
       3
       5
       6
       8
       3
      13
       8
       7
       7
       5
       6
      12
       9
      17
      17
      22
       9
      10
       8
      13
       4
       7
       9
       8
       6
      14
       9
      17
       7
      13
       6
       4
       3
       7
      13
       4
       6
       6
       7
      10
      10
      15
      10
       3
       4
       5
       6
       3
       6
       5
       3
       2
       9
       5
      15
       4
       4
       8
       7
      11
      13
      10
      14
      10
       7
       7
       5
       4
       7
       6
       4
       7
       5
       8
       2
       8
       5
      10
       4
      10
       4
       6
       5
      11
       4
       5
      10
       2
       5
       9
       5
       5
       7
       4
      11
       6
       7
       8
      10
       7
       7
       5
       5
       3
       5
       9
       7
       8
       6
      10
       5
       6
       4
      12
       6
       6
       2
       3
       7
       7
       3
       9
       4
       4
       5
       4
      12
       6
       5
       5
      10
       9
       7
       7
       5
       6
       6
       4
       6
       7
      11
       2
       8
       6
       5
       1
       6
       5
       5
      10
       7
      10
       6
       5
      21
      24
      15
      21
      15
       7
       8
       6
      13
       5
       7
       4
       4
       5
       6
       4
       3
       9
       7
       1
       4
       5
       5
      10
       5
       2
       6
       0
       4
       6
       3
       4
       6
       7
       4
       5
      10
       7
       1
       2
       3
       7
       4
       5
       5
       8
       2
       5
       9
      11
       7
       3
      10
      10
       6
       7
       5
       4
       6
       5
       5
      10
       5
       4
       6
       5
       5
       3
      11
       6
       4
       8
       7
       9
       6
       4
       4
       6
       6
       9
      16
      15
      17
      21
      19
       6
      11
      10
       4
       5
       8
       7
       5
       6
       2
       5
       5
       8
      10
      14
       8
       3
       4
       4
       5
       9
       5
       5
       6
       4
       6
       6
       4
       4
       5
       4
       3
       2
       1
       6
       6
       6
       3
       3
       6
       3
       4
      11
       4
       3
       0
       4
       5
       6
       4
       6
       0
       5
       8
       2
       9
       2
       2
       4
       7
       5
       6
       7
       4
       4
       1
       4
       3
       3
       2
       6
       2
       5
       3
       4
       6
       6
       3
       4
       4
       6
       1
       4
       5
       3
       6
       4
       6
       1
       5
       5
       2
       5
       3
       3
       5
       6
       7
       2
       3
       4
       2
       6
       2
       2
       4
       5
       6
       5
       3
       7
       4
       5
       5
       2
       4
       7
       4
       6
       5
       9
       2
       4
       7
       3
       3
       1
       6
       7
       2
       1
       4
       4
       2
       5
       7
       7
       5
       5
       5
       2
       2
       7
      12
      17
      18
      30
      31
      26
      15
      12
       3
      12
       2
       3
       6
       2
       7
       7
       4
       6
       7
       6
       4
       4
       3
       6
       1
       2
       3
       4
       1
       5
       8
       5
       6
       1
       4
       2
       3
       8
      10
       7
      10
      14
      12
      14
       5
       6
       4
       4
       4
       3
       2
       9
      13
       2
       5
       2
       3
       3
       6
       4
       2
       1
       5
       1
       2
       2
       9
       4
       6
       1
       4
       1
       5
       5
       3
       2
       5
       2
       5
       7
       4
       4
       4
       2
       2
       4
       7
       2
       1
       5
       4
       4
       4
       5
       9
       4
       1
       4
       1
       2
       6
       3
       6
       5
       5
       4
       7
       2
       6
       6
       8
       5
       3
       2
       2
       5
       3
       1
       5
       6
       7
       0
       5
       4
       8
       3
       2
       7
       8
       5
       6
       6
       5
       4
       5
       6
       4
       3
       1
       6
       7
       7
       3
       3
       5
       1
       8
       4
       1
       5
       1
       7
       6
       7
       6
       5
       2
       9
       1
       3
       2
       3
       4
       6
       5
       5
       5
       4
       1
       7
       4
       6
       4
       4
       3
       5
       2
       0
       2
       5
       2
       5
       3
       4
       3
       6
       1
       6
       4
       3
       5
       7
       1
       5
       1
       4
       5
       2
      14
       9
       6
       6
       5
       4
       5
       1
       1
       2
       6
       2
       1
       6
       4
       2
       6
       3
       4
       2
       1
       2
       5
       3
       3
       4
       9
       4
       6
       3
       4
       5
       5
       5
       5
       3
       3
       6
       3
       0
       7
       1
       2
       4
       6
       5
       3
       1
       5
       3
       5
      13
      12
      10
       9
       6
       4
       5
       9
       7
       3
      10
       5
       2
       4
       9
       5
       4
       1
       5
       3
       2
       7
       5
       7
       0
       6
      11
       9
      13
      18
      17
      17
      10
       6
       3
       7
       4
       8
       2
       7
       6
       4
       2
       7
       2
       1
       3
       4
       7
       7
       6
       2
       5
       4
       5
       3
       4
       5
       4
       9
       5
       3
       2
       2
       5
       2
       3
       7
       5
       5
       8
       5
       4
       5
       2
       5
       3
       8
       2
       3
       5
       5
       4
       1
       4
       9
       4
       5
       5
       5
       6
       5
       3
       2
       1
       6
       2
       4
       2
       4
       7
       4
       3
       3
       4
       4
       2
       3
       4
       1
       2
       3
       6
       2
       7
       4
       4
       4
       1
       3
       4
       6
       3
       3
       2
       6
       2
       1
       6
       1
       4
       6
       7
       1
      11
      13
       8
       9
      11
       4
       2
       1
       2
       8
       4
       1
       7
      12
       8
      13
       6
       7
       6
       3
       5
       8
       6
       7
       3
       4
       1
       4
       6
       2
       4
       3
       7
       5
       1
       4
       1
       0
       6
       6
       2
       2
       3
       3
       4
       4
       3
       3
       2
       2
       1
       4
       2
       2
       2
       6
       3
       1
       9
       4
       3
       5
       1
       4
       4
       0
       3
       8
       5
       5
       1
       4
       5
       3
       3
       4
       3
       7
       3
       2
       4
       3
       5
       4
       6
       3
       7
       3
       2
       1
       9
       3
       2
       1
       6
       3
       4
       6
       7
       3
       6
       3
       5
       2
       3
       5
       4
       4
       4
       4
       1
       4
       4
       3
       3
       3
       1
       4
       3
       5
       3
       2
       3
       2
       7
       6
       4
       5
       6
       3
       5
       3
       8
       2
       2
       4
       5
       0
       6
       2
       4
       1
       3
       3
       7
       5
       4
       3
       5
       1
       3
       3
       3
       3
       2
       3
       9
       5
       6
       4
       4
       3
       6
       5
       5
       5
       5
       4
       5
       3
       5
       5
       4
       3
       5
       2
       7
       5
       3
       5
       3
       3
       2
       1
       3
       1
       2
       2
       1
       2
       0
       0
       3
       4
       4
       2
       6
       3
       4
       3
       5
       3
       3
       2
       2
       2
       1
       5
       5
       1
       2
       1
       3
       3
       3
       3
       5
       3
       7
       3
       4
       7
      12
      16
      16
      21
      17
      16
      14
       3
       6
       3
       3
       3
       4
       1
       4
       6
       3
       3
       5
       2
       2
       3
       0
       1
       2
       1
       1
       4
       3
       2
       4
       4
       2
       7
       4
       2
       2
       4
       4
       5
       1
       1
       4
       3
       6
       3
       5
       2
       4
       1
       1
       1
       2
       3
       3
       4
       3
       1
       4
       4
       2
       3
       0
       1
       4
       3
       2
       6
       2
       2
       2
       6
       3
       1
       1
       6
       2
       3
       0
       3
       4
       6
       1
       6
       3
       2
       6
       2
       2
       5
       1
       2
       2
       2
       3
       1
       4
       5
       3
       6
       2
       4
       4
       5
       2
       3
       4
       1
       4
       4
       3
       3
       1
       5
       2
       3
       2
       2
       4
       6
       2
       2
       4
       4
       1
       2
       4
       2
       0
       4
       0
       1
       3
       4
       3
       6
       4
       3
       2
       3
       1
       1
       3
       2
       0
       1
       3
       1
       2
       2
       4
       6
       2
       2
       2
       2
       2
       4
       0
       0
       4
       2
       1
       2
       2
       2
       4
       4
       0
       1
       3
       3
       2
       0
       2
       3
       3
       3
       2
       4
       6
       1
       4
       1
       3
       4
       3
       5
       6
       2
       5
       3
       0
       2
       1
       3
       1
       2
       3
       0
       1
       1
       2
       3
       3
       1
       2
       4
       3
       3
       0
       1
       3
       2
       2
       1
       3
       0
       2
       2
       3
       2
       5
       3
       2
       1
       3
       1
       3
       3
       2
       3
       2
       3
       1
       1
       1
       1
       3
       2
       3
       4
       3
       3
       1
       2
       3
       0
       0
       0
       3
       0
       4
       0
       3
       2
       2
       4
       5
       1
       1
       1
       0
       0
       7
       3
       5
       3
       2
       1
       5
       0
       1
       1
       5
       2
       1
       0
       2
       1
       2
       3
       1
       1
       2
       4
       2
       0
       1
       5
       3
       4
       0
       2
       1
       2
       0
       0
       0
       1
       2
       3
       2
       2
       3
       1
       4
       2
       1
       2
       1
       5
       2
       3
       4
       4
      21
      20
      26
      31
      33
      27
       8
       9
       6
       3
       3
       2
       2
       1
       2
       2
       1
       0
       2
       1
       1
       3
       2
       0
       4
       0
       0
       2
       2
       2
       2
       1
       5
       2
       1
       0
       1
       2
       2
       2
       3
       1
       2
       1
       1
       3
       3
       0
       1
       3
       3
       3
       1
       4
       1
       4
       7
       5
       4
       3
       7
       4
       3
       1
       2
       2
       1
       0
       4
       4
       2
       3
       0
       0
       2
       2
       3
       3
       1
       2
       2
       4
       2
       3
       1
       0
       5
       2
       1
       1
       2
       6
       4
       0
       3
       0
       1
       1
       2
       0
       2
       3
       4
       2
       5
       9
       0
       2
       1
       2
       3
       0
       1
       1
       2
       4
       1
       1
       0
       2
       1
       2
       4
       0
       3
       0
       1
       3
       2
       0
       3
       5
       2
       0
       2
       0
       2
       0
       1
       4
       2
       2
       1
       0
       4
       2
       4
       3
       2
       2
       3
       1
       4
       3
       4
       1
       1
       3
       0
       1
       3
       4
       3
       5
       1
       3
       1
       3
       1
       1
       3
       1
       1
       6
       0
       3
       5
       2
       3
       6
       1
       2
       0
       2
       1
       2
       1
       1
       3
       4
       6
       9
       5
       7
       4
       7
       2
       9
      18
      18
      32
      29
      16
       4
       6
       3
       2
       3
       6
       5
       1
       2
       1
       0
       1
       0
       2
       1
       1
       1
       2
       3
       2
       3
       1
       2
       2
       2
       0
       1
       2
       1
       2
       3
       2
       1
       2
       1
       1
       1
       3
       0
       1
       2
       6
       0
       1
       1
       0
       2
       0
       1
       2
       4
       2
       2
       1
       1
       2
       0
       2
       2
       0
       0
       4
       2
       2
       1
       0
       2
       1
       1
       1
       0
       2
       1
       2
       2
       1
       3
       1
       0
       6
       0
       3
       1
       1
       0
       3
       2
       2
       2
       2
       2
       4
       2
       2
       0
       0
       3
       0
       2
       0
       1
       1
       2
       2
       3
       3
       0
       3
       1
       4
       1
       1
       2
       0
       1
       0
       2
       2
       1
       2
       3
       1
       1
       3
       0
       1
       3
       2
       0
       1
       4
       3
       2
       1
       1
       2
       1
       1
       3
       1
       2
       1
       2
       2
       0
       3
       3
       1
       2
       1
       0
       2
       0
       1
       0
       1
       3
       0
       2
       1
       0
       3
       0
       1
       1
       2
       0
       3
       4
       2
       0
       3
       0
       0
       4
       2
       6
       1
       3
       1
       2
       0
       1
       4
       0
       1
       0
       1
       0
       5
       1
       0
       1
       0
       2
       1
       2
       1
       1
       1
       0
       0
       2
       2
       2
       1
       2
       4
       4
       1
       1
       2
       0
       0
       2
       3
       3
       1
       1
       1
       1
       0
       4
       1
       3
       4
       2
       1
       0
       2
       0
       1
       0
       2
       4
       1
       0
       3
       1
       2
       4
       1
       3
       1
       2
       3
       2
       2
       1
       3
       2
       1
       1
       1
       1
       2
       4
       2
       1
       0
       0
       3
       2
       1
       0
       3
       2
       4
       1
       3
       1
       1
       3
       1
       1
       0
       4
       0
       0
       3
       3
       0
       1
       0
       2
       3
       1
       4
       0
       2
       0
       1
       2
       1
       2
       3
       1
       1
       2
       2
       2
       0
       1
       1
       2
       1
       1
       2
       1
       2
       3
       4
       0
       4
       1
       1
       1
       1
       3
       1
       1
       3
       3
       0
       2
       1
       0
       0
       1
       1
       2
       1
       2
       1
       2
       2
       1
       0
       1
       3
       2
       3
       0
       5
       2
       2
       1
       1
       0
       0
       1
       2
       0
       1
       0
       5
       1
       4
       2
       1
       0
       0
       0
       0
       1
       1
       2
       0
       2
       0
       0
       7
       1
       1
       2
       1
       2
       1
       1
       2
       0
       2
       1
       2
       2
       0
       1
       1
       2
       0
       2
       3
       0
       1
       3
       1
       1
       1
       3
       1
       2
       1
       2
       0
       1
       1
       0
       0
       2
       0
       0
       3
       1
       0
       0
       1
       2
       0
       1
       2
       0
       0
       2
       1
       3
       2
       0
       2
       1
       0
       0
       4
       3
       0
       1
       1
       0
       1
       1
       1
       0
       1
       1
       1
       2
       1
       1
       1
       0
       3
       2
       3
       2
       1
       1
       3
       2
       1
       2
       3
       1
       1
       0
       0
       3
       0
       1
       1
       0
       1
       2
       1
       1
       1
       1
       0
       2
       2
       2
       1
       0
       2
       0
       2
       3
       1
       4
       1
       1
       0
       1
       1
       1
       1
       3
       0
       0
       0
       1
       1
       3
       0
       1
       1
       0
       0
       1
       0
       0
       0
       3
       0
       0
       0
       1
       4
       0
       0
       1
       1
       0
       1
       0
       0
       0
       1
       6
       1
       2
       0
       1
       1
       0
       1
       1
       1
       0
       0
       3
       0
       0
       0
       0
       1
       1
       1
       1
       0
       4
       2
       4
       6
       5
       5
       6
       5
       3
       2
       0
       1
       1
       0
       0
       0
       0
       1
       2
       0
       2
       1
       0
       2
       1
       0
       3
       0
       2
       0
       0
       1
       2
       0
       1
       2
       0
       2
       2
       3
       2
       0
       1
       0
       0
       2
       1
       3
       0
       1
       1
       1
       0
       2
       1
       1
       2
       1
       4
       3
       0
       1
       1
       0
       0
       0
       1
       2
       0
       1
       0
       2
       0
       1
       0
       1
       2
       1
       6
       2
       1
       5
       0
       2
       1
       1
       2
       1
       1
       0
       0
       2
       0
       1
       2
       0
       1
       0
       0
       2
       3
       1
       1
       1
       1
       1
       1
       3
       1
       0
       1
       1
       2
       1
       2
       2
       0
       0
       1
       3
       3
       2
       1
       0
       0
       1
       0
       2
       1
       0
       1
       0
       0
       1
       1
       1
       1
       2
       3
       1
       4
       1
       0
       2
       2
       3
       1
       0
       0
       0
       1
       1
       1
       0
       1
       1
       2
       1
       1
       0
       1
       1
       3
       2
       1
       2
       2
       3
       1
       1
       2
       3
       1
       0
       0
       1
       0
       0
       1
       1
       1
       0
       0
       1
       1
       1
       1
       0
       0
       1
       2
       2
       1
       3
       0
       1
       3
       1
       1
       0
       0
       1
       2
       0
       1
       1
       2
       2
       0
       0
       1
       1
       0
       2
       2
       1
       1
       1
       2
       2
       2
       2
       1
       3
       6
       6
       6
       2
       4
       0
       0
       1
       2
       2
       0
       1
       0
       0
       2
       2
       1
       1
       0
       0
       3
       1
       0
       1
       1
       2
       1
       1
       1
       0
       1
       2
       0
       1
       1
       0
       1
       0
       0
       1
       0
       1
       3
       3
       1
       2
       0
       0
       0
       2
       1
       1
       0
       0
       1
       0
       0
       0
       0
       1
       0
       0
       0
       2
       1
       1
       1
       0
       5
       5
       4
       1
       2
       2
       3
       3
       0
       2
       0
       0
       2
       0
       0
       1
       0
       0
       2
       1
       0
       0
       0
       0
       3
       1
       0
       1
       2
       0
       0
       1
       1
       2
       1
       0
       3
       1
       0
       0
       1
       2
       1
       2
       1
       1
       1
       2
       1
       1
       1
       0
       0
       0
       1
       3
       1
       1
       0
       2
       0
       1
       1
       1
       0
       1
       0
       0
       2
       2
       2
       0
       1
       4
       0
       3
       0
       3
       0
       2
       2
       1
       1
       1
       2
       1
       1
       1
       2
       0
       0
       1
       0
       0
       0
       1
       1
       0
       2
       1
       2
       0
       2
       0
       1
       0
       2
       1
       2
       0
       0
       2
       1
       3
       5
       4
       3
       4
       2
       4
       2
       0
       1
       0
       0
       2
       1
       1
       1
       1
       0
       2
       1
       1
       0
       1
       0
       2
       1
       0
       0
       2
       0
       2
       2
       0
       1
       1
       0
       1
       2
       1
       1
       0
       1
       3
       0
       1
       0
       1
       0
       0
       0
       0
       1
       0
       0
       0
       0
       1
       0
       0
       0
       0
       1
       1
       1
       0
       0
       0
       1
       0
       1
       1
       1
       1
       0
       1
       2
       0
       2
       0
       0
       0
       1
       0
       0
       0
       1
       1
       2
       1
       0
       0
       1
       2
       0
       0
       1
       1
       2
       2
       0
       0
       1
       1
       0
       0
       0
       0
       0
       1
       1
       1
       1
       2
       1
       1
       1
       2
       1
       2
       0
       0
       1
       0
       2
       0
       2
       1
       0
       1
       0
       1
       2
       2
       0
       0
       0
       2
       1
       0
       2
       1
       0
       0
       0
       2
       0
       1
       3
       1
       0
       0
       0
       2
       1
       2
       1
       0
       1
       1
       1
       0
       0
       2
       0
       0
       4
       0
       2
       0
       4
       1
       2
       1
       1
       1
       2
       0
       1
       0
       2
       1
       0
       1
       0
       1
       1
       1
       2
       1
       0
       1
       1
       1
       1
       0
       0
       1
       0
       1
       0
       0
       2
       0
       0
       0
       0
       1
       1
       2
       0
       0
       0
       0
       1
       2
       1
       2
       4
       0
       2
       1
       0
       0
       2
       0
       2
       2
       0
       0
       2
       2
       1
       0
       0
       2
       2
       1
       1
       1
       0
       0
       0
       0
       1
       0
       0
       2
       1
       0
       0
       1
       1
       2
       1
       0
       0
       1
       0
       1
       1
       0
       1
       2
       0
       0
       0
       0
       2
       1
       0
       3
       1
       0
       1
       1
       4
       1
       3
       2
       2
       0
       1
       0
       0
       1
       0
       1
       2
       0
       0
       1
       0
       1
       0
       1
       2
       0
       2
       1
       0
       1
       0
       0
       0
       2
       2
       0
       2
       0
       0
       0
       0
       2
       1
       1
       0
       1
       1
       3
       0
       2
       1
       1
       1
       0
       1
       1
       0
       0
       0
       1
       1
       0
       1
       2
       0
       0
       1
       2
       1
       0
       0
       0
       0
       0
       0
       2
       0
       1
       0
       0
       1
       0
       0
       1
       1
       0
       0
       0
       0
       1
       0
       1
       0
       3
       0
       2
       0
       0
       0
       1
       1
       0
       1
       0
       0
       2
       1
       1
       0
       1
       1
       1
       1
       1
       1
       2
       1
       0
       0
       1
       1
       0
       0
       1
       1
       1
       0
       0
       0
       0
       1
       0
       1
       0
       0
       0
       1
       1
       0
       0
       1
       0
       0
       2
       0
       1
       2
       0
       1
       1
       0
       0
       2
       0
       0
       3
       0
       1
       1
       0
       0
       1
       2
       0
       0
       1
       2
       1
       0
       0
       0
       0
       0
       0
       1
       0
       0
       0
       0
       1
       0
       2
       1
       0
       1
       1
       0
       0
       1
       0
       2
       2
       0
       0
       0
       0
       0
       0
       1
       1
       1
       0
       1
       1
       0
       0
       0
       0
       0
       0
       0
       1
       3
       1
       0
       0
       0
       1
       0
       0
       0
       2
       2
       1
       0
       0
       1
       0
       1
       1
       3
       2
       3
       2
       0
       2
       0
       0
       0
       1
       1
       0
       1
       0
       1
       0
       2
       2
       1
       0
       2
       1
       1
       2
       0
       1
       1
       1
       2
       0
       1
       3
       0
       1
       1
       1
       1
       1
       1
       3
       1
       1
       0
       0
       2
       0
       1
       1
       0
       0
       0
       1
       1
       0
       0
       0
       0
       0
       0
       1
       1
       0
       0
       2
       0
       2
       0
       1
       0
       1
       0
       0
       0
       1
       0
       2
       1
       0
       0
       0
       1
       0
       1
       1
       0
       0
       2
       0
       0
       0
       0
       1
       0
       1
       0
       0
       1
       0
       4
       0
       2
       0
       0
       0
       0
       1
       0
       1
       0
       0
       0
       1
       1
       0
       0
       0
       0
       0
       2
       0
       1
       3
       0
       0
       1
       1
       0
       0
       0
       1
       0
       0
       1
       1
       2
       1
       0
       2
       0
       0
       1
       2
       0
       2
       0
       2
       0
       0
       0
       0
       1
       1
       1
       0
       0
       0
       1
       1
       0
       0
       1
       1
       0
       0
       1
       1
       2
       0
       0
       0
       2
       0
       2
       0
       0
       0
       0
       0
       2
       0
       2
       1
       0
       1
       2
       0
       2
       0
       1
       2
       1
       1
       1
       2
       1
       2
       1
       0
       0
       0
       0
       1
       1
       1
       0
       0
       1
       1
       0
       1
       0
       3
       1
       1
       0
       1
       1
       0
       1
       1
       0
       0
       0
       1
       0
       0
       2
       1
       2
       0
       2
       0
       0
       0
       3
       1
       0
       0
       0
       1
       0
       1
       2
       1
       1
       1
       0
       2
       0
       0
       5
       1
       1
       1
       0
       1
       0
       0
       1
       0
       0
       1
       0
       2
       0
       0
       0
       1
       0
       0
       0
       0
       0
       0
       0
       2
       0
       1
       3
       1
       0
       0
       0
       0
       0
       1
       0
       0
       0
       0
       0
       0
       2
       0
       1
       3
       0
       1
       0
       0
       0
       0
       0
       0
       0
       0
       2
       1
       0
       1
       0
       0
       0
       1
       0
       0
       2
       0
       0
       1
       0
       0
       0
       0
       1
       0
       0
       0
       0
       0
       1
       3
       0
       1
       2
       0
       2
       0
       1
       1
       0
       0
       1
       0
       0
       0
       0
       0
       0
       0
       0
       0
       3
       0
       0
       0
       1
       1
       1
       1
       0
       0
       0
       0
       0
       0
       0
       2
       0
       0
       1
       2
       2
       0
       0
       2
       0
       2
       0
       0
       1
       1
       0
       0
       0
       0
       0
       1
       1
       1
       0
       0
       0
       0
       0
       0
       0
       0
       0
       2
       0
       0
       1
       1
       1
       0
       1
       1
       1
       0
       0
       0
       0
       2
       0
       0
       0
       0
       0
       1
       1
       1
       1
       4
       1
       3
       5
       0
       1
       0
       1
       0
       1
       0
       0
       0
       0
       1
       1
       0
       1
       0
       0
       0
       0
       2
       2
       0
       4
       0
       1
       1
       0
       0
       0
       0
       0
       0
       0
       0
       0
       0
       0
       0
       0
       0
       0
       0
       1
       1
       0
       0
       1
       1
       0
       1
       0
       0
       0
       2
       1
       0
       1
       0
       0
       1
       1
       0
       0
       0
       0
       1
       0
       1
       0
       0
       1
       1
       1
       1
       2
       0
       0
       0
       0
       0
       0
       0
       0
       1
       1
       1
       1
       0
       1
       0
       0
       3
       0
       0
       2
       3
       1
       0
       0
       0
       0
       0
       0
       0
       0
       0
       0
       2
       1
       2
       0
       0
       1
       1
       0
       0
       1
       0
       1
       0
       0
       2
       1
       0
       0
       1
       0
       1
       0
       0
       1
       0
       1
       0
       1
       0
       1
       2
       0
       0
       0
       0
       1
       1
       2
       0
       0
       0
       0
       0
       1
       0
       2
       1
       0
       0
       0
       0
       0
       0
       0
       1
       0
       0
       2
       1
       1
       0
       0
       0
       0
       0
       2
       0
       1
       1
       0
       0
       0
       0
       0
       0
       0
       1
       0
       1
       1
       1
       1
       0
       0
       1
       1
       3
       1
       0
       0
       2
       0
       0
       0
       0
       0
       0
       0
       0
       1
       0
       1
       0
       1
       0
       0
       0
       3
       0
       1
       0
       0
       1
       0
       0
       0
       0
       0
       0
       0
       0
       0
       0
       1
       0
       0
       0
       0
       0
       0
       2
       0
       0
       0
       0
       0
       1
       1
       2
       0
       0
       0
       1
       0
       0
       0
       0
       1
       0
       1
       1
       0
       1
       1
       0
       0
       1
       0
       0
       1
       0
       0
       0
       0
       0
       3
       0
       0
       1
       0
       1
       0
       0
       1
       0
       0
       0
       1
       1
       0
       2
       0
       1
       1
       0
       0
       0
       1
       0
       0
       0
       1
       0
       0
       0
       0
       0
       0
       0
       0
       1
       0
       0
       0
       1
       0
       0
       0
       0
       1
       1
       0
       2
       0
       0
       0
       1
       0
       0
       0
       0
       0
       0
       2
       0
       0
       1
       1
       0
       0
       0
       0
       0
       2
       0
       0
       0
       0
       0
       1
       0
       0
       0
       1
       0
       0
       1
       1
       1
       0
       0
       0
       1
       0
       1
       0
       2
       0
       0
       1
       0
       0
       0
       0
       1
       0
       0
       0
       0
       0
       0
       1
       0
       1
       0
       0
       0
       0
       0
       0
       0
       0
       0
       0
       0
       1
       0
       0
       0
       0
       0
       0
       0
       0
       1
       0
       0
       1
       0
       2
       1
       1
       1
       0
       1
       0
       2
       0
       0
       0
       0
       0
       1
       0
       2
       0
       0
       1
       0
       0
       0
       0
       0
       0
       0
       1
       0
       0
       0
       1
       0
       1
       0
       0
       0
       0
       0
       0
       0
       0
       0
       1
       0
       0
       0
       0
       0
       0
       0
       1
       0
       0
       1
       0
       0
       0
       0
       0
       1
       0
       0
       0
       0
       0
       0
       0
       1
       1
       1
       1
       1
       0
       1
       0
       0
       0
       0
       0
       0
       1
       0
       0
       0
       1
       0
       0
       0
       0
       1
       0
       1
       4
       3
       3
       3
       3
       4
       3
       0
       2
       1
       0
       0
       1
       1
       0
       1
       1
       2
       2
       2
       0
       0
       0
       0
       0
       1
       0
       1
       0
       0
       0
       0
       0
       0
       0
       1
       0
       0
       0
       1
       0
       0
       0
       2
       1
       0
       0
       0
       2
       0
       1
       0
       0
       2
       2
       0
       2
       2
       0
       0
       0
       0
       0
       0
       0
       0
       0
       0
       0
       0
       0
       0
       0
       3
       1
       0
       0
       0
       0
       0
       0
       0
       0
       1
       0
       0
       0
       1
       0
       0
       0
       0
       0
       0
       0
       0
       2
       0
       0
       0
       0
       0
       0
       0
       0
       0
       0
       0
       0
       0
       0
       0
       0
       0
       0
       0
       0
       0
       0
       0
       0
       2
       0
       2
       0
       0
       0
       0
       0
       0
       0
       0
       0
       1
       0
       0
       0
       0
       0
       0
       1
       0
       0
       0
       1
       3
       1
       0
       0
       0
       0
       0
       0
       0
       0
       0
       1
       0
       0
       0
       0
       0
       0
       0
       0
       0
       0
       0
       0
       0
       0
       0
       1
       0
       0
       0
       0
       0
       0
       1
       0
       2
       0
       0
       0
       0
       0
       1
       0
       1
       1
       0
       0
       1
       0
       0
       0
       0
       0
       0
       0
       1
       0
       1
       0
       0
       1
       1
       0
       0
       0
       0
       0
       0
       0
       0
       0
       0
       0
       0
       0
       0
       0
       1
       0
       1
       0
       1
       1
       0
       0
       0
       0
       1
       0
       0
       2
       0
       0
       0
       0
       0
       0
       1
       0
       0
       0
       0
       0
       0
       0
       0
       0
       0
       0
       1
       0
       0
       1
       0
       0
       0
       0
       0
       0
       0
       0
       0
       0
       1
       0
       0
       1
       0
       1
       0
       1
       0
       0
       0
       0
       0
       0
       0
       0
       0
       0
       0
       0
       1
       0
       1
       1
       0
       0
       0
       0
       0
       0
       1
       1
       1
       0
       0
       0
       0
       0
       1
       1
       0
       0
       0
       0
       0
       0
       0
       0
       0
       0
       0
       0
       0
       1
       0
       0
       0
       0
       0
       0
       0
       1
       1
       0
       0
       0
       0
       0
       0
       0
       0
       0
       0
       0
       0
       0
       0
       0
       0
       0
       0
       0
       0
       0
       0
       0
       1
       0
       1
       1
       0
       0
       0
       0
       0
       0
       0
       0
       0
       0
       0
       0
       0
       1
       0
       0
       0
       0
       0
       0
       0
       0
       2
       0
       1
       1
       0
       0
       0
       0
       1
       0
       1
       1
       0
       0
       0
       0
       0
       0
       0
       0
       1
       0
       1
       1
       0
       0
       0
       0
       0
       0
       0
       0
       0
       0
       1
       1
       1
       0
       1
       0
       0
       0
       0
       1
       0
       0
       0
       0
       0
       1
       1
       0
       0
       0
       0
       0
       0
       0
       0
       0
       0
       0
       0
       0
       0
       0
       0
       0
       0
       0
       0
       0
       0
       0
       0
       0
       0
       1
       0
       0
       1
       0
       0
       0
       0
       0
       0
       0
       0
       0
       0
       0
       0
       0
       0
       0
       0
       0
       0
       0
       0
       0
       1
       1
       0
       0
       0
       1
       0
       0
       0
       0
       0
       0
       0
       0
       0
       0
       0
       0
       0
       0
       0
       0
       0
       0
       0
       0
       0
       0
       1
       0
       0
       0
       1
       0
       0
       0
       0
       0
       0
       0
       0
       0
       1
       0
       0
       0
       0
       1
       0
       0
       0
       0
       0
       0
       0
       0
       0
       0
       0
       0
       0
       0
       0
       0
       1
       0
       1
       0
       1
       0
       0
       1
       1
       0
       0
       1
       0
       0
       0
       0
       0
       0
       0
       1
       0
       2
       3
       2
       0
       2
       0
       1
       0
       2
       1
       0
       0
       0
       0
       0
       1
       0
       0
       0
       0
       1
       0
       0
       0
       0
       0
       0
       0
       0
       0
       0
       1
       0
       0
       1
       0
       0
       1
       0
       1
       0
       0
       0
       0
       0
       0
       0
       0
       1
       0
       0
       0
       0
       0
       0
       0
       0
       0
       0
       0
       0
       0
       0
       0
       0
       1
       0
       0
       0
       0
       0
       0
       0
       0
       0
       0
       0
       0
       0
       0
       1
       0
       0
       2
       0
       0
       0
       0
       0
       0
       1
       0
       0
       0
       0
       0
       0
       0
       0
       0
       0
       0
       0
       0
       0
       0
       0
       0
       0
       0
       0
       0
       0
       0
       0
       0
       0
       0
       0
       0
       0
       1
       0
       0
       1
       0
       0
       0
       0
       0
       0
       0
       0
       0
       0
       0
       0
       0
       0
       0
       0
       0
       0
       0
       1
       0
       0
       0
       1
       0
       0
       0
       0
       0
       0
       0
       1
       0
       0
       0
       1
       1
       1
       0
       1
       1
       0
       1
       1
       1
       0
       0
       0
       1
       0
       0
       0
       0
       0
       0
       1
       0
       0
       0
       0
       0
       0
       0
       1
       1
       0
       0
       0
       2
       1
       0
       0
       1
       0
       0
       0
       0
       0
       0
       0
       0
       0
       0
       0
       0
       0
       0
       0
       0
       0
       0
       1
       0
       0
       1
       0
       0
       0
       1
       0
       0
       0
       0
       1
       0
       0
       0
       0
       1
       0
       0
       0
       0
       0
       0
       0
       0
       1
       0
       0
       0
       0
       0
       0
       0
       0
       0
       0
       0
       0
       0
       0
       0
       0
       0
       0
       0
       0
       0
       1
       0
       0
       0
       0
       1
       0
       0
       0
       0
       0
       0
       1
       0
       0
       0
       0
       1
       0
       0
       1
       0
       0
       1
       0
       0
       0
       1
       0
       0
       0
       0
       0
       1
       0
       0
       0
       0
       0
       0
       0
       0
       1
       0
       0
       0
       1
       0
       0
       0
       0
       0
       0
       0
       0
       0
       0
       0
       0
       1
       1
       0
       0
       1
       0
       1
       0
       0
       0
       0
       0
       0
       0
       1
       0
       0
       0
       0
       0
       1
       1
       0
       0
       0
       0
       0
       0
       0
       0
       0
       0
       0
       0
       0
       0
       0
       1
       0
       0
       0
       0
       0
       0
       0
       0
       0
       0
       0
       0
       0
       0
       0
       1
       0
       0
       0
       0
       0
       1
       0
       1
       0
       1
       0
       0
       0
       1
       0
       0
       0
       0
       0
       0
       0
       0
       0
       0
       0
       0
       0
       0
       0
       0
       0
       1
       0
       0
       0
       0
       0
       0
       0
       0
       0
       0
       0
       0
       0
       0
       0
       0
       0
       0
       0
       0
       0
       0
       0
       0
       0
       1
       0
       1
       0
       0
       0
       0
       0
       0
       0
       0
       1
       0
       0
       0
       0
       0
       0
       0
       0
       0
       0
       0
       0
       0
       0
       0
       1
       1
       0
       0
       0
       0
       0
       0
       0
       0
       0
       0
       1
       0
       0
       0
       0
       0
       0
       0
       0
       1
       0
       0
       0
       0
       1
       0
       0
       1
       0
       0
       0
       0
       0
       0
       0
       0
       0
       0
       0
       0
       0
       0
       0
       0
       0
       0
       0
       0
       0
       0
       0
       0
       0
       0
       0
       0
       0
       0
       0
       0
       0
       0
       0
       0
       0
       0
       0
       0
       0
       0
       0
       0
       0
       2
       0
       0
       0
       0
       0
       0
       0
       0
       0
       0
       0
       0
       0
       0
       0
       0
       0
       0
       0
       1
       0
       0
       0
       1
       0
       0
       0
       0
       0
       1
       0
       0
       0
       0
       0
       0
       1
       0
       0
       0
       0
       0
       0
       0
       0
       0
       0
       0
       0
       0
       0
       0
       0
       0
       0
       0
       0
       0
       0
       0
       0
       0
       0
       1
       1
       0
       0
       1
       0
       0
       0
       0
       0
       0
       0
       0
       0
       0
       0
       0
       0
       0
       0
       0
       0
       0
       0
       0
       0
       0
       0
       0
       0
       0
       0
       0
       0
       0
       0
       0
       0
       0
       0
       0
       0
       0
       1
       0
       0
       0
       0
       0
       0
       0
       0
       0
       0
       0
       1
       0
       0
       2
       0
       0
       0
       0
       0
       0
       0
       0
       0
       0
       0
       0
       0
       0
       0
       0
       0
       0
       0
       0
       0
       0
       0
       0
       0
       0
       0
       0
       0
       0
       0
       1
       0
       0
       0
       0
       0
       0
       0
       0
       0
       0
       0
       0
       0
       0
       0
       0
       0
       0
       1
       2
       0
       0
       0
       2
       0
       0
       0
       0
       0
       0
       0
       0
       0
       0
       0
       0
       0
       0
       0
       0
       0
       0
       0
       0
       0
       0
       0
       0
       0
       0
       0
       0
       0
       0
       0
       1
       0
       0
       0
       0
       0
       0
       0
       0
       0
       0
       0
       0
       1
       0
       0
       0
       0
       0
       0
       0
       0
       0
       0
       0
       0
       0
       0
       0
       1
       0
       0
       0
       0
       1
       0
       1
       0
       0
       0
       0
       0
       0
       0
       0
       1
       0
       0
       0
       0
       0
       0
       0
       0
       0
       0
       0
       0
       0
       0
       0
       0
       0
       0
       0
       0
       0
       0
       0
       0
       0
       0
       0
       1
       0
       0
       0
       0
       0
       0
       0
       0
       0
       0
       0
       0
       0
       0
       0
       0
       0
       0
       0
       0
       0
       0
       0
       0
       0
       0
       1
       0
       0
       0
       0
       0
       0
       0
       0
       0
       0
       0
       0
       0
       0
       0
       1
       0
       0
       0
       0
       0
       0
       0
       0
       0
       0
       0
       0
       0
       0
       0
       0
       1
       1
       0
       0
       0
       0
       0
       0
       0
       0
       0
       0
       0
       0
       0
       0
       1
       0
       0
       0
       0
       0
       0
       1
       0
       0
       0
       0
       0
       0
       0
       0
       0
       0
       0
       0
       1
       0
       0
       0
       0
       0
       0
       0
       1
       0
       0
       0
       0
       1
       0
       0
       0
       1
       0
       0
       0
       0
       0
       0
       0
       0
       0
       0
       0
       0
       0
       0
       0
       0
       0
       0
       0
       0
       0
       0
       0
       0
       0
       0
       0
       0
       0
       0
       0
       0
       0
       0
       0
       0
       0
       0
       0
       1
       0
       0
       0
       1
       0
       0
       0
       0
       0
       0
       0
       0
       0
       0
       0
       0
       0
       0
       0
       0
       0
       0
       0
       0
       0
       0
       0
       0
       0
       1
       0
       0
       1
       0
       0
       0
       0
       0
       0
       0
       0
       0
       0
       0
       1
       0
       1
       1
       0
       0
       0
       1
       0
       0
       0
       0
       0
       0
       0
       0
       0
       0
       0
       0
       0
       0
       1
       0
       0
       0
       0
       0
       0
       0
       0
       0
       0
       0
       0
       0
       0
       0
       0
       0
       0
       0
       0
       0
       0
       1
       0
       0
       0
       0
       0
       0
       0
       0
       1
       0
       0
       0
       0
       0
       0
       0
       0
       0
       0
       0
       0
       0
       0
       0
       0
       0
       0
       0
       0
       0
       0
       0
       0
       0
       0
       0
       1
       0
       0
       0
       0
       0
       0
       0
       0
       0
       0
       0
       1
       0
       0
       0
       0
       0
       0
       0
       0
       0
       0
       0
       0
       0
       0
       0
       0
       0
       0
       0
       0
       0
       0
       0
       0
       0
       0
       0
       0
       0
       0
       0
       0
       0
       0
       0
       0
       0
       0
       0
       0
       0
       0
       0
       0
       0
       0
       0
       0
       0
       0
       0
       0
       0
       0
       0
       0
       0
       0
       0
       0
       0
       1
       0
       0
       0
       0
       0
       0
       0
       0
       0
       0
       0
       0
       0
       0
       0
       0
       0
       0
       0
       1
       0
       0
       0
       0
       0
       0
       0
       0
       0
       0
       0
       0
       0
       0
       0
       0
       0
       0
       0
       0
       0
       0
       0
       0
       0
       0
       0
       0
       0
       0
       0
       0
       1
       1
       0
       0
       0
       0
       0
       0
       0
       0
       0
       0
       0
       0
       1
       0
       0
       0
       0
       0
       0
       0
       0
       0
       0
       0
       0
       0
       0
       0
       0
       0
       0
       0
       0
       1
       0
       0
       0
       0
       0
       0
       0
       0
       0
       0
       0
       0
       0
       0
       0
       0
       0
       0
       0
       0
       0
       0
       0
       0
       0
       0
       0
       0
       0
       0
       1
       0
       0
       0
       0
       0
       0
       1
       0
       0
       0
       0
       0
       0
       0
       0
       0
       0
       0
       0
       0
       0
       0
       0
       0
       0
       0
       0
       0
       0
       0
       0
       0
       0
       0
       0
       0
       0
       0
       0
       0
       0
       0
       0
       0
       0
       0
       0
       0
       1
       0
       0
       0
       0
       0
       0
       0
       0
       0
       0
       0
       0
       0
       0
       0
       1
       0
       0
       0
       0
       0
       0
       0
       0
       0
       0
       0
       0
       2
       0
       0
       0
       0
       0
       0
       0
       0
       0
       0
       0
       0
       0
       0
       0
       0
       0
       0
       0
       0
       0
       0
       0
       0
       0
       0
       0
       0
       0
       0
       0
       0
       0
       0
       0
       0
       0
       0
       0
       0
       0
       0
       0
       0
       0
       0
       0
       0
       0
       0
       0
       0
       0
       0
       0
       0
       0
       0
       0
       0
       0
       0
       0
       0
       0
       0
       0
       0
       0
       0
       0
       0
       0
       0
       0
       0
       0
       0
       0
       0
       0
       0
       0
       0
       0
       0
       0
       0
       0
       0
       0
       0
       0
       0
       0
       0
       0
       0
       0
       0
       0
       0
       0
       0
       0
       0
       0
       0
       0
       0
       0
       0
       0
       0
       0
       0
       0
       0
       0
       0
       0
       0
       0
       0
       0
       0
       0
       0
       0
       0
       0
       0
       0
       0
$ROI:
0
$PRESETS:
Real Time
180
0
$ENER_FIT:
0.888569 0.390988
$MCA_CAL:
3
8.885689E-001 3.909876E-001 3.191953E-008 keV
$SHAPE_CAL:
3
0.000000E+000 0.000000E+000 0.000000E+000
