$SPEC_ID:
1
$SPEC_REM:
DET# 2
DETDESC# MCB 130 Normal
AP# Maestro Version 7.01
$DATE_MEA:
09/10/2019 15:09:28
$MEAS_TIM:
178 180
$DATA:
0 8191
       0
       0
       0
       0
       0
       0
       0
       0
       0
       0
       0
       0
       0
       0
       0
       0
       0
       0
       0
       0
       0
       0
       0
       0
       0
       0
       7
     277
      67
      34
      56
      79
      99
     167
     142
     123
      69
      82
      63
      75
      97
     118
     101
     117
     139
     117
      60
      49
      53
      54
      56
      86
      76
      93
      75
      60
      61
      65
      69
      70
      67
      52
      54
      49
      49
      51
      48
      60
      53
      59
      77
      76
      60
      63
      48
      62
      73
      66
      61
      56
      38
      50
      46
      46
      43
      61
      71
      79
      95
     111
     119
      77
      46
      38
      48
      45
      48
      55
      51
      59
      54
      63
      54
      67
      44
      46
      49
      69
      51
      51
      53
      46
      45
      47
      53
      45
      61
      62
      47
      47
      47
      54
      48
      66
      58
      60
      65
      61
      65
      68
      67
      64
      74
      72
      56
      57
      48
      50
      54
      54
      59
      60
      71
      84
      87
      99
      81
      68
      79
      80
      64
      84
      73
      77
      71
      85
      77
      71
      61
      74
      61
      80
      55
      93
      77
      76
      82
      91
      85
      80
      67
      82
      86
      96
      87
      87
      83
      85
      77
      90
      83
     109
     103
     103
      94
     105
     102
      88
     118
     139
     122
     120
     101
     100
      90
     106
     118
      99
      79
      90
      99
     111
     107
     119
     113
     119
     136
      97
     112
     101
     105
     122
     105
     153
     147
     145
     112
     107
     118
     133
     148
     148
     112
     100
     117
     112
     101
      98
     113
     114
      97
     105
     116
     130
     111
     111
     120
     129
     107
     130
     137
     118
     118
     118
     118
     103
     108
     128
     121
     152
     159
     199
     290
     305
     222
     162
     132
     122
     105
     127
     113
     137
     255
     415
     450
     298
     176
     156
     235
     501
     586
     335
     157
     105
      88
      98
      84
      90
      99
      93
      89
     110
      98
      76
      86
      92
      83
      87
      90
      88
      98
      97
      87
      85
     103
     130
     123
     168
     152
     144
     132
      96
     111
      84
      91
     108
     114
     121
     102
      94
      82
     105
      88
      83
      85
      87
      88
      80
      70
      86
      76
      88
      90
      71
      68
      87
      73
      82
      84
      83
      82
      64
      83
      66
      91
      75
      97
      90
      86
      87
      83
      80
      78
      74
      74
      85
      82
      91
      72
      83
      88
      74
      85
      82
      78
      85
     104
     144
     178
     146
      79
      69
      71
      55
      60
      91
      81
      85
      73
      80
      90
      65
      70
      78
      81
      70
      69
      61
      87
      64
      87
      58
      96
      66
      74
      79
      69
      64
      71
      68
      62
      71
      70
      68
      74
      66
      61
      68
      53
      59
      61
      52
      66
      62
      51
      53
      58
      58
      67
      43
      56
      69
      53
      61
      57
      68
      58
      64
      67
      51
      53
      59
      55
      52
      56
      64
      55
      67
      65
      76
      60
      48
      65
      64
      50
      53
      53
      48
      45
      47
      62
      59
      62
      52
      52
      46
      58
      46
      49
      56
      42
      57
      52
      57
      52
      45
      45
      49
      54
      47
      41
      63
      56
      51
      48
      47
      61
      50
      57
      45
      52
      33
      63
      49
      50
      45
      35
      58
      47
      38
      40
      48
      60
      50
      43
      47
      38
      56
      44
      40
      51
      45
      51
      34
      55
      48
      48
      57
      30
      63
      41
      42
      43
      34
      40
      46
      37
      44
      34
      37
      53
      38
      41
      43
      39
      48
      38
      36
      37
      30
      38
      44
      31
      54
      40
      36
      36
      41
      46
      40
      31
      31
      34
      43
      72
      83
      70
      52
      31
      36
      40
      32
      50
      35
      36
      23
      39
      39
      34
      38
      45
      35
      35
      34
      35
      28
      26
      42
      29
      34
      36
      34
      39
      30
      31
      32
      27
      37
      30
      32
      34
      29
      31
      31
      26
      31
      37
      44
      35
      42
      71
     124
     191
     179
     118
      51
      37
      25
      30
      33
      32
      29
      31
      26
      28
      26
      24
      33
      35
      27
      24
      30
      29
      33
      27
      32
      43
      33
      40
      45
      41
      35
      38
      29
      31
      41
      32
      48
      30
      28
      39
      25
      26
      20
      23
      30
      25
      22
      21
      28
      29
      27
      28
      35
      41
      37
      85
     162
     154
     113
      73
      45
      28
      30
      27
      22
      30
      19
      24
      28
      22
      27
      26
      29
      25
      21
      23
      30
      17
      23
      20
      28
      28
      33
      25
      18
      28
      27
      20
      24
      35
      29
      23
      25
      20
      34
      19
      24
      28
      29
      24
      27
      29
      26
      21
      19
      17
      26
      28
      23
      27
      19
      26
      17
      23
      21
      21
      21
      28
      27
      22
      25
      22
      20
      22
      28
      33
      78
     109
     172
     118
      64
      29
      14
      24
      26
      17
      24
      18
      26
      22
      30
      12
      20
      15
      25
      26
      33
      25
      29
      25
      26
      18
      17
      18
      11
      23
      22
      16
      28
      12
      14
      17
       9
      15
      21
      32
      31
      54
      69
      48
      34
      27
      27
      26
      35
      25
      22
      16
      23
      29
      27
      59
      54
      45
      30
      23
      22
      14
      12
      17
      16
      16
      14
      22
      27
      22
      12
      13
      19
      15
      10
      16
      15
      14
      20
      19
      29
      30
      24
      18
      19
      14
      20
      24
      17
      18
      19
      10
      15
      15
      16
       9
       8
      17
      22
      33
      58
      55
      41
      37
      23
      16
      10
      17
      23
      15
      10
      18
      21
      17
      16
      13
      18
      12
       9
      11
      16
      15
      14
      11
      13
      13
      12
       6
      16
      16
      20
      14
      14
      20
      10
      13
      10
      14
      17
      10
      14
      13
      14
      19
      12
      28
      26
      30
      31
      13
      12
      10
       9
      14
      14
      13
      18
      18
      13
      24
      16
      15
      15
       8
      14
      17
      13
       7
      15
      11
       9
      16
       7
      15
      13
      15
      16
      17
      14
      12
       8
      12
       9
      18
       9
      14
      13
       8
      16
      16
      14
      28
      32
      29
      14
      10
      18
      10
      21
      15
      12
      10
      18
      12
       8
      11
       9
      15
      12
      10
      11
      13
       9
       7
      12
      11
      12
      12
      11
      14
       9
      10
       7
      11
      14
      22
      11
       5
       9
       8
      12
      15
      13
      10
       7
       9
       9
       9
      12
      13
      10
      14
      11
       8
      10
       8
       7
       7
       8
       7
       8
      11
       6
      10
      12
      10
      12
       8
       9
      11
       7
       7
       8
       9
       8
       7
      10
      14
       7
       8
      17
       9
      11
       6
      13
      11
      12
       8
      14
      11
       9
      10
       8
       9
      10
       9
      12
       7
       9
       9
       9
      10
      10
       9
      15
       8
       6
      15
       8
      13
       6
      14
       5
       7
      10
       7
       4
      12
      15
       7
       8
       6
       9
       5
       8
      10
       9
      11
       8
       8
      12
       9
       5
       8
       5
      12
       9
       5
       9
      10
       7
      10
      11
       6
      12
      11
       8
      12
      14
      11
       6
       7
       8
       9
       8
       9
       9
       8
      13
       9
       8
       6
      13
      13
       7
       4
      10
       8
       9
      11
      12
      14
       3
      12
       7
       7
       9
      12
       7
       7
       6
       5
       3
       9
       6
      11
       5
       9
       4
       6
      11
       8
      11
       6
       3
      10
       9
      10
       4
      10
      10
       8
       6
       9
       4
       5
       4
       7
       6
      11
      12
       5
       9
      11
       5
       7
      13
       4
       7
       5
       6
       5
       6
       5
       9
       7
       5
       7
      10
       8
       8
       9
       5
       6
       8
      11
       8
       4
       7
       8
      11
       9
       7
      11
       8
      12
       7
       7
       5
       7
      11
       3
       7
       4
       7
       4
       6
       6
       7
       7
       8
       6
       6
       3
       4
       4
      11
      11
       6
       9
      13
       4
       5
       3
       6
       8
      10
       9
       4
       5
       6
       8
       9
       1
       6
       8
       5
      13
       4
       5
       7
      11
       6
       8
       4
       5
       7
      11
      12
      18
      20
      16
      12
      12
       9
      11
       8
       4
       9
       6
       5
       6
       3
       8
       5
       8
       8
       7
       6
       8
       7
       5
       7
       3
      11
      14
       4
       7
       7
       5
       3
       5
       1
       9
       7
      10
       8
      10
       6
      10
       4
      10
       3
       4
       8
       7
       8
       9
       3
       8
       9
       5
       2
       4
       9
       7
      11
       7
       3
       6
       8
       4
       3
       5
       8
       5
       7
       6
       5
       8
       7
       9
       8
       6
      10
      13
       8
       6
       6
       8
       6
       3
       6
       6
       4
       6
       5
       7
       6
      10
       5
      10
       6
       8
       3
       6
       7
      11
       7
       7
       9
       9
      10
       8
       6
       6
       8
      12
       9
       8
       9
       7
       5
       7
       9
       7
       9
      13
       5
       5
       4
       7
       5
       5
       3
       6
       5
       4
       5
       7
       7
       5
       4
       2
       6
       6
       6
       4
       7
      10
       9
       8
       7
       2
       8
       5
       7
       9
       7
       6
       3
       6
       9
       7
       7
       8
      37
      62
      46
      59
      39
      13
       5
       3
       8
       5
       3
       7
       2
       3
       5
       4
       3
       3
       5
       8
      10
       8
       6
       6
       2
       4
       3
       3
       9
       6
       6
       4
       6
       4
       5
       5
       4
       5
      10
       7
       3
       3
       7
       5
      12
       6
       3
      10
       4
       3
       5
       5
       9
       6
       4
       3
       0
       3
       5
       4
       4
       3
       7
       5
       7
       6
      19
      34
      21
      22
      11
      10
       4
       3
       1
       1
       5
       4
       7
       4
       8
       7
       3
       3
       5
       4
       4
       5
       5
       2
       6
       6
       2
       4
       4
       5
       4
       1
       9
       4
       7
       5
       2
       5
       1
       4
       3
       8
       5
       3
       2
       4
       3
       2
       6
       0
       7
       3
       6
       2
       9
       3
       2
       3
       5
       7
       6
       5
       5
       4
       4
       3
       5
       1
       3
       5
       7
       5
      10
      11
       7
      10
       6
       6
       6
       6
       4
       7
       4
       6
       3
       8
       8
       1
       6
       2
       7
       9
       6
       7
       2
       3
       5
       7
       4
       0
       3
       2
       4
       2
       8
       7
       6
       5
       4
       2
       6
       3
       3
       2
       7
       5
       6
       0
       3
       4
       5
       3
       5
       2
       3
       6
       6
       6
       4
       8
       4
       3
       6
       3
       8
       6
       5
      17
      16
      14
      15
      11
      13
       3
       5
       2
       3
       7
       5
       1
       2
       4
       2
       0
       4
       3
       5
       5
       2
       4
       5
       2
       2
       5
       6
       4
       6
       7
       3
       4
       3
       2
       5
       7
       7
       3
       2
       4
       3
       2
       4
       2
       0
       5
       2
       4
       4
       7
       2
       2
       5
       3
       4
       4
       6
       2
       6
       4
       7
       4
       5
       3
       2
       2
       3
       2
       0
       3
       7
       6
       4
       2
       5
       4
       4
       0
       2
       2
       5
       6
       3
       5
       3
       4
       3
       0
       3
       1
       3
       2
       3
       2
       3
       5
       4
       4
       4
       1
       2
       1
       4
       4
       5
       2
       8
       3
       2
       1
       8
       7
       6
       6
       4
       3
       3
       3
       2
       1
       1
       4
       8
       9
      16
      28
      56
      42
      20
      17
       2
       5
       4
       3
       7
       3
       7
       3
       4
       4
       5
       8
       9
       6
       2
       3
       7
       4
       5
       5
      17
      20
      23
       9
       4
       4
       6
       2
       2
       4
       4
       3
       2
       3
       4
       2
       3
       3
       2
       1
       1
       4
       4
       1
       2
       7
       2
       5
       3
       2
       1
       2
       4
       5
       4
       3
       2
       5
       2
       7
       6
       2
       2
       4
       2
       1
       3
       2
       2
       3
       4
       4
       3
       5
       1
       4
       3
       1
       1
       6
       1
       5
       1
       2
       4
       1
       3
       1
       0
       2
       3
       3
       4
       2
       2
       1
       3
       2
       3
       2
       3
       3
       3
       5
       3
       3
       2
       3
       4
       1
       2
       2
       2
       6
       2
       6
       4
       1
       2
       0
       3
       4
       3
       2
       4
       4
       2
       4
       4
       2
       2
       1
       3
       2
       2
       2
       2
       0
       4
       1
       5
       3
       2
       3
       1
       0
       1
       2
       5
       3
       3
       2
       1
       4
       2
       1
       2
       3
       7
       3
       5
       4
       6
       6
       1
       4
       5
       3
       0
       1
       4
       2
       6
       3
       3
       4
       5
       2
       3
       1
       2
       2
       3
       4
       4
       4
       3
       3
       3
       2
       0
       3
       3
       2
       2
       1
       4
       1
       5
       3
       2
       4
       5
       3
       3
       3
       0
       6
       6
       3
       0
       3
      10
      25
      36
      27
      27
       9
       6
       4
       3
       5
       0
       3
       4
       2
       2
       0
       4
       4
       6
      10
       7
       6
       1
       2
       3
       4
       4
       3
       0
       3
       0
       4
       3
       3
       3
       4
       3
       6
       7
       4
       5
       2
       1
       0
       3
       2
       2
       3
       3
       1
       5
       3
       0
       3
       1
       1
       2
       2
       5
       3
       4
       2
       7
       4
       8
       4
       2
       6
       3
       5
       1
       2
       4
       0
       6
       4
       6
      12
      18
      14
       9
       3
       3
       2
       1
       2
       1
       2
       3
       1
       5
       5
       2
       1
       2
       3
       1
       2
       3
       2
       1
       1
       1
       3
       1
       4
       1
       3
       0
       2
       5
       4
       3
       4
       1
       2
       2
       1
       0
       3
       0
       5
       2
       1
       3
       1
       4
       1
       1
       0
       4
       4
       0
       2
       1
       4
       6
       4
       4
       4
       2
       3
       1
       2
       2
       0
       1
       1
       1
       1
       0
       0
       1
       5
       1
       3
       1
       3
       2
       3
       4
       3
       0
       1
       1
       3
       4
       1
       1
       4
       0
       2
       5
       3
       2
       2
       5
       3
       2
       2
       5
       2
       4
       3
       3
       2
       3
       1
       3
       1
       0
       2
       1
       2
       3
       0
       3
       1
       0
       2
       3
       2
       4
       2
       1
       1
       3
       2
       3
       2
       2
       1
       1
       1
       2
       1
       0
       1
       0
       1
       4
       3
       2
       2
       3
       4
       1
       2
       0
       3
       2
       1
       4
       3
       6
       5
       3
       3
       3
       1
       3
       1
       4
       3
       3
       2
       0
       3
       0
       1
       3
       4
       2
       0
       5
       2
       2
       2
       0
       1
       3
       1
       1
       1
       4
       2
       4
       0
       1
       0
       1
       1
       1
       1
       2
       1
       3
       3
       1
       1
       2
       0
       0
       0
       2
       2
       5
       0
       2
       1
       0
       3
       2
       0
       1
       1
       3
       2
       3
       2
       2
       5
       1
       2
       3
       3
       2
       1
       1
       0
       1
       3
       2
       1
       2
       2
       2
       1
       0
       1
       3
       1
       2
       1
       2
       0
       1
       1
       1
       2
       0
       1
       1
       0
       1
       1
       6
       3
       2
       2
       3
       2
       1
       3
       1
       3
       2
       4
       6
       8
      10
      17
      18
       5
       1
       3
       1
       4
       1
       1
       0
       0
       2
       3
       0
       1
       2
       1
       2
       2
       3
       1
       4
       3
       5
       3
       5
       7
       0
       2
       2
       1
       7
       1
       4
       2
       3
       4
       2
       2
       2
       1
       2
       1
       3
       1
       0
       0
       2
       3
       0
       0
       0
       1
       0
       0
       1
       1
       0
       2
       1
       1
       1
       2
       1
       0
       0
       2
       1
       3
       2
       2
       2
       4
       1
       5
       4
       6
       0
       1
       3
       3
       8
       4
       5
       4
       2
       2
       0
       3
       1
       0
       1
       1
       4
       1
       2
       2
       1
       2
       3
       2
       2
       1
       3
       0
       4
       2
       2
       1
       1
       0
       0
       1
       3
       0
       1
       4
       2
       2
       1
       4
       3
       0
       3
       3
       4
       4
       2
       0
       2
       3
       0
       2
       1
       2
       1
       3
       2
       2
       2
       5
       5
       1
       3
       0
       1
       1
       2
       1
       1
       2
       1
       0
       1
       1
       3
       4
       3
       3
       4
       1
       4
       1
       3
       1
       3
       2
       3
       0
       1
       0
       2
       2
       0
       1
       0
       3
       2
       4
       2
       2
       1
       3
       2
       2
       2
       1
       2
       2
       4
       4
       3
       4
       3
       3
       1
       2
       0
       0
       2
       1
       2
       1
       0
       0
       3
       3
       3
       2
       4
       2
       4
       9
       6
       4
       3
       2
       3
      10
       8
      11
       6
      13
      12
       4
       5
       2
       3
       1
       5
       3
       5
       3
       1
       4
       2
       1
       5
       0
       4
       0
       0
       0
       3
       2
       3
       1
       0
       2
       0
       1
       3
       1
       2
       1
       1
       0
       0
       1
       2
       0
       3
       0
       0
       0
       2
       0
       1
       1
       0
       4
       2
       0
       1
       0
       2
       2
       0
       3
       2
       1
       2
       0
       0
       2
       0
       3
       1
       0
       0
       2
       1
       2
       1
       1
       2
       1
       1
       0
       1
       1
       2
       0
       1
       1
       0
       1
       1
       1
       1
       1
       1
       2
       1
       0
       1
       3
       2
       0
       4
       1
       1
       2
       0
       2
       0
       1
       0
       1
       1
       0
       0
       0
       2
       1
       2
       0
       1
       2
       0
       3
       2
       0
       2
       1
       1
       0
       1
       0
       0
       0
       2
       2
       0
       1
       2
       1
       1
       3
       1
       0
       0
       0
       3
       2
       5
       3
       0
       4
       5
      12
       7
       5
       5
       2
       2
       0
       3
       1
       1
       0
       1
       2
       2
       1
       0
       1
       1
       0
       1
       2
       0
       2
       0
       3
       1
       2
       0
       0
       3
       0
       0
       0
       3
       1
       3
       1
       1
       1
       3
       2
       3
       3
       2
       3
       0
       1
       0
       2
       1
       0
       0
       1
       1
       0
       1
       2
       0
       2
       2
       0
       1
       2
       1
       1
       1
       3
       1
       0
       1
       0
       2
       1
       0
       0
       1
       1
       2
       1
       1
       5
       0
       3
       0
       2
       2
       0
       0
       2
       2
       2
       0
       1
       1
       2
       1
       1
       1
       3
       1
       1
       3
       0
       1
       1
       1
       0
       0
       2
       2
       1
       1
       0
       0
       1
       0
       1
       1
       3
       0
       0
       1
       1
       1
       1
       1
       0
       2
       0
       0
       1
       0
       0
       1
       1
       0
       1
       1
       2
       1
       1
       2
       1
       0
       2
       0
       0
       4
       1
       0
       0
       0
       4
       4
       0
       1
       0
       4
       2
       0
       0
       1
       1
       0
       0
       1
       0
       0
       1
       1
       0
       1
       0
       0
       2
       1
       1
       5
       3
       0
       2
       1
       1
       0
       2
       1
       3
       0
       2
       4
       1
       0
       0
       1
       2
       2
       3
       1
       3
       0
       2
       2
       0
       1
       1
       1
       1
       0
       2
       1
       1
       0
       0
       1
       4
       1
       0
       1
       1
       1
       5
       1
       0
       1
       2
       0
       1
       0
       3
       1
       2
       2
       2
       6
       2
       5
       1
       0
       1
       0
       0
       4
       2
       2
      11
       8
       5
       2
       3
       6
       6
       0
       5
       2
       1
       0
       1
       1
       0
       1
       2
       3
       3
       1
       4
       0
       1
       2
       0
       0
       2
       0
       2
       0
       3
       5
       2
       1
       1
       0
       2
       1
       1
       4
       0
       0
       2
       1
       0
       0
       3
       1
       0
       1
       0
       1
       1
       0
       0
       0
       3
       0
       0
       3
       3
       1
       0
       0
       2
       3
       0
       0
       1
       1
       0
       0
       1
       1
       0
       0
       2
       1
       1
       2
       3
       2
       0
       2
       1
       0
       1
       0
       2
       1
       2
       0
       1
       1
       0
       1
       0
       0
       2
       1
       1
       1
       1
       0
       0
       0
       2
       1
       1
       0
       1
       0
       0
       0
       0
       2
       0
       1
       0
       0
       0
       0
       0
       3
       0
       2
       1
       2
       3
       0
       1
       1
       0
       2
       2
       8
       3
       5
       7
       2
       8
       5
       1
       3
       2
       1
       0
       3
       5
       8
       5
       6
       4
       1
       1
       3
       0
       0
       0
       2
       0
       0
       1
       2
       0
       0
       1
       0
       1
       0
       0
       0
       3
       0
       1
       0
       0
       0
       1
       0
       3
       0
       1
       0
       2
       1
       2
       0
       1
       1
       1
       2
       0
       0
       2
       2
       0
       0
       0
       0
       0
       3
       0
       4
       0
       1
       0
       4
       2
       0
       2
       0
       0
       2
       1
       1
       1
       0
       0
       0
       1
       1
       0
       0
       4
       0
       2
       1
       1
       0
       2
       0
       0
       1
       2
       1
       3
       0
       0
       0
       0
       2
       1
       1
       0
       0
       0
       2
       0
       0
       1
       1
       0
       0
       1
       1
       1
       4
       0
       0
       4
       1
       5
       3
       0
       0
       0
       1
       0
       1
       1
       0
       0
       1
       1
       0
       3
       0
       1
       1
       1
       0
       0
       0
       3
       1
       1
       0
       2
       1
       1
       0
       1
       1
       0
       0
       2
       0
       0
       0
       3
       4
       3
       3
       4
       2
       3
       1
       3
       1
       0
       0
       1
       1
       1
       1
       0
       3
       0
       2
       0
       1
       0
       2
       0
       0
       1
       0
       1
       2
       1
       0
       3
       0
       4
       0
       4
       2
       0
       4
       1
       2
       0
       1
       0
       2
       3
       2
       3
       0
       1
       0
       1
       0
       1
       1
       0
       0
       1
       2
       2
       2
       2
       4
       0
       3
       1
       0
       1
       0
       3
       2
       0
       2
       1
       0
       3
       1
       1
       0
       0
       0
       0
       1
       0
       0
       1
       2
       2
       2
       1
       3
       2
       0
       2
       0
       1
       1
       1
       0
       1
       2
       4
       0
       0
       0
       0
       0
       1
       0
       1
       1
       0
       0
       1
       0
       1
       1
       1
       1
       1
       0
       1
       1
       0
       0
       0
       1
       2
       0
       0
       1
       0
       0
       3
       0
       0
       0
       1
       0
       0
       0
       0
       0
       2
       1
       0
       1
       0
       0
       2
       2
       1
       0
       1
       1
       0
       1
       2
       2
       0
       2
       1
       0
       2
       1
       0
       1
       0
       1
       1
       0
       0
       0
       0
       1
       1
       0
       0
       2
       1
       0
       1
       0
       0
       2
       1
       0
       0
       0
       3
       0
       3
       3
       1
       1
       0
       0
       1
       1
       0
       0
       1
       0
       2
       1
       0
       0
       0
       2
       0
       0
       1
       1
       1
       0
       0
       0
       0
       1
       1
       0
       0
       3
       0
       0
       0
       0
       0
       0
       0
       0
       0
       0
       1
       0
       0
       0
       3
       1
       0
       4
       3
       3
       3
       3
       6
       3
       2
       2
       0
       0
       0
       1
       0
       0
       0
       0
       2
       0
       2
       1
       0
       1
       0
       1
       1
       0
       0
       0
       0
       0
       0
       0
       0
       1
       0
       1
       0
       0
       2
       0
       0
       0
       1
       1
       0
       0
       2
       0
       0
       1
       0
       0
       1
       0
       0
       1
       0
       1
       0
       0
       0
       0
       0
       1
       0
       0
       1
       1
       0
       0
       0
       0
       0
       0
       0
       0
       0
       0
       0
       0
       0
       1
       2
       1
       0
       0
       0
       0
       0
       0
       0
       0
       1
       0
       0
       1
       0
       0
       0
       0
       1
       0
       1
       2
       0
       0
       0
       1
       1
       1
       0
       1
       0
       1
       0
       0
       0
       1
       0
       2
       1
       0
       0
       1
       1
       0
       0
       0
       1
       0
       0
       2
       0
       0
       0
       0
       1
       1
       1
       1
       0
       0
       1
       0
       0
       0
       0
       0
       0
       0
       2
       0
       1
       0
       0
       0
       1
       1
       3
       1
       0
       0
       0
       0
       0
       0
       1
       0
       0
       0
       0
       2
       1
       2
       0
       0
       0
       0
       2
       0
       1
       1
       1
       0
       0
       0
       1
       0
       0
       1
       0
       1
       1
       0
       0
       1
       1
       1
       1
       1
       0
       0
       0
       1
       0
       1
       1
       1
       0
       1
       1
       0
       0
       2
       0
       0
       0
       0
       0
       1
       0
       0
       1
       0
       0
       0
       0
       0
       0
       0
       0
       1
       0
       0
       2
       0
       0
       0
       1
       1
       1
       1
       1
       1
       1
       0
       0
       0
       0
       0
       0
       2
       0
       0
       0
       0
       0
       1
       0
       1
       0
       0
       0
       0
       0
       0
       1
       0
       1
       0
       2
       0
       1
       0
       0
       0
       0
       1
       0
       1
       0
       0
       0
       0
       1
       0
       0
       1
       0
       1
       1
       0
       2
       0
       0
       0
       0
       0
       3
       2
       1
       0
       1
       1
       0
       1
       1
       0
       1
       1
       0
       1
       0
       0
       1
       0
       0
       0
       1
       1
       0
       1
       0
       2
       1
       0
       4
       3
       5
       7
      19
      14
      15
      30
      16
       9
       6
       4
       0
       0
       0
       0
       0
       0
       0
       0
       0
       0
       0
       1
       0
       0
       0
       0
       0
       0
       0
       0
       0
       1
       0
       0
       0
       1
       0
       0
       0
       0
       2
       1
       0
       0
       0
       0
       0
       0
       0
       0
       0
       1
       0
       3
       0
       0
       1
       0
       0
       0
       0
       0
       0
       0
       0
       0
       0
       0
       0
       0
       0
       0
       0
       0
       0
       0
       0
       0
       1
       0
       1
       0
       0
       0
       0
       0
       1
       0
       0
       0
       0
       0
       1
       0
       0
       0
       0
       0
       0
       2
       0
       0
       0
       0
       0
       0
       0
       0
       0
       1
       0
       0
       0
       0
       0
       1
       0
       1
       0
       0
       0
       0
       0
       0
       0
       0
       0
       0
       2
       0
       0
       0
       1
       1
       0
       0
       0
       0
       0
       0
       0
       0
       2
       0
       0
       0
       0
       0
       1
       1
       0
       1
       0
       0
       0
       0
       0
       0
       0
       0
       0
       0
       0
       0
       0
       0
       0
       0
       1
       0
       0
       0
       0
       0
       1
       0
       0
       0
       0
       1
       0
       0
       0
       0
       0
       0
       0
       0
       0
       0
       0
       0
       0
       1
       0
       0
       0
       0
       0
       0
       0
       1
       0
       1
       0
       0
       1
       1
       2
       0
       1
       0
       0
       1
       1
       0
       0
       2
       0
       1
       0
       0
       0
       0
       0
       0
       0
       0
       0
       0
       0
       1
       0
       0
       0
       0
       1
       0
       0
       0
       0
       0
       0
       0
       0
       0
       0
       0
       0
       0
       1
       0
       0
       1
       0
       0
       0
       0
       0
       0
       1
       0
       0
       0
       0
       0
       0
       0
       1
       1
       0
       0
       0
       1
       0
       0
       0
       0
       0
       0
       0
       1
       0
       0
       0
       1
       0
       0
       0
       0
       0
       1
       0
       0
       0
       1
       0
       2
       0
       0
       0
       0
       0
       0
       0
       0
       0
       1
       0
       2
       0
       1
       1
       1
       0
       0
       0
       0
       1
       1
       0
       0
       1
       0
       0
       0
       0
       0
       2
       0
       0
       1
       1
       1
       0
       0
       0
       0
       0
       0
       1
       1
       0
       1
       0
       1
       1
       1
       0
       2
       1
       2
       1
       1
       0
       0
       1
       0
       1
       0
       0
       1
       0
       0
       0
       0
       1
       0
       1
       0
       0
       0
       0
       0
       0
       0
       1
       0
       0
       0
       0
       0
       0
       0
       1
       0
       1
       0
       0
       0
       1
       0
       0
       0
       0
       1
       2
       0
       0
       0
       0
       0
       1
       0
       0
       0
       0
       1
       0
       0
       0
       0
       0
       1
       0
       1
       0
       1
       0
       0
       0
       0
       0
       0
       0
       0
       0
       0
       1
       0
       0
       1
       0
       0
       1
       1
       0
       1
       1
       1
       0
       0
       1
       0
       0
       0
       0
       0
       0
       0
       0
       1
       0
       0
       0
       0
       0
       0
       0
       0
       0
       0
       0
       0
       0
       0
       0
       0
       0
       0
       1
       2
       0
       0
       0
       0
       0
       0
       1
       0
       0
       2
       0
       0
       0
       0
       0
       1
       0
       0
       0
       0
       0
       0
       0
       0
       0
       0
       0
       0
       0
       0
       1
       0
       0
       0
       1
       0
       0
       0
       0
       0
       0
       0
       0
       0
       0
       1
       0
       0
       0
       0
       0
       0
       1
       0
       0
       0
       1
       0
       0
       0
       0
       0
       0
       0
       0
       0
       0
       0
       1
       0
       0
       0
       0
       0
       0
       0
       0
       0
       0
       0
       0
       0
       0
       0
       0
       0
       0
       0
       0
       0
       0
       0
       0
       0
       1
       0
       0
       0
       1
       0
       1
       1
       0
       0
       0
       0
       0
       0
       0
       1
       0
       0
       0
       0
       0
       0
       0
       0
       0
       0
       0
       0
       0
       0
       0
       0
       1
       0
       0
       0
       0
       0
       0
       0
       0
       1
       0
       0
       1
       0
       0
       0
       0
       0
       0
       0
       0
       0
       0
       0
       0
       0
       0
       0
       0
       0
       0
       0
       0
       0
       1
       0
       0
       0
       0
       0
       0
       0
       0
       0
       0
       0
       0
       0
       0
       0
       0
       0
       0
       0
       0
       0
       0
       0
       0
       0
       0
       1
       0
       0
       0
       0
       0
       0
       0
       0
       0
       0
       0
       0
       0
       0
       1
       0
       0
       0
       0
       0
       0
       0
       0
       0
       0
       0
       0
       0
       0
       0
       0
       0
       0
       1
       5
       0
       0
       0
       0
       0
       0
       0
       1
       0
       0
       0
       0
       0
       0
       0
       1
       0
       0
       0
       0
       0
       1
       0
       1
       0
       1
       0
       0
       2
       0
       0
       0
       0
       1
       0
       0
       0
       0
       0
       1
       1
       0
       0
       0
       0
       0
       0
       0
       1
       0
       2
       2
       0
       0
       0
       0
       0
       0
       1
       0
       0
       0
       0
       0
       0
       0
       0
       0
       0
       0
       0
       0
       0
       1
       0
       0
       0
       0
       0
       0
       0
       0
       1
       0
       2
       4
       1
       1
       2
       1
       2
       0
       0
       0
       1
       0
       0
       0
       1
       1
       0
       0
       0
       0
       0
       0
       0
       0
       0
       0
       0
       0
       0
       0
       1
       0
       0
       0
       0
       0
       0
       0
       0
       0
       0
       0
       0
       0
       0
       0
       0
       0
       0
       0
       0
       0
       0
       0
       0
       1
       0
       0
       0
       1
       0
       0
       0
       0
       0
       0
       1
       0
       1
       0
       0
       0
       0
       0
       0
       0
       0
       0
       0
       0
       1
       0
       0
       0
       1
       0
       0
       0
       0
       0
       0
       1
       0
       0
       0
       0
       0
       0
       0
       1
       0
       0
       0
       0
       0
       0
       1
       1
       0
       0
       0
       0
       0
       0
       0
       0
       0
       0
       1
       0
       0
       0
       1
       0
       0
       1
       0
       0
       0
       0
       0
       0
       0
       0
       0
       0
       0
       0
       0
       0
       0
       0
       0
       0
       0
       0
       0
       0
       0
       0
       0
       1
       0
       0
       0
       0
       0
       0
       0
       0
       0
       0
       0
       0
       0
       0
       0
       0
       0
       0
       0
       0
       0
       0
       0
       0
       0
       0
       0
       0
       0
       0
       0
       0
       0
       0
       0
       0
       0
       0
       0
       0
       0
       1
       0
       0
       0
       0
       0
       0
       0
       0
       0
       0
       0
       0
       0
       0
       0
       0
       0
       1
       0
       0
       0
       0
       0
       0
       0
       0
       0
       0
       0
       0
       0
       0
       0
       0
       0
       1
       0
       0
       0
       1
       0
       0
       0
       0
       0
       1
       0
       0
       1
       0
       0
       0
       0
       0
       0
       0
       0
       0
       1
       0
       0
       0
       0
       0
       0
       0
       0
       0
       0
       0
       0
       0
       1
       1
       1
       0
       2
       0
       0
       0
       0
       0
       0
       0
       0
       0
       0
       0
       0
       0
       0
       0
       0
       0
       0
       0
       0
       0
       0
       0
       0
       0
       0
       0
       0
       0
       0
       0
       0
       0
       0
       0
       0
       0
       0
       0
       0
       0
       0
       0
       0
       0
       0
       0
       0
       0
       0
       0
       0
       0
       0
       0
       0
       0
       1
       0
       0
       0
       0
       0
       0
       1
       0
       0
       0
       0
       0
       0
       0
       0
       0
       0
       0
       0
       0
       0
       0
       0
       0
       0
       0
       0
       0
       0
       0
       0
       0
       0
       0
       0
       0
       1
       0
       0
       0
       1
       0
       0
       0
       0
       0
       0
       0
       0
       0
       1
       1
       0
       0
       0
       1
       0
       0
       0
       0
       0
       0
       0
       0
       0
       1
       0
       0
       0
       0
       0
       1
       0
       1
       0
       0
       0
       0
       0
       0
       0
       0
       0
       0
       0
       0
       0
       0
       0
       0
       0
       0
       0
       0
       0
       0
       1
       0
       0
       0
       0
       0
       0
       0
       0
       0
       0
       0
       0
       0
       0
       0
       0
       1
       0
       0
       0
       1
       0
       0
       0
       0
       0
       0
       1
       0
       0
       0
       1
       0
       0
       0
       0
       0
       0
       1
       0
       0
       0
       0
       0
       0
       0
       0
       0
       0
       0
       0
       0
       1
       0
       0
       0
       0
       0
       0
       0
       0
       0
       0
       1
       0
       0
       0
       0
       0
       0
       0
       0
       0
       0
       0
       0
       0
       1
       0
       0
       0
       0
       0
       0
       0
       0
       0
       0
       1
       0
       0
       0
       1
       0
       0
       0
       0
       0
       0
       0
       0
       0
       0
       0
       0
       0
       0
       0
       0
       0
       0
       0
       0
       0
       0
       0
       0
       0
       0
       1
       1
       0
       0
       0
       0
       0
       0
       0
       0
       0
       0
       0
       0
       0
       0
       1
       0
       0
       0
       0
       1
       0
       0
       0
       0
       0
       0
       0
       0
       0
       0
       0
       0
       0
       0
       0
       0
       0
       0
       0
       0
       0
       0
       0
       0
       0
       0
       0
       0
       0
       0
       0
       0
       0
       0
       0
       1
       0
       0
       0
       0
       0
       0
       0
       0
       0
       1
       0
       0
       0
       0
       0
       0
       0
       0
       0
       0
       0
       0
       0
       0
       0
       1
       0
       0
       1
       0
       0
       0
       0
       0
       0
       0
       0
       0
       0
       0
       0
       0
       0
       0
       1
       0
       0
       0
       0
       0
       0
       0
       0
       0
       0
       0
       0
       0
       0
       0
       0
       0
       0
       0
       0
       1
       0
       0
       0
       0
       0
       0
       0
       0
       0
       0
       0
       0
       0
       0
       0
       0
       0
       0
       0
       0
       0
       0
       0
       0
       0
       0
       1
       0
       0
       0
       0
       0
       0
       0
       1
       0
       0
       0
       0
       0
       0
       0
       0
       0
       0
       0
       0
       0
       0
       0
       0
       0
       0
       0
       0
       0
       0
       0
       0
       0
       0
       0
       0
       0
       0
       0
       1
       0
       0
       1
       0
       0
       1
       0
       0
       0
       0
       0
       0
       0
       0
       0
       0
       0
       0
       0
       0
       0
       0
       0
       0
       0
       0
       0
       0
       0
       1
       0
       0
       0
       1
       0
       0
       0
       0
       0
       0
       0
       0
       0
       0
       0
       0
       0
       0
       0
       0
       0
       0
       0
       0
       0
       0
       1
       0
       0
       0
       0
       0
       0
       0
       0
       0
       0
       0
       0
       0
       0
       2
       0
       0
       0
       0
       0
       0
       0
       0
       0
       0
       0
       0
       0
       0
       0
       0
       0
       0
       0
       0
       0
       0
       0
       0
       1
       0
       0
       0
       0
       0
       1
       0
       0
       0
       0
       0
       0
       1
       0
       0
       0
       0
       0
       0
       0
       0
       0
       0
       0
       0
       0
       0
       0
       1
       0
       0
       0
       0
       0
       0
       0
       0
       0
       0
       1
       1
       0
       0
       0
       0
       0
       0
       0
       0
       0
       0
       0
       0
       0
       0
       0
       0
       0
       0
       0
       0
       0
       0
       0
       0
       0
       0
       0
       0
       0
       0
       0
       0
       0
       0
       0
       0
       0
       0
       0
       0
       1
       0
       0
       0
       0
       0
       0
       0
       0
       0
       0
       0
       0
       0
       0
       0
       0
       0
       0
       0
       0
       0
       0
       0
       0
       0
       0
       0
       0
       0
       0
       0
       0
       0
       0
       0
       0
       0
       0
       0
       0
       0
       0
       0
       0
       0
       0
       0
       1
       0
       1
       0
       0
       0
       1
       0
       0
       0
       0
       0
       0
       0
       0
       0
       0
       0
       0
       0
       0
       0
       0
       0
       0
       0
       0
       0
       0
       0
       0
       0
       0
       0
       0
       0
       0
       0
       0
       0
       0
       1
       0
       0
       0
       0
       0
       0
       0
       0
       0
       0
       0
       0
       0
       0
       0
       0
       0
       0
       0
       2
       0
       0
       0
       0
       0
       0
       0
       0
       0
       0
       0
       0
       0
       1
       0
       0
       0
       0
       0
       0
       0
       0
       0
       0
       0
       0
       0
       0
       0
       0
       0
       0
       1
       0
       1
       0
       1
       0
       0
       0
       0
       0
       0
       0
       0
       0
       0
       0
       0
       0
       1
       0
       0
       0
       0
       0
       0
       0
       0
       0
       0
       0
       0
       0
       0
       0
       0
       0
       1
       0
       0
       0
       0
       0
       0
       0
       0
       0
       0
       0
       0
       0
       0
       0
       0
       0
       0
       0
       0
       0
       0
       0
       0
       0
       0
       0
       0
       0
       0
       0
       0
       0
       4
       0
       0
       0
       0
       0
       0
       0
       0
       0
       0
       1
       0
       0
       0
       0
       1
       0
       0
       0
       0
       0
       0
       0
       0
       0
       0
       0
       0
       0
       0
       0
       0
       0
       0
       0
       0
       0
       0
       0
       0
       0
       0
       0
       0
       0
       0
       0
       0
       0
       0
       0
       1
       1
       0
       0
       0
       0
       0
       1
       0
       0
       0
       0
       0
       0
       0
       0
       0
       0
       0
       0
       0
       1
       0
       0
       0
       0
       0
       0
       0
       0
       0
       0
       0
       1
       0
       0
       0
       0
       0
       0
       0
       0
       0
       0
       0
       0
       0
       0
       0
       0
       0
       0
       0
       0
       0
       0
       0
       0
       0
       0
       0
       0
       1
       0
       1
       0
       0
       0
       0
       0
       0
       0
       0
       0
       0
       1
       0
       0
       0
       0
       0
       0
       0
       0
       0
       0
       0
       0
       0
       0
       0
       0
       0
       0
       0
       0
       0
       0
       0
       0
       0
       0
       0
       0
       0
       0
       0
       0
       0
       0
       0
       0
       0
       0
       0
       0
       0
       0
       0
       1
       0
       0
       0
       0
       0
       0
       0
       0
       0
       0
       0
       0
       0
       0
       0
       0
       2
       0
       0
       0
       0
       0
       0
       0
       0
       0
       0
       0
       0
       0
       0
       1
       0
       0
       0
       0
       0
       0
       0
       0
       0
       0
       0
       0
       0
       0
       0
       0
       0
       0
       0
       0
       0
       1
       0
       0
       0
       0
       0
       0
       0
       0
       0
       1
       0
       0
       0
       0
       0
       0
       0
       0
       0
       0
       0
       0
       0
       0
       0
       0
       0
       0
       0
       0
       0
       0
       1
       0
       0
       0
       0
       0
       0
       0
       0
       0
       0
       0
       1
       0
       0
       0
       0
       0
       0
       0
       0
       1
       0
       0
       0
       0
       0
       0
       0
       0
       0
       0
       0
       0
       0
       0
       0
       0
       0
       0
       0
       1
       0
       0
       0
       0
       0
       0
       0
       0
       0
       0
       0
       0
       0
       0
       0
       0
       0
       0
       0
       0
       0
       0
       0
       0
       0
       0
       0
       0
       0
       0
       0
       1
       0
       0
       0
       0
       0
       0
       0
       0
       0
       1
       0
       0
       0
       0
       0
       0
       0
       0
       0
       0
       0
       2
       0
       0
       0
       0
       0
       0
       0
       0
       0
       0
       0
       0
       0
       0
       0
       0
       0
       1
       0
       0
       0
       0
       0
       0
       0
       0
       0
       0
       0
       0
       0
       0
       0
       0
       0
       0
       0
       0
       1
       0
       0
       0
       0
       0
       1
       0
       0
       0
       0
       0
       0
       1
       0
       0
       0
       0
       0
       0
       0
       0
       0
       1
       0
       0
       0
       0
       1
       0
       0
       0
       0
       0
       0
       0
       0
       0
       0
       0
       0
       0
       0
       0
       0
       0
       0
       0
       0
       0
       1
       0
       0
       0
       0
       0
       0
       0
       0
       0
       0
       2
       0
       0
       1
       0
       0
       0
       0
       0
       0
       0
       0
       0
       0
       0
       0
       0
       0
       0
       0
       0
       0
       0
       0
       0
       0
       0
       0
       0
       0
       0
       1
       0
       0
       0
       0
       0
       0
       0
       0
       0
       0
       0
       0
       0
       0
       0
       1
       0
       1
       0
       0
       0
       0
       0
       0
       0
       0
       0
       0
       0
       0
       0
       0
       0
       0
       0
       0
       0
       0
       0
       0
       0
       0
       0
       1
       0
       0
       0
       0
       0
       1
       0
       0
       0
       1
       0
       0
       0
       0
       0
       0
       0
       0
       0
       0
       0
       0
       0
       0
       0
       0
       1
       0
       0
       0
       0
       0
       0
       0
       0
       0
       0
       0
       0
       0
       0
       0
       0
       0
       0
       0
       0
       0
       0
       0
       0
       0
       1
       0
       0
       0
       0
       0
       0
       1
       0
       0
       0
       0
       0
       0
       0
       0
       0
       0
       0
       1
       0
       0
       1
       0
       0
       0
       0
       1
       0
       0
       0
       0
       1
       0
       0
       0
       0
       0
       0
       0
       0
       1
       0
       0
       0
       0
       0
       0
       1
       0
       0
       0
       0
       0
       0
       1
       0
       0
       0
       0
       0
       0
       0
       0
       0
       0
       0
       0
       0
       0
       0
       0
       1
       1
       0
       0
       0
       0
       0
       0
       0
       0
       0
       0
       0
       0
       0
       0
       0
       0
       0
       0
       0
       0
       0
       0
       0
       0
       0
       1
       0
       0
       0
       0
       1
       0
       1
       0
       0
       0
       0
       0
       0
       0
       0
       0
       0
       0
       0
       0
       0
       1
       0
       0
       0
       1
       0
       0
       0
       0
       0
       0
       0
       0
       0
       0
       0
       0
       0
       0
       0
       0
       0
       0
       0
       0
       0
       0
       0
       0
       0
       0
       0
       0
       0
       0
       0
       0
       0
       0
       0
       1
       0
       0
       0
       0
       0
       0
       0
       0
       0
       0
       0
       0
       0
       0
       1
       0
       0
       0
       0
       0
       0
       0
       0
       0
       0
       0
       0
       0
       0
       0
       0
       0
       0
       0
       0
       0
       0
       0
       0
       0
       0
       0
       0
       0
       0
       0
       0
       0
       0
       0
       0
       0
       0
       0
       0
       0
       0
       0
       0
       0
       0
       0
       0
       0
       0
       0
       0
       0
       0
       0
       0
       0
       0
       0
       0
       0
       0
       0
       0
       0
       0
       0
       0
       0
       1
       0
       0
       0
       0
       0
       0
       0
       0
       0
       0
       0
       0
       0
       0
       0
       0
       0
       0
       0
       0
       0
       0
       1
       0
       0
       0
       0
       0
       0
       1
       0
       0
       0
       0
       0
       0
       0
       0
       0
       0
       0
       0
       0
       0
       0
       0
       0
       0
       1
       0
       0
       0
       0
       0
       0
       0
       0
       0
       0
       0
       0
       0
       0
       0
       0
       0
       0
       0
       0
       0
       0
       0
       0
       0
       0
       0
       0
       0
       0
       0
       0
       0
       0
       0
       0
       0
       0
       0
       0
       0
       0
       0
       0
       0
       0
       0
       0
       0
       0
       0
       0
       0
       0
       0
       0
       0
       0
       0
       0
       0
       0
       0
       0
       1
       0
       0
       0
       0
       0
       0
       0
       0
       0
       0
       0
       0
       0
       0
       0
       0
       0
       0
       0
       0
       0
       0
       0
       0
       0
       0
       0
       0
       0
       0
       0
       0
       0
       0
       0
       0
       0
       0
       0
       0
       0
       0
       0
       0
       0
       0
       0
       0
       0
       0
       0
       0
       0
       0
       0
       0
       0
       0
       0
       0
       0
       0
       0
       0
       0
       0
       0
       0
       0
       0
       0
       0
       0
       0
       0
       0
       0
       0
       0
       0
       0
       0
       0
       0
       0
       0
       0
       0
       0
       0
       0
       0
       0
       0
       0
       0
       0
       1
       0
       0
       0
       0
       0
       0
       2
       0
       0
       0
       1
       2
       0
       5
       4
       2
       0
       0
       0
       0
       0
       0
       1
       1
       0
       0
       0
       0
       0
       0
       0
       0
       0
       0
       0
       0
       0
       0
       0
       0
       0
       0
       0
       0
       0
       0
       0
       0
       0
       0
       0
       0
       0
       0
       0
       0
       1
       0
       0
       0
       0
       0
       0
       0
       0
       0
       0
       0
       0
       0
       0
       0
       0
       0
       0
       0
       0
       0
       0
       0
       0
       0
       0
       0
       0
       0
       0
       0
       0
       0
       0
       0
       0
       0
       0
       0
       0
       0
       0
       0
       0
       0
       0
       0
       0
       0
       0
       0
       0
       0
       0
       0
       0
       0
       0
       0
       0
       0
       0
       0
       0
       0
       0
       0
       0
       0
       0
       0
       0
       0
       0
       0
       0
       0
       0
       0
       0
       0
       0
       0
       0
       0
       0
       0
       1
       0
       0
       0
       0
       0
       0
       0
       0
       0
       0
       0
       0
       0
       0
       0
       0
       0
       0
       0
       0
       0
       0
       0
       0
       0
       0
       0
       0
       0
       0
       0
       0
       0
       0
       0
       0
       0
       0
       0
       0
       0
       0
       0
       0
       0
       0
       0
       0
       0
       0
       0
       0
       0
       0
       0
       0
       0
       0
       0
       0
       0
       0
       0
       0
       0
       0
       0
       0
       0
       0
       0
       0
       0
       0
       0
       0
       0
       0
       0
       0
       0
       0
       0
       0
       0
       0
       0
       0
       0
       0
       0
       0
       0
       0
       0
       0
       0
       0
       0
       0
       0
       0
       0
       0
       0
       0
       0
       0
       0
       0
       0
       0
       0
       0
       0
       1
       0
       0
       0
       0
       0
       0
       0
       0
       0
       1
       0
       0
       0
       0
       0
       0
       0
       0
       0
       0
       0
       0
       0
       0
       0
       0
       0
       0
       0
       0
       0
       0
       0
       0
       0
       0
       0
       1
       0
       0
       0
       0
       0
       0
       0
       0
       0
       0
       0
       0
       0
       0
       0
       0
       0
       0
       0
       0
       0
       0
       0
       0
       0
       0
       0
       1
       0
       0
       0
       0
       0
       0
       0
       0
       0
       0
       0
       0
       0
       0
       0
       1
       0
       0
       0
       0
       0
       0
       0
       0
       0
       0
       0
       0
       0
       0
       0
       0
       0
       0
       1
       0
       0
       0
       0
       0
       0
       0
       0
       0
       0
       0
       0
       0
       0
       0
       0
       0
       0
       0
       0
       0
       0
       0
       0
       0
       0
       0
       0
       0
       0
       0
       0
       0
       0
       0
       0
       0
       0
       0
       0
       0
       0
       1
       0
       0
       0
       0
       0
       0
       1
       0
       0
       0
       0
       0
       0
       0
       0
       0
       0
       0
       1
       0
       0
       0
       0
       0
       0
       0
       0
       0
       0
       0
       0
       0
       0
       0
       0
       0
       0
       0
       0
       0
       0
       0
       0
       0
       0
       0
       0
       0
       0
       0
       0
       0
       0
       0
       0
       0
       0
       0
       0
       0
       0
       0
       0
       0
       0
       0
       0
       0
       0
       0
       0
       0
       0
       0
       0
       0
       0
       0
       0
       0
       0
       0
       0
       0
       0
       0
       0
       0
       0
       0
       0
       0
       0
       0
       0
       0
       0
       0
       0
       0
       0
       0
       0
       0
       0
       0
       0
       0
       0
       0
       0
       0
       0
       0
       0
       0
       0
       0
       0
       0
       0
       0
       0
       0
       0
       0
       0
       0
       0
       0
       0
       0
       0
       0
       0
       0
       0
       0
       0
       0
       0
       0
       0
       0
       0
       0
       0
       0
       1
       0
       0
       0
       0
       0
       0
       0
       0
       0
       0
       0
       0
       0
       0
       0
       0
       0
       0
       0
       0
       0
       0
       0
       0
       0
       0
       0
       0
       0
       1
       0
       0
       0
       0
       0
       0
       0
       0
       0
       0
       0
       0
       0
       0
       0
       0
       0
       0
       0
       0
       0
       0
       0
       0
       0
       0
       0
       0
       0
       0
       0
       0
       0
       0
       0
       0
       0
       0
       0
       0
       0
       0
       0
       0
       0
       0
       0
       0
       0
       0
       0
       0
       0
       0
       0
       0
       1
       0
       0
       0
       0
       0
       0
       0
       0
       0
       0
       0
       0
       0
       0
       0
       0
       0
       0
       0
       0
       0
       0
       0
       0
       0
       0
       0
       0
       0
       0
       0
       0
       0
       0
       0
       0
       0
       0
       0
       0
       0
       0
       0
       0
       0
       0
       0
       0
       0
       0
       0
       0
       0
       0
       0
       0
       0
       0
       0
       0
       0
       0
       0
       0
       0
       0
       0
       0
       0
       1
       0
       0
       0
       0
       0
       0
       0
       0
       0
       0
       0
       0
       0
       0
       0
       0
       0
       0
       0
       0
       0
       0
       0
       0
       0
       0
       0
       0
       0
       0
       0
       0
       0
       0
       0
       0
       0
       0
       0
       0
       0
       0
       1
       0
       0
       0
       0
       0
       0
       0
       0
       0
       0
       0
       0
       0
       0
       0
       0
       0
       0
       0
       0
       0
       0
       0
       0
       0
       0
       0
       0
       0
       0
       0
       0
       0
       0
       0
       0
       0
       0
       1
       0
       0
       0
       0
       0
       0
       0
       0
       0
       0
       0
       0
       0
       0
       0
       0
       0
       0
       0
       0
       0
       0
       0
       0
       0
       0
       0
       0
       0
       0
       0
       0
       0
       0
       0
       0
       0
       0
       0
       0
       0
       0
       0
       0
       0
       0
       0
       0
       0
       0
       0
       0
       0
       0
       0
       0
       0
       0
       0
       0
       0
       0
       0
       0
       0
       0
       0
       0
       0
       0
       0
       0
       0
       0
       0
       0
       0
       0
       0
       0
       0
       0
       0
       0
       0
       0
       0
       0
       0
       0
       0
       0
       0
       0
       0
       0
       0
       0
       0
       0
       0
       0
       0
       0
       0
       0
       0
       0
       0
       0
       0
       0
       0
       0
       0
       0
       0
       0
       0
       0
       0
       0
       0
       0
       0
       0
       0
       0
       0
       0
       0
       0
       0
       0
       0
       0
       0
       0
       0
       0
       0
       0
       0
       0
       0
       0
       0
       0
       0
       0
       0
       0
       0
       0
       0
       0
       0
       0
       0
       0
       0
       0
       0
       0
       0
       0
       0
       0
       0
       0
       0
       0
       0
       0
       0
       0
       0
       0
       0
       0
       0
       0
       0
       0
       0
       0
       0
       0
       0
       0
       0
       0
       0
       1
       0
       0
       0
       0
       0
       0
       0
       0
       0
       0
       0
       0
       0
       0
       0
       0
       0
       0
       0
       0
       0
       0
       0
       0
       0
       0
       0
       0
       0
       0
       0
       0
       0
       0
       0
       0
       0
       0
       0
       0
       0
       0
       0
       0
       0
       0
       0
       0
       0
       0
       0
       0
       0
       0
       0
       0
       0
       0
       0
       0
       0
       0
       0
       0
       0
       0
       0
       0
       0
       0
       0
       0
       0
       0
       1
       0
       0
       0
       0
       0
       0
       0
       0
       0
       0
       0
       0
       0
       0
       0
       0
       0
       0
       0
       0
       0
       0
       0
       0
       0
       0
       0
       0
       0
       0
       0
       0
       0
       0
       0
       0
       0
       0
       0
       0
       0
       0
       0
       0
       0
       0
       0
       0
       0
       0
       0
       0
       0
       0
       0
       0
       0
       0
       0
       0
       0
       0
       0
       0
       0
       0
       0
       0
       0
       0
       0
       0
       0
       0
       0
       0
       0
       0
       0
       0
       0
       0
       0
       0
       0
       0
       0
       0
       0
       0
       0
       0
       0
       0
       0
       0
       0
       0
       0
       0
       0
       0
       0
       0
       0
       0
       0
       0
       0
       0
       0
       0
       0
       0
       0
       0
       0
       0
       0
       0
       0
       0
       0
       0
       0
       0
       0
       0
       0
       0
       0
       0
       0
       0
       0
       0
       0
       0
       0
       0
       0
       0
       0
       0
       0
       0
       0
       0
       0
       0
       0
       0
       0
       0
       0
       0
       0
       0
       0
       0
       0
       0
       0
       1
       0
       0
       0
       0
       0
       0
       0
       0
       0
       0
       0
       0
       0
       0
       0
       0
       0
       0
       0
       0
       0
       0
       0
       0
       0
       0
       0
       0
       0
       0
       0
       0
       0
       0
       0
       0
       0
       0
       0
       0
       0
       0
       1
       0
       0
       0
       0
       0
       0
       0
       0
       0
       0
       0
       0
       0
       0
       0
       0
       0
       0
       0
       0
       0
       0
       0
       0
       0
       0
       0
       0
       0
       0
       0
       0
       0
       0
       0
       0
       0
       0
       0
       0
       0
       0
       0
       0
       0
       0
       0
       0
       0
       0
       0
       0
       0
       0
       0
       0
       0
       0
       0
       0
       0
       0
       0
       0
       0
       0
       0
       0
       0
       0
       0
       0
       0
       0
       0
       0
       0
       0
       0
       0
       0
       0
       0
       0
       0
       0
       0
       0
       0
       0
       0
       0
       0
       0
       0
       0
       0
       0
       0
       0
       0
       0
       0
       0
       0
       0
       0
       0
       0
       0
       0
       0
       0
       0
       0
       0
       0
       0
       0
       0
       0
       0
       0
       0
       0
       0
       0
       0
       0
       0
       0
       0
       0
       0
       0
       0
       0
       0
       0
       0
       0
       0
       0
       0
       0
       0
       0
       0
       0
       0
       0
       0
       0
       0
       0
       0
       0
       0
       0
       0
       0
       0
       0
       0
       0
       0
       0
       0
       0
       0
       0
       0
       0
       0
       0
       0
       0
       0
       0
       0
       0
       0
       0
       0
       0
       0
       0
       0
       0
       0
       0
       0
       0
       0
       0
       0
       0
       0
       0
       0
       0
       0
       0
       0
       0
       0
       0
       0
       0
       0
       0
       0
       0
       0
       0
       0
       0
       0
       0
       0
       0
       0
       0
       0
       0
       0
       0
       0
       0
       0
       0
       0
       0
       0
       0
       0
       0
       0
       0
       0
       0
       0
       0
       0
$ROI:
0
$PRESETS:
Real Time
180
0
$ENER_FIT:
0.888569 0.390988
$MCA_CAL:
3
8.885689E-001 3.909876E-001 3.191953E-008 keV
$SHAPE_CAL:
3
0.000000E+000 0.000000E+000 0.000000E+000
