$SPEC_ID:
1
$SPEC_REM:
DET# 2
DETDESC# MCB 130 Normal
AP# Maestro Version 7.01
$DATE_MEA:
09/10/2019 10:20:59
$MEAS_TIM:
178 180
$DATA:
0 8191
       0
       0
       0
       0
       0
       0
       0
       0
       0
       0
       0
       0
       0
       0
       0
       0
       0
       0
       0
       0
       0
       0
       0
       0
       0
       0
       8
     304
      79
      48
      46
      62
     106
     179
     182
     112
      71
      66
      82
      92
     100
     115
     130
     155
     151
     109
      67
      49
      46
      66
      63
      70
      71
      85
      70
      50
      46
      40
      68
      90
      70
      55
      56
      57
      53
      58
      42
      68
      57
      69
      69
      83
      63
      64
      68
      64
      66
      83
      55
      55
      45
      50
      57
      49
      48
      57
      56
      63
      75
     128
     123
      77
      52
      52
      43
      46
      65
      47
      58
      55
      60
      66
      67
      66
      44
      51
      49
      57
      54
      54
      48
      52
      64
      59
      58
      57
      51
      72
      57
      61
      54
      56
      66
      58
      63
      62
      64
      54
      48
      75
      74
      62
      74
      66
      58
      53
      73
      69
      75
      82
      65
      80
      55
      73
      82
      92
      97
      62
      74
      65
      74
     103
      72
      74
      90
      94
      88
      85
      73
      84
      87
      80
      72
      76
      81
      78
     111
      79
      89
      77
      83
     114
     107
      94
      91
      98
      79
      80
      80
      87
      85
      86
      95
      93
      95
     104
      97
     105
     128
     119
     128
     116
      86
     106
     115
     110
      99
      88
      79
      96
     126
      97
      98
     114
     111
     105
     121
     110
      99
     107
     101
     104
     108
     127
     124
     128
     125
     131
     118
     133
     173
     126
     109
     130
     124
     105
     102
     105
     108
      97
     110
     116
     123
     109
     130
     124
     122
     126
     116
     122
     128
     126
     119
     108
     120
     114
     122
     120
     118
     120
     165
     240
     296
     391
     232
     172
     130
     112
     119
     122
     106
     144
     247
     450
     445
     295
     162
     147
     268
     482
     592
     358
     154
     112
      94
     101
     100
      75
     110
     102
     102
      90
     104
     118
      80
      99
      98
     117
     103
      86
      90
      85
      91
      98
     113
     129
     138
     156
     199
     164
     131
      90
      71
     107
      92
     102
     126
     117
     113
     113
     102
     100
      88
      87
      93
      88
     101
      72
      97
      92
      87
      97
      86
      81
      83
      81
      69
      70
      86
      64
      94
      88
      86
      75
      94
      82
      79
      88
      82
      95
      78
     102
      67
      83
      84
      88
      63
      84
      64
      82
      98
      75
      84
      67
      74
      95
     116
     155
     165
     149
     102
      61
      72
      72
      61
      80
      62
      81
      74
      70
      82
      71
      68
      76
      63
      74
      68
      68
      62
      51
      73
      76
      67
      68
      75
      75
      64
      69
      60
      66
      76
      70
      70
      78
      60
      64
      68
      64
      64
      75
      70
      65
      69
      83
      58
      62
      57
      61
      67
      61
      56
      57
      69
      56
      57
      61
      48
      57
      59
      61
      56
      64
      52
      73
      65
      54
      55
      57
      69
      48
      60
      54
      65
      64
      53
      65
      53
      52
      57
      47
      52
      57
      49
      63
      50
      53
      51
      60
      68
      53
      54
      49
      60
      49
      44
      59
      65
      50
      48
      58
      59
      53
      89
      51
      59
      57
      48
      49
      62
      46
      41
      54
      46
      47
      48
      59
      60
      49
      52
      49
      63
      51
      48
      56
      36
      55
      47
      48
      51
      48
      54
      50
      42
      49
      38
      43
      38
      41
      56
      47
      37
      58
      43
      63
      52
      44
      40
      44
      41
      47
      42
      46
      32
      47
      52
      37
      33
      39
      43
      37
      41
      49
      60
      43
      58
      42
      46
      36
      36
      45
      46
      37
      29
      51
      68
      90
      69
      49
      36
      42
      36
      31
      27
      32
      26
      37
      32
      32
      42
      34
      41
      29
      41
      37
      45
      31
      32
      35
      41
      30
      44
      35
      37
      33
      36
      38
      43
      39
      37
      25
      29
      31
      31
      33
      34
      35
      40
      34
      37
      39
      55
     130
     188
     181
     129
      60
      42
      43
      29
      36
      29
      38
      41
      27
      35
      27
      38
      34
      35
      40
      12
      31
      31
      36
      29
      35
      40
      34
      55
      45
      43
      34
      41
      35
      28
      35
      26
      40
      35
      28
      31
      28
      38
      33
      22
      33
      27
      24
      19
      23
      34
      33
      27
      26
      33
      62
     101
     197
     213
     124
      57
      30
      27
      22
      21
      33
      33
      26
      45
      28
      30
      19
      19
      31
      22
      21
      36
      24
      23
      17
      22
      33
      21
      24
      23
      27
      23
      23
      23
      28
      26
      27
      28
      22
      25
      24
      25
      19
      30
      21
      30
      34
      38
      32
      24
      21
      17
      21
      19
      19
      29
      26
      22
      24
      30
      26
      19
      29
      20
      18
      13
      28
      22
      27
      15
      30
      28
      66
     148
     168
     127
      60
      27
      23
      20
      22
      24
      20
      19
      21
      23
      24
      18
      19
      23
      17
      26
      20
      30
      26
      26
      22
      24
      22
       9
      20
      19
      20
      20
      21
      17
      17
      10
      26
      12
      30
      19
      31
      42
      73
      55
      27
      19
      28
      27
      43
      34
      23
      20
      20
      21
      40
      49
      35
      36
      33
      22
      18
      15
      18
      19
      16
      14
      16
      15
      20
      20
      14
      14
      17
      24
      23
      13
      12
      19
      23
      19
      27
      31
      38
      11
      20
      18
      19
      13
       9
      17
      21
      11
      11
      12
      17
      21
      22
      14
      15
      25
      45
      40
      59
      47
      21
      16
      11
      20
      27
      22
      18
      15
      19
      16
      18
      12
      15
      16
      19
      11
      20
      16
      14
      24
      11
       9
      13
      17
      12
      12
      10
      20
      20
      11
      15
      15
       9
      18
      12
      13
      17
      16
       8
      19
      15
      20
      30
      25
      32
      20
      12
      13
       6
      17
      14
      23
      19
      15
      13
      14
      14
      15
      15
      22
      10
      17
       9
      11
      16
      11
      13
      18
      16
      14
      11
      19
      10
      10
       9
      12
      16
      19
      14
      11
      14
      10
      14
      29
      18
      11
      18
      32
      35
      25
      28
      22
      14
      14
      10
      13
      14
      14
      17
       7
      14
      13
      10
      12
      13
      11
      15
      13
      11
      15
      12
      13
      11
      13
       9
      20
      16
       3
       8
      24
      17
      20
      16
      11
      12
      15
      18
      14
      14
      10
      11
      14
      10
       7
       4
      10
      15
       7
      12
      20
      15
      18
      18
       9
       9
      10
      12
      11
       9
      17
      11
       5
       8
      11
      18
      13
       6
      13
       9
      13
      11
       9
      12
      13
      10
       9
      17
       7
      12
      12
      11
       8
      12
      14
      15
      11
      10
       9
       9
       6
       7
      10
      12
       9
      13
       7
       6
      14
      11
       7
      12
      10
      12
      17
      11
       8
       9
       5
       9
       9
      13
      12
       6
      12
       4
      14
      13
       7
       9
       4
       8
      11
      10
      13
      11
      12
      12
       8
      14
       9
      14
       8
      14
       2
       8
       9
       8
       6
       7
      11
       6
      12
      17
      10
       4
       6
       5
       5
       6
      15
       2
       8
      11
      10
      12
      18
      10
       7
      14
       9
       4
       4
      14
      11
       5
       9
      14
      12
       7
      11
       8
      12
       7
       7
       7
      13
       9
       5
       9
      15
      12
       8
       6
       6
      10
       8
       7
       7
       5
      18
       9
      11
       6
       5
       8
       9
      10
      11
       4
       8
       4
       8
      10
       6
      10
       6
       6
       7
      10
       9
      12
      11
      10
      14
      11
       3
      11
      13
       7
      11
       5
      10
       9
       6
       9
      14
       8
       2
      12
       5
       9
       8
       8
       5
      12
      12
       6
      12
       1
       5
       6
      12
       6
      11
      12
       3
      10
      10
       3
      10
       8
       7
      10
       7
       9
       7
       8
       5
       4
       4
       9
       7
      11
      11
       6
       8
       5
       3
      12
       6
       6
      10
       6
       8
      11
       8
      10
       4
       6
       8
       7
       7
      14
       5
       4
       9
       6
       7
      12
       9
       1
       4
       6
      11
      18
      17
      26
      14
      13
       6
       9
       5
       5
       7
       6
       7
       7
      12
       5
       9
       9
      12
       5
       6
      10
      14
       7
       4
       7
       8
       8
       8
       4
      11
      15
      17
       4
       8
       6
       8
      11
      16
      12
      10
      12
       7
       3
      10
       7
       8
       8
       4
       8
       8
      13
      13
       7
       6
       7
       8
       5
       9
      10
       6
       9
      11
      12
       4
      13
       8
       6
       6
       8
       5
      10
       9
       7
       8
       8
       3
      14
       8
      12
      12
       4
       3
       7
       4
      11
       7
       5
      10
       5
      11
       6
      10
      13
      10
       4
       6
       9
       8
      10
       7
       8
       3
       6
       9
      12
       9
       7
      11
       6
       9
      22
      16
       7
      11
       7
       6
       3
      12
       5
       8
       6
      10
       5
       6
       3
       4
       3
       4
       2
       9
       5
       3
       5
      10
       3
       6
       5
       4
       5
       6
      12
       7
       7
      11
       9
       3
       2
       4
       2
       6
       8
      10
      11
       8
       7
       7
       5
      13
      20
      65
      68
      51
      24
      13
      10
       3
       5
       7
       3
       6
       3
      10
       2
       6
       3
       7
       5
       5
       4
       6
       8
       5
       7
       7
       8
       3
       5
       6
       6
       6
       3
       2
       4
       8
       4
       6
       6
       6
       4
       6
       5
      13
       4
       9
      13
      10
       6
       8
       6
       9
       4
       4
       7
       3
       6
       4
       4
       5
       7
       5
       6
       7
       5
       9
      16
      26
      51
      19
      14
       6
      11
       4
       4
       1
      13
       3
       8
       5
      10
       7
       8
       4
       4
       6
       5
       5
       4
       8
       3
       6
       2
      10
       4
       5
       3
       4
       6
       6
       7
       5
       6
       5
      10
       6
       3
       3
       5
       6
       2
       4
       8
       3
       6
       3
       3
       6
       4
       5
       7
       3
       7
       4
       2
       6
       2
       5
       3
       2
       7
       5
       4
       3
       5
       5
       5
       7
       7
      11
       4
       6
       1
       3
       7
       4
       3
       4
       2
       2
       3
       6
       3
       6
       5
       6
       4
       2
       3
       7
       1
       2
       6
       8
       6
       3
       5
       8
       3
       7
       5
       7
       2
       2
       5
       3
       3
       1
       6
       4
       5
       1
       2
       2
       7
       1
       6
       5
       4
       4
      10
       4
       6
       5
      13
       7
       7
       4
       4
       4
       4
       3
      11
      14
      17
      23
      21
      17
       2
       5
       4
       1
       1
       3
       2
       7
       2
       4
       3
       4
       2
       2
       6
       1
       4
       3
       4
       0
       6
       3
       5
       8
       7
       4
       7
       3
       7
       2
       6
       5
       2
       3
       8
       2
       3
       5
       3
       4
       4
       2
       5
       5
       3
       4
       5
       3
       5
       8
       5
      11
       0
       3
       4
       1
       0
       1
       1
       6
       2
       1
       1
       4
       4
       4
       3
       5
       1
       3
       1
       7
       6
       5
       5
       3
       4
       3
       0
       4
       4
       2
       6
       1
       3
       7
       6
       2
       1
       2
       3
       3
       2
       6
       8
       5
       2
       4
       1
       3
       2
       5
       4
       3
       2
       6
      11
       5
       6
       7
       8
       6
       1
       4
       2
       2
       2
       4
       6
      11
      18
      42
      63
      51
      28
      21
       6
       0
       2
       7
       2
       6
       8
      10
       5
       4
       1
       1
       3
       8
       2
       3
       5
       3
       8
      14
      20
      21
      19
      12
      12
       5
       2
       7
       3
       2
       5
       4
       3
       0
       1
       6
       3
       2
       2
       4
       2
       3
       1
       1
       4
       7
       0
       4
       5
       3
       3
       3
       4
       1
       4
       3
       5
       3
       4
       3
       4
       2
       1
       1
       1
       3
       1
       4
       1
       1
       3
       3
       1
       2
       4
       3
       4
       4
       5
       5
       1
       5
       2
       1
       4
       4
       3
       4
       1
       4
       3
       1
       4
       4
       1
       5
       3
       5
       3
       3
       2
       3
       2
       1
       0
       1
       2
       3
       3
       1
       4
       3
       6
       2
       6
       1
       3
       2
       2
       3
       5
       5
       6
       3
       2
       3
       3
       1
       1
       5
       4
       3
       2
       1
       3
       2
       2
       4
       4
       1
       1
       3
       3
       1
       5
       5
       4
       4
       4
       2
       2
       3
       1
       0
       5
       3
       2
       3
       1
       2
       6
       7
       3
       4
       1
       4
       2
       1
       2
       4
       2
       5
       5
       1
       1
       3
       3
       3
       3
       7
       0
       4
       0
       2
       1
       8
       3
       3
       7
       0
       5
       1
       1
       2
       0
       1
       0
       2
       4
       3
       2
       4
       6
       4
       5
       4
       5
       3
       4
       2
       5
       4
      15
      34
      40
      40
      38
      14
       8
       3
       2
       4
       5
       1
       5
       4
       1
       3
       6
       4
       6
      11
      13
       5
       5
       1
       1
       4
       1
       6
       3
       3
       3
       4
       1
       1
       2
       5
       5
       5
       2
       2
       1
       0
       6
       2
       5
       1
       2
       2
       4
       8
       5
       4
       0
       5
       2
       2
       1
       7
       6
       4
       6
       5
       2
       1
       3
       3
       5
       6
       6
       0
       4
       5
       2
       1
       6
       8
      11
       8
      13
       8
       3
       9
       1
       1
       1
       2
       1
       4
       3
       5
       4
       9
       5
       3
       1
       3
       7
       0
       1
       3
       2
       0
       5
       2
       0
       2
       2
       1
       4
       1
       1
       4
       2
       3
       1
       0
       5
       0
       2
       5
       0
       5
       2
       0
       2
       2
       2
       1
       3
       0
       3
       3
       3
       5
       2
       3
       2
       3
       2
       1
       5
       2
       4
       1
       1
       5
       2
       3
       2
       2
       4
       1
       2
       0
       5
       6
       2
       5
       1
       4
       2
       3
       1
       1
       4
       2
       4
       1
       0
       3
       1
       2
       2
       2
       2
       1
       4
       1
       2
       4
       5
       2
       4
       4
       2
       1
       4
       2
       3
       5
       4
       5
       3
       1
       0
       1
       1
       4
       3
       2
       1
       2
       1
       1
       0
       0
       5
       2
       2
       0
       4
       5
       2
       2
       5
       1
       1
       2
       0
       3
       2
       5
       1
       3
       2
       4
       2
       3
       2
       1
       1
       2
       2
       2
       1
       1
       3
       4
       1
       3
       3
       3
       3
       3
       4
       5
       1
       1
       0
       1
       1
       3
       2
       1
       2
       5
       2
       5
       0
       3
       2
       4
       0
       3
       2
       1
       1
       2
       2
       4
       2
       0
       1
       0
       1
       4
       1
       1
       1
       3
       2
       3
       2
       3
       2
       6
       2
       3
       4
       2
       0
       0
       2
       3
       3
       4
       1
       3
       3
       1
       3
       1
       2
       4
       1
       2
       0
       1
       1
       2
       4
       2
       6
       2
       3
       1
       1
       1
       4
       1
       1
       2
       3
       0
       3
       0
       2
       2
       2
       3
       2
       2
       1
       3
       0
       0
       1
       3
       6
       6
       5
       9
       3
       1
       2
       3
       3
       6
      10
      12
      10
      20
       7
       4
       2
       1
       1
       0
       1
       2
       4
       2
       1
       0
       0
       1
       3
       3
       3
       0
       2
       3
       1
       2
       1
       9
       6
       2
       3
       1
       1
       1
       1
       3
       1
       1
       1
       1
       4
       0
       1
       1
       3
       6
       2
       3
       1
       0
       1
       1
       2
       3
       1
       2
       4
       3
       0
       2
       0
       2
       3
       2
       3
       4
       0
       1
       2
       2
       1
       2
       4
       1
       4
       0
       0
       3
       3
       0
       2
       1
       5
       8
       1
       6
       3
       4
       1
       2
       3
       4
       2
       2
       0
       3
       2
       1
       3
       1
       2
       1
       2
       2
       0
       5
       2
       4
       3
       1
       2
       3
       2
       0
       2
       1
       3
       3
       4
       3
       4
       1
       0
       2
       3
       1
       3
       2
       2
       1
       0
       2
       1
       2
       4
       4
       1
       2
       7
       1
       1
       2
       4
       3
       4
       1
       2
       3
       4
       0
       2
       2
       2
       0
       0
       2
       1
       2
       2
       4
       1
       4
       3
       2
       1
       1
       1
       3
       2
       0
       0
       1
       3
       3
       0
       2
       1
       3
       1
       3
       0
       1
       0
       1
       1
       0
       1
       1
       3
       1
       2
       6
       0
       2
       8
       2
       3
       0
       2
       1
       2
       2
       2
       3
       3
       3
       1
       1
       2
       2
       1
       1
       4
       4
       5
       6
       5
       1
       2
       3
       2
       3
       9
       8
      12
      16
      11
       5
       2
       4
       6
       3
       5
       5
       7
       3
       3
       4
       1
       0
       4
       1
       0
       1
       2
       2
       2
       3
       0
       1
       1
       2
       0
       1
       2
       1
       1
       0
       3
       1
       3
       2
       1
       1
       0
       5
       2
       0
       0
       1
       1
       2
       2
       1
       1
       3
       3
       1
       1
       1
       3
       0
       5
       2
       1
       2
       3
       2
       1
       2
       1
       0
       0
       1
       0
       0
       0
       1
       2
       1
       4
       1
       3
       2
       2
       0
       1
       0
       3
       1
       1
       3
       0
       2
       0
       0
       0
       4
       3
       3
       4
       3
       1
       1
       0
       0
       2
       1
       2
       0
       1
       2
       0
       3
       0
       0
       2
       3
       0
       1
       1
       0
       1
       2
       0
       3
       0
       3
       2
       2
       0
       1
       4
       0
       0
       0
       1
       1
       2
       2
       2
       0
       1
       0
       0
       2
       5
       0
       3
       2
       3
       3
      10
       9
      11
       5
       5
       3
       2
       3
       2
       1
       1
       0
       3
       0
       1
       1
       1
       0
       1
       1
       1
       1
       1
       1
       2
       2
       3
       2
       1
       3
       2
       1
       2
       2
       0
       2
       0
       1
       2
       1
       2
       1
       0
       2
       2
       1
       1
       0
       2
       2
       0
       1
       0
       1
       0
       0
       1
       0
       1
       2
       2
       3
       1
       1
       3
       2
       0
       0
       2
       3
       0
       0
       0
       1
       0
       2
       2
       1
       1
       1
       1
       2
       0
       1
       2
       3
       0
       1
       1
       0
       1
       1
       1
       3
       2
       1
       1
       1
       1
       0
       1
       1
       3
       4
       1
       3
       3
       0
       2
       2
       0
       0
       0
       2
       0
       2
       1
       1
       1
       2
       1
       1
       0
       1
       1
       3
       1
       1
       2
       0
       1
       0
       1
       3
       1
       2
       0
       2
       2
       1
       2
       2
       1
       0
       2
       1
       0
       0
       0
       0
       0
       2
       1
       1
       1
       0
       1
       3
       1
       2
       2
       1
       0
       0
       0
       2
       1
       3
       0
       0
       0
       2
       1
       3
       0
       1
       1
       1
       1
       3
       2
       0
       1
       1
       0
       1
       2
       0
       0
       1
       4
       3
       2
       4
       0
       4
       2
       0
       3
       1
       3
       2
       1
       4
       1
       1
       1
       1
       0
       0
       1
       2
       1
       2
       0
       1
       3
       0
       2
       0
       2
       3
       2
       0
       0
       3
       2
       2
       2
       2
       3
       2
       0
       1
       4
       3
       1
       1
       1
       0
       3
       2
       1
       1
       1
       3
       6
       7
       9
       6
       3
       1
       2
       0
       1
       1
       3
       2
       0
       1
       0
       1
       0
       0
       3
       2
       1
       0
       2
       2
       1
       1
       1
       3
       5
       3
       2
       3
       6
       1
       1
       2
       1
       1
       1
       1
       1
       2
       1
       1
       4
       4
       1
       2
       1
       2
       2
       0
       0
       0
       0
       0
       1
       1
       1
       2
       1
       0
       0
       3
       0
       0
       3
       2
       0
       2
       1
       1
       1
       2
       1
       3
       1
       0
       1
       0
       1
       2
       2
       1
       2
       0
       1
       1
       1
       1
       1
       0
       7
       0
       0
       1
       0
       1
       5
       0
       1
       0
       2
       1
       0
       1
       1
       1
       1
       1
       1
       0
       1
       0
       3
       1
       2
       0
       0
       3
       1
       2
       0
       1
       1
       1
       2
       0
       2
       1
       0
       3
       0
       2
       4
       8
       4
       5
       4
       4
       0
       1
       2
       2
       3
       0
       2
       4
       6
       3
       5
       4
       4
       2
       0
       0
       2
       1
       1
       2
       1
       1
       0
       2
       0
       1
       0
       1
       2
       1
       0
       0
       2
       2
       0
       2
       1
       1
       1
       3
       1
       3
       0
       0
       3
       0
       0
       1
       0
       2
       0
       0
       3
       0
       1
       0
       2
       0
       3
       1
       2
       2
       1
       2
       2
       0
       2
       0
       0
       1
       0
       0
       0
       1
       1
       3
       1
       1
       2
       3
       1
       1
       0
       0
       0
       2
       0
       1
       0
       3
       3
       1
       1
       2
       1
       1
       0
       2
       1
       0
       0
       0
       0
       1
       3
       2
       2
       0
       1
       2
       0
       0
       2
       1
       0
       3
       1
       1
       1
       1
       2
       1
       1
       1
       0
       3
       1
       0
       0
       1
       1
       1
       1
       1
       1
       2
       0
       2
       1
       0
       2
       0
       1
       0
       0
       1
       0
       1
       0
       2
       1
       1
       1
       0
       0
       0
       1
       1
       0
       0
       1
       1
       5
       1
       1
       0
       1
       1
       4
       0
       0
       0
       1
       2
       0
       0
       0
       0
       0
       1
       0
       2
       1
       1
       1
       1
       1
       1
       1
       2
       1
       0
       0
       3
       1
       0
       0
       2
       1
       0
       2
       1
       0
       2
       2
       0
       0
       0
       4
       0
       0
       0
       1
       0
       0
       0
       1
       1
       2
       1
       8
       6
       3
       1
       6
       0
       2
       0
       0
       0
       0
       1
       2
       0
       1
       1
       0
       0
       1
       0
       1
       1
       0
       1
       0
       0
       1
       2
       3
       1
       7
       0
       1
       1
       1
       2
       0
       0
       1
       0
       0
       0
       1
       1
       1
       1
       1
       1
       1
       1
       1
       1
       1
       0
       5
       2
       0
       0
       2
       1
       1
       1
       1
       2
       1
       1
       0
       0
       0
       0
       0
       0
       1
       1
       1
       0
       1
       1
       0
       1
       5
       0
       1
       0
       3
       2
       0
       0
       0
       1
       2
       1
       1
       0
       2
       0
       0
       1
       1
       1
       0
       1
       1
       0
       0
       2
       0
       1
       0
       1
       2
       0
       0
       1
       1
       1
       1
       1
       0
       2
       1
       0
       0
       1
       2
       0
       1
       1
       0
       3
       1
       0
       0
       1
       0
       2
       0
       0
       1
       0
       0
       0
       0
       1
       0
       0
       1
       0
       2
       4
       1
       0
       1
       0
       1
       0
       1
       0
       0
       1
       0
       2
       1
       1
       0
       2
       1
       3
       0
       0
       1
       0
       0
       0
       0
       1
       1
       0
       0
       1
       0
       4
       3
       3
      10
       3
       7
       3
       2
       5
       1
       1
       0
       1
       1
       1
       0
       2
       0
       1
       0
       1
       0
       3
       0
       0
       1
       0
       0
       0
       0
       0
       1
       1
       0
       0
       1
       1
       0
       0
       0
       2
       0
       0
       0
       2
       0
       1
       0
       0
       0
       2
       0
       1
       0
       0
       0
       1
       1
       2
       0
       0
       1
       0
       0
       0
       0
       0
       0
       0
       1
       0
       0
       1
       1
       1
       0
       0
       0
       0
       2
       0
       0
       1
       2
       1
       0
       1
       1
       0
       1
       0
       0
       0
       2
       1
       1
       0
       0
       0
       1
       0
       0
       0
       2
       0
       0
       2
       0
       0
       0
       1
       0
       0
       0
       0
       0
       1
       1
       0
       1
       5
       0
       0
       1
       0
       2
       0
       0
       0
       1
       0
       0
       0
       1
       1
       1
       0
       1
       0
       0
       0
       1
       0
       1
       0
       0
       1
       0
       0
       0
       0
       0
       0
       0
       0
       0
       2
       0
       2
       0
       1
       0
       0
       2
       0
       0
       2
       0
       1
       0
       0
       1
       0
       1
       2
       1
       0
       0
       0
       0
       0
       0
       1
       0
       3
       0
       0
       2
       2
       0
       0
       2
       2
       1
       0
       2
       1
       3
       2
       0
       0
       0
       0
       0
       0
       1
       0
       1
       0
       1
       0
       1
       0
       0
       1
       0
       0
       0
       0
       0
       0
       2
       1
       1
       0
       1
       0
       1
       0
       0
       0
       1
       0
       0
       0
       0
       0
       1
       0
       1
       1
       0
       0
       0
       0
       2
       1
       0
       1
       0
       0
       1
       1
       0
       1
       1
       0
       0
       0
       0
       0
       2
       0
       1
       0
       0
       0
       0
       0
       0
       0
       0
       0
       0
       0
       2
       1
       1
       3
       0
       0
       3
       0
       0
       0
       0
       0
       1
       2
       0
       0
       0
       0
       1
       0
       1
       0
       0
       0
       0
       1
       0
       0
       0
       0
       1
       0
       0
       0
       1
       0
       0
       1
       0
       0
       0
       1
       1
       0
       1
       0
       2
       0
       0
       0
       2
       1
       4
       5
       8
      22
      25
      25
      25
      17
       8
       2
       2
       0
       0
       0
       0
       0
       0
       1
       2
       0
       0
       0
       0
       0
       0
       0
       0
       1
       0
       0
       0
       0
       0
       0
       0
       1
       0
       1
       0
       1
       0
       0
       0
       1
       1
       0
       0
       0
       0
       1
       1
       0
       0
       0
       1
       1
       0
       0
       0
       0
       1
       0
       0
       0
       1
       0
       0
       0
       0
       1
       1
       0
       0
       2
       0
       0
       1
       0
       0
       0
       0
       0
       0
       0
       0
       1
       0
       1
       0
       0
       0
       0
       1
       0
       0
       0
       0
       0
       3
       0
       0
       1
       0
       0
       0
       0
       0
       0
       1
       0
       0
       0
       0
       1
       0
       0
       0
       3
       1
       0
       0
       0
       0
       0
       0
       1
       0
       1
       0
       1
       1
       0
       0
       1
       1
       0
       0
       0
       0
       1
       1
       1
       0
       0
       0
       0
       0
       0
       0
       1
       1
       0
       1
       1
       0
       0
       0
       0
       0
       0
       0
       0
       0
       0
       0
       0
       0
       0
       0
       0
       0
       0
       0
       0
       0
       1
       0
       0
       1
       0
       0
       1
       0
       0
       0
       0
       0
       0
       1
       0
       1
       0
       1
       0
       0
       0
       0
       0
       0
       0
       0
       1
       0
       2
       0
       0
       0
       0
       0
       1
       0
       0
       0
       0
       0
       0
       2
       0
       0
       2
       0
       1
       0
       0
       0
       0
       0
       0
       1
       0
       0
       0
       0
       0
       1
       0
       1
       0
       0
       0
       0
       0
       1
       0
       0
       0
       1
       0
       0
       0
       0
       2
       0
       0
       0
       0
       0
       0
       2
       0
       0
       1
       0
       0
       0
       1
       0
       0
       0
       0
       0
       1
       0
       0
       0
       1
       0
       0
       0
       1
       0
       0
       0
       0
       0
       0
       2
       0
       0
       0
       0
       0
       0
       0
       0
       0
       0
       0
       0
       0
       0
       0
       0
       0
       0
       0
       0
       0
       0
       0
       0
       0
       0
       0
       0
       0
       1
       0
       1
       1
       0
       0
       0
       0
       0
       0
       0
       0
       1
       1
       2
       0
       0
       0
       1
       2
       1
       1
       0
       0
       1
       0
       0
       1
       0
       0
       0
       1
       1
       0
       1
       0
       0
       0
       0
       0
       3
       0
       0
       0
       0
       1
       0
       0
       0
       0
       0
       0
       0
       0
       0
       0
       0
       0
       0
       0
       1
       0
       0
       0
       0
       0
       2
       0
       0
       0
       0
       1
       0
       0
       0
       0
       0
       0
       0
       0
       0
       0
       0
       0
       0
       0
       0
       0
       1
       0
       0
       0
       1
       0
       0
       0
       1
       1
       1
       0
       1
       0
       0
       0
       0
       0
       1
       0
       0
       0
       0
       0
       0
       1
       0
       0
       1
       0
       1
       0
       0
       1
       1
       1
       0
       1
       0
       0
       0
       0
       0
       0
       0
       0
       0
       0
       0
       0
       1
       0
       0
       1
       0
       1
       0
       0
       0
       0
       0
       0
       2
       0
       0
       0
       0
       1
       0
       0
       0
       0
       0
       0
       0
       0
       0
       1
       1
       0
       0
       0
       0
       0
       0
       0
       0
       0
       0
       0
       0
       0
       0
       0
       1
       0
       0
       1
       0
       0
       0
       0
       0
       0
       0
       0
       0
       0
       0
       0
       0
       0
       0
       0
       0
       0
       1
       0
       0
       0
       0
       0
       0
       0
       0
       0
       0
       0
       0
       0
       0
       0
       0
       0
       0
       0
       0
       0
       0
       0
       0
       0
       0
       1
       0
       0
       0
       1
       0
       1
       0
       2
       1
       0
       0
       1
       0
       1
       1
       0
       0
       0
       0
       1
       0
       0
       0
       0
       0
       0
       0
       0
       0
       0
       1
       0
       0
       0
       0
       0
       0
       0
       0
       0
       1
       0
       0
       0
       0
       0
       0
       0
       0
       0
       0
       0
       0
       0
       0
       0
       0
       0
       0
       0
       0
       1
       0
       0
       0
       1
       0
       0
       0
       0
       0
       0
       0
       0
       0
       0
       1
       0
       0
       2
       0
       0
       0
       1
       2
       0
       1
       0
       2
       0
       0
       1
       1
       1
       0
       0
       0
       0
       1
       1
       0
       0
       0
       0
       0
       0
       0
       0
       0
       0
       1
       0
       0
       0
       0
       0
       1
       1
       1
       0
       0
       0
       0
       0
       0
       0
       2
       0
       0
       0
       0
       0
       0
       0
       1
       0
       0
       0
       0
       0
       1
       0
       0
       0
       0
       1
       0
       0
       0
       0
       0
       0
       0
       1
       0
       0
       0
       0
       0
       0
       0
       0
       0
       0
       1
       0
       0
       0
       0
       0
       0
       0
       0
       1
       0
       0
       0
       0
       0
       0
       0
       0
       0
       1
       0
       0
       1
       0
       0
       0
       0
       0
       0
       0
       0
       0
       1
       0
       1
       0
       1
       0
       0
       1
       0
       0
       0
       0
       0
       0
       0
       0
       0
       0
       0
       0
       0
       2
       0
       0
       0
       0
       0
       0
       0
       0
       0
       0
       1
       0
       0
       4
       1
       1
       2
       5
       3
       1
       0
       0
       0
       0
       0
       0
       0
       0
       0
       0
       0
       0
       1
       1
       0
       0
       0
       0
       0
       0
       0
       0
       0
       0
       0
       1
       0
       1
       0
       0
       0
       0
       0
       0
       0
       0
       0
       0
       0
       1
       0
       0
       0
       0
       0
       0
       0
       0
       0
       0
       0
       0
       0
       0
       0
       0
       0
       0
       0
       0
       0
       0
       2
       0
       1
       0
       1
       0
       2
       1
       0
       0
       0
       0
       0
       0
       0
       0
       0
       1
       0
       0
       0
       0
       0
       0
       0
       1
       0
       0
       0
       0
       0
       0
       0
       0
       0
       0
       0
       0
       0
       0
       0
       0
       0
       0
       0
       0
       0
       0
       0
       0
       0
       0
       0
       0
       0
       0
       0
       0
       0
       0
       1
       0
       0
       0
       0
       0
       0
       0
       1
       0
       0
       0
       0
       0
       0
       0
       0
       0
       0
       0
       0
       0
       0
       0
       0
       0
       0
       0
       0
       0
       0
       0
       0
       0
       0
       0
       0
       0
       0
       0
       0
       0
       0
       0
       0
       0
       0
       0
       1
       0
       0
       0
       1
       0
       1
       1
       0
       0
       0
       0
       0
       0
       0
       2
       0
       0
       0
       0
       0
       0
       0
       0
       0
       0
       0
       0
       1
       0
       0
       0
       0
       1
       1
       0
       0
       0
       0
       0
       0
       0
       1
       0
       0
       0
       0
       1
       0
       0
       0
       0
       0
       0
       0
       0
       0
       0
       1
       0
       0
       0
       0
       0
       1
       0
       0
       0
       0
       0
       0
       0
       0
       0
       0
       0
       0
       0
       0
       0
       0
       1
       0
       0
       0
       1
       0
       0
       0
       0
       0
       1
       0
       0
       0
       0
       0
       0
       0
       0
       0
       0
       1
       0
       0
       0
       0
       0
       0
       0
       0
       0
       0
       0
       0
       0
       0
       0
       0
       0
       0
       0
       0
       0
       0
       1
       0
       1
       1
       0
       0
       1
       0
       0
       0
       0
       0
       0
       0
       0
       1
       0
       0
       0
       0
       0
       0
       0
       0
       0
       1
       0
       0
       0
       0
       0
       1
       0
       0
       0
       0
       1
       1
       0
       2
       0
       0
       0
       1
       0
       0
       0
       0
       0
       0
       0
       0
       0
       0
       1
       0
       0
       0
       0
       1
       0
       0
       0
       0
       0
       0
       0
       0
       0
       0
       0
       1
       0
       0
       0
       0
       0
       0
       1
       0
       0
       0
       0
       0
       0
       0
       0
       1
       0
       0
       0
       0
       0
       1
       0
       0
       0
       0
       0
       0
       1
       1
       0
       0
       0
       0
       0
       0
       0
       0
       0
       0
       0
       0
       0
       0
       0
       0
       0
       0
       0
       2
       0
       0
       0
       0
       0
       0
       0
       0
       0
       0
       0
       0
       0
       0
       0
       0
       0
       0
       0
       0
       0
       1
       0
       0
       0
       0
       0
       0
       1
       0
       0
       0
       0
       0
       0
       0
       0
       0
       0
       0
       0
       0
       0
       0
       0
       0
       0
       0
       0
       1
       0
       0
       0
       0
       0
       0
       0
       0
       0
       0
       0
       0
       0
       0
       1
       0
       0
       0
       0
       1
       0
       0
       0
       0
       0
       0
       0
       0
       0
       0
       0
       0
       0
       0
       0
       0
       0
       0
       0
       0
       0
       0
       0
       0
       0
       0
       1
       0
       0
       0
       0
       0
       0
       0
       0
       0
       0
       0
       1
       0
       0
       0
       0
       0
       0
       0
       0
       0
       0
       0
       0
       0
       1
       0
       0
       0
       0
       0
       0
       1
       0
       0
       1
       0
       0
       0
       0
       0
       0
       0
       0
       0
       1
       0
       0
       0
       0
       0
       0
       0
       1
       1
       0
       0
       0
       0
       0
       0
       0
       0
       0
       0
       0
       0
       0
       0
       0
       0
       0
       0
       1
       0
       1
       0
       0
       0
       0
       0
       0
       0
       1
       0
       0
       0
       1
       0
       0
       0
       0
       0
       0
       0
       1
       1
       2
       0
       0
       0
       0
       0
       0
       0
       0
       0
       0
       0
       0
       0
       0
       0
       0
       0
       0
       0
       0
       0
       0
       0
       0
       0
       0
       0
       0
       0
       0
       0
       1
       0
       0
       0
       0
       0
       0
       0
       0
       1
       0
       0
       0
       0
       0
       0
       0
       0
       0
       0
       0
       0
       0
       0
       0
       0
       0
       0
       0
       0
       0
       0
       0
       0
       1
       0
       0
       1
       1
       0
       0
       0
       0
       0
       0
       0
       0
       0
       0
       0
       0
       0
       0
       0
       0
       0
       0
       0
       0
       0
       0
       0
       0
       0
       0
       1
       0
       0
       0
       0
       1
       0
       0
       0
       0
       1
       0
       0
       0
       0
       0
       0
       0
       0
       0
       0
       1
       0
       0
       0
       0
       0
       0
       0
       0
       0
       0
       0
       0
       0
       0
       0
       0
       0
       0
       0
       0
       0
       0
       0
       0
       0
       0
       0
       0
       0
       0
       0
       0
       0
       0
       0
       0
       0
       0
       0
       0
       0
       0
       2
       0
       0
       0
       0
       0
       0
       0
       0
       0
       0
       1
       1
       0
       0
       1
       0
       0
       0
       0
       0
       1
       0
       0
       0
       0
       0
       0
       0
       0
       1
       0
       0
       0
       0
       0
       0
       0
       0
       1
       0
       0
       0
       0
       0
       0
       0
       0
       0
       0
       0
       0
       0
       0
       0
       0
       0
       0
       0
       0
       0
       0
       0
       0
       0
       0
       0
       0
       0
       0
       0
       0
       0
       0
       0
       0
       0
       0
       0
       0
       0
       0
       0
       0
       1
       0
       0
       0
       0
       1
       0
       0
       0
       0
       1
       1
       1
       0
       1
       0
       0
       0
       0
       0
       0
       0
       0
       0
       0
       0
       0
       0
       0
       0
       0
       0
       0
       0
       0
       0
       0
       0
       0
       0
       0
       0
       0
       0
       0
       0
       0
       0
       0
       0
       0
       0
       0
       0
       0
       1
       0
       0
       0
       0
       0
       1
       0
       0
       0
       0
       0
       0
       0
       1
       1
       1
       0
       0
       0
       0
       0
       1
       0
       0
       0
       0
       0
       0
       0
       0
       0
       1
       0
       0
       0
       0
       0
       0
       0
       0
       1
       0
       0
       0
       0
       1
       0
       0
       0
       0
       0
       0
       0
       1
       0
       0
       0
       0
       0
       0
       0
       0
       0
       0
       0
       0
       0
       0
       0
       0
       1
       0
       0
       0
       0
       0
       0
       0
       0
       0
       0
       0
       0
       0
       1
       0
       0
       0
       0
       0
       0
       0
       1
       0
       0
       0
       0
       0
       0
       0
       0
       0
       0
       0
       0
       0
       0
       0
       0
       0
       0
       1
       0
       0
       0
       0
       0
       0
       0
       0
       0
       0
       2
       0
       0
       0
       0
       0
       0
       0
       0
       0
       0
       0
       0
       0
       0
       0
       0
       0
       0
       0
       0
       0
       0
       0
       0
       0
       0
       1
       0
       1
       0
       0
       0
       0
       0
       0
       0
       0
       0
       0
       0
       1
       0
       0
       0
       0
       0
       0
       0
       0
       0
       0
       0
       0
       0
       0
       0
       0
       0
       0
       0
       0
       0
       0
       1
       0
       0
       0
       0
       0
       0
       0
       0
       0
       0
       0
       0
       0
       0
       0
       0
       1
       0
       1
       1
       1
       0
       2
       0
       0
       0
       0
       0
       0
       0
       0
       0
       0
       0
       0
       0
       0
       0
       0
       1
       0
       0
       0
       1
       0
       0
       0
       1
       0
       0
       1
       0
       0
       0
       1
       0
       0
       0
       0
       0
       0
       0
       0
       0
       0
       1
       0
       0
       0
       0
       0
       0
       0
       0
       0
       0
       2
       0
       0
       0
       0
       0
       0
       0
       0
       0
       0
       0
       0
       0
       0
       0
       0
       0
       0
       0
       0
       1
       0
       0
       0
       0
       0
       0
       0
       0
       0
       0
       1
       0
       0
       0
       0
       0
       0
       0
       0
       0
       0
       0
       0
       0
       1
       0
       0
       0
       0
       0
       0
       0
       1
       0
       0
       0
       0
       0
       0
       0
       0
       0
       0
       0
       0
       0
       0
       0
       0
       0
       0
       0
       0
       0
       0
       0
       0
       0
       0
       0
       0
       0
       0
       0
       0
       0
       0
       0
       0
       0
       0
       0
       0
       0
       0
       0
       0
       0
       0
       0
       0
       0
       0
       0
       0
       0
       0
       0
       0
       0
       0
       0
       0
       0
       0
       0
       0
       0
       0
       0
       0
       0
       0
       0
       0
       0
       0
       0
       0
       0
       0
       0
       0
       0
       0
       0
       0
       0
       0
       1
       0
       0
       0
       0
       1
       0
       0
       0
       0
       0
       0
       0
       0
       0
       0
       0
       0
       0
       0
       0
       0
       0
       0
       0
       0
       0
       0
       0
       0
       0
       0
       0
       1
       0
       0
       0
       1
       0
       0
       0
       0
       0
       0
       0
       0
       0
       0
       0
       0
       0
       0
       0
       0
       0
       0
       0
       0
       0
       0
       0
       0
       0
       0
       0
       1
       0
       0
       0
       0
       0
       0
       0
       0
       1
       0
       0
       1
       1
       0
       0
       1
       0
       0
       0
       0
       0
       1
       0
       0
       0
       0
       0
       0
       0
       0
       0
       0
       0
       0
       0
       0
       0
       1
       0
       0
       0
       0
       0
       1
       0
       0
       0
       0
       0
       0
       0
       0
       0
       0
       0
       0
       0
       0
       0
       0
       0
       0
       0
       0
       0
       0
       0
       0
       0
       1
       0
       0
       0
       0
       0
       0
       1
       0
       0
       0
       0
       0
       0
       0
       0
       0
       0
       0
       0
       0
       0
       0
       0
       0
       0
       0
       0
       0
       0
       1
       0
       0
       0
       0
       0
       0
       0
       0
       0
       0
       0
       0
       0
       0
       1
       0
       0
       0
       1
       0
       0
       0
       0
       0
       0
       0
       0
       0
       0
       0
       0
       0
       0
       0
       0
       0
       0
       0
       0
       0
       0
       0
       0
       0
       0
       0
       0
       0
       0
       0
       1
       0
       0
       0
       0
       0
       0
       0
       0
       0
       0
       0
       0
       0
       0
       0
       0
       0
       0
       2
       0
       0
       0
       0
       0
       0
       1
       0
       0
       0
       0
       0
       0
       0
       0
       0
       0
       0
       0
       0
       0
       0
       0
       0
       0
       0
       0
       0
       0
       0
       1
       0
       0
       0
       1
       0
       0
       0
       0
       0
       0
       0
       0
       0
       0
       0
       0
       0
       1
       0
       0
       0
       0
       0
       0
       0
       0
       0
       0
       0
       0
       0
       0
       0
       0
       0
       0
       0
       1
       0
       0
       0
       1
       0
       0
       0
       0
       0
       0
       0
       0
       0
       0
       0
       0
       0
       0
       0
       0
       0
       0
       1
       0
       0
       0
       1
       0
       0
       0
       0
       0
       0
       0
       0
       0
       0
       1
       0
       0
       0
       0
       1
       0
       0
       0
       0
       0
       0
       0
       0
       0
       0
       0
       0
       0
       0
       0
       0
       0
       0
       0
       0
       0
       0
       0
       0
       0
       1
       0
       0
       0
       0
       0
       0
       1
       0
       0
       0
       0
       0
       0
       0
       0
       0
       0
       0
       0
       0
       0
       1
       1
       0
       0
       0
       0
       1
       0
       0
       0
       0
       0
       0
       0
       0
       0
       0
       0
       0
       0
       0
       0
       0
       0
       0
       0
       0
       0
       0
       0
       0
       2
       0
       0
       0
       2
       0
       0
       0
       0
       0
       0
       1
       0
       0
       0
       0
       0
       0
       0
       0
       0
       0
       0
       0
       0
       0
       0
       0
       0
       0
       0
       0
       0
       0
       0
       0
       0
       0
       0
       0
       0
       0
       1
       0
       0
       0
       0
       0
       1
       0
       0
       0
       0
       0
       0
       0
       0
       1
       0
       0
       0
       0
       0
       0
       0
       0
       0
       0
       0
       0
       0
       0
       0
       0
       0
       0
       0
       0
       0
       0
       0
       0
       0
       0
       0
       0
       0
       0
       0
       0
       0
       0
       0
       0
       0
       0
       0
       0
       0
       0
       0
       0
       0
       0
       0
       0
       0
       0
       0
       0
       1
       0
       0
       0
       0
       0
       0
       0
       0
       0
       0
       0
       0
       1
       0
       0
       0
       0
       0
       0
       0
       0
       0
       0
       0
       0
       0
       0
       0
       0
       0
       0
       0
       0
       0
       0
       0
       0
       0
       0
       0
       0
       0
       0
       0
       0
       0
       0
       0
       0
       0
       0
       0
       0
       0
       0
       0
       0
       0
       0
       0
       0
       0
       0
       0
       0
       0
       0
       0
       0
       0
       0
       0
       0
       0
       0
       0
       0
       0
       1
       0
       0
       0
       0
       0
       0
       0
       0
       0
       0
       0
       0
       0
       0
       0
       0
       0
       0
       0
       0
       0
       0
       0
       0
       0
       1
       0
       0
       0
       0
       0
       0
       0
       0
       0
       0
       0
       0
       1
       0
       0
       0
       0
       0
       0
       0
       0
       0
       0
       0
       0
       0
       0
       0
       1
       0
       0
       0
       0
       0
       0
       0
       0
       0
       0
       0
       1
       0
       0
       0
       0
       0
       0
       0
       0
       0
       0
       0
       0
       0
       0
       0
       0
       0
       0
       0
       0
       0
       0
       0
       0
       0
       0
       0
       0
       0
       0
       0
       0
       0
       0
       0
       0
       0
       0
       0
       0
       0
       0
       0
       0
       0
       0
       0
       0
       0
       0
       0
       0
       0
       0
       0
       0
       0
       0
       0
       0
       0
       0
       0
       0
       0
       1
       0
       0
       0
       0
       0
       0
       0
       0
       0
       0
       0
       0
       0
       0
       0
       0
       0
       0
       0
       0
       0
       0
       2
       0
       0
       0
       0
       0
       0
       0
       0
       0
       0
       0
       0
       0
       0
       0
       0
       0
       0
       0
       0
       0
       0
       0
       0
       0
       0
       0
       0
       0
       0
       0
       0
       0
       0
       0
       0
       0
       0
       0
       0
       0
       0
       0
       0
       0
       0
       0
       0
       0
       0
       0
       0
       0
       0
       0
       0
       0
       0
       0
       0
       0
       0
       0
       0
       0
       0
       0
       0
       0
       0
       0
       0
       0
       0
       0
       0
       0
       0
       2
       1
       1
       1
       0
       4
       1
       3
       1
       0
       0
       0
       0
       0
       0
       0
       0
       0
       0
       0
       0
       0
       0
       0
       0
       0
       0
       0
       0
       0
       0
       0
       0
       0
       0
       0
       0
       0
       0
       0
       0
       0
       0
       0
       0
       0
       0
       0
       0
       1
       0
       0
       0
       0
       0
       0
       0
       0
       0
       0
       0
       0
       0
       0
       0
       0
       0
       0
       0
       0
       0
       0
       0
       0
       0
       0
       0
       0
       0
       0
       0
       0
       0
       0
       0
       0
       0
       0
       0
       0
       0
       0
       0
       0
       0
       0
       0
       0
       0
       0
       0
       0
       0
       0
       0
       0
       0
       0
       0
       0
       0
       0
       0
       0
       0
       0
       0
       0
       0
       0
       0
       0
       0
       0
       0
       0
       0
       0
       0
       0
       0
       0
       0
       0
       0
       0
       0
       0
       0
       0
       0
       0
       0
       0
       0
       0
       0
       0
       0
       0
       0
       0
       0
       0
       0
       0
       0
       0
       0
       0
       0
       0
       0
       0
       0
       0
       0
       0
       0
       0
       0
       0
       0
       0
       0
       0
       0
       0
       0
       0
       0
       0
       0
       0
       0
       0
       0
       0
       0
       0
       0
       1
       0
       0
       0
       0
       0
       0
       0
       0
       0
       0
       0
       0
       0
       1
       0
       0
       0
       0
       0
       0
       0
       0
       0
       0
       0
       0
       0
       0
       0
       0
       0
       0
       0
       0
       0
       0
       0
       0
       0
       0
       0
       0
       0
       0
       0
       0
       0
       0
       0
       0
       0
       0
       0
       0
       0
       0
       0
       0
       0
       0
       0
       0
       1
       0
       0
       0
       0
       0
       0
       0
       0
       0
       0
       0
       0
       0
       0
       0
       0
       0
       0
       0
       0
       0
       1
       0
       0
       0
       1
       0
       0
       0
       0
       0
       0
       0
       0
       0
       0
       0
       0
       0
       0
       0
       0
       0
       0
       0
       0
       0
       0
       0
       0
       0
       0
       0
       0
       0
       0
       0
       0
       0
       0
       0
       0
       0
       0
       0
       0
       0
       0
       0
       0
       0
       0
       0
       0
       0
       0
       0
       0
       0
       0
       0
       0
       0
       0
       0
       0
       0
       0
       0
       0
       0
       0
       0
       0
       0
       0
       0
       0
       0
       0
       0
       0
       0
       0
       0
       0
       0
       0
       0
       0
       0
       0
       0
       0
       0
       0
       0
       0
       0
       0
       0
       0
       0
       0
       0
       0
       0
       0
       0
       0
       0
       0
       0
       0
       0
       0
       0
       0
       0
       0
       0
       0
       0
       0
       0
       0
       0
       0
       0
       0
       0
       0
       0
       0
       0
       0
       0
       0
       0
       1
       0
       0
       0
       0
       0
       0
       0
       0
       0
       0
       0
       0
       0
       0
       0
       0
       0
       0
       0
       0
       0
       0
       0
       0
       0
       0
       0
       0
       0
       0
       0
       0
       0
       0
       0
       0
       0
       0
       0
       0
       0
       0
       0
       0
       0
       0
       0
       0
       0
       0
       0
       0
       0
       0
       0
       0
       0
       0
       0
       0
       0
       0
       0
       0
       0
       0
       0
       0
       0
       0
       0
       0
       0
       0
       0
       0
       0
       0
       0
       0
       0
       0
       0
       0
       0
       0
       0
       0
       0
       0
       0
       0
       0
       0
       0
       0
       0
       0
       0
       0
       0
       0
       0
       0
       0
       0
       0
       0
       0
       0
       0
       0
       0
       0
       0
       0
       0
       0
       0
       0
       0
       0
       0
       0
       0
       0
       0
       0
       0
       0
       0
       0
       0
       0
       0
       0
       0
       0
       0
       0
       0
       0
       0
       0
       0
       0
       0
       0
       0
       0
       0
       0
       0
       0
       0
       0
       0
       0
       0
       0
       0
       0
       0
       0
       0
       0
       0
       0
       0
       0
       0
       0
       0
       0
       0
       0
       0
       0
       0
       0
       0
       0
       0
       0
       0
       0
       0
       0
       0
       0
       0
       0
       0
       0
       0
       0
       0
       0
       0
       0
       0
       0
       0
       0
       0
       0
       0
       0
       0
       0
       0
       0
       0
       0
       0
       0
       0
       0
       0
       0
       0
       0
       0
       0
       0
       0
       0
       0
       0
       0
       0
       0
       0
       0
       0
       0
       0
       0
       0
       0
       0
       0
       0
       0
       0
       0
       0
       0
       0
       0
       0
       0
       0
       0
       0
       0
       0
       0
       0
       0
       0
       0
       0
       0
       0
       0
       0
       0
       0
       0
       0
       0
       0
       0
       0
       0
       0
       0
       0
       0
       0
       0
       0
       0
       0
       0
       0
       0
       0
       0
       0
       0
       0
       0
       0
       0
       0
       0
       0
       0
       0
       0
       0
       0
       0
       0
       0
       0
       0
       0
       0
       0
       0
       0
       0
       0
       0
       0
       0
       0
       0
       0
       0
       0
       0
       0
       0
       0
       0
       0
       0
       0
       0
       0
       0
       0
       0
       0
       0
       0
       0
       0
       0
       0
       0
       0
       0
       0
       0
       0
       0
       0
       0
       0
       0
       0
       0
       0
       0
       0
       0
       0
       0
       0
       0
       0
       0
       0
       0
       0
       0
       0
       0
       0
       0
       0
       0
       0
       1
       0
       0
       0
       0
       1
       0
       0
       0
       0
       0
       0
       0
       0
       0
       0
       0
       0
       0
       0
       0
       0
       0
       0
       0
       0
       0
       0
       0
       0
       0
       0
       0
       0
       0
       0
       0
       0
       0
       0
       0
       0
       0
       0
       0
       0
       0
       0
       0
       0
       0
       0
       0
       0
       0
       0
       0
       0
       0
       0
       0
       0
       0
       0
       0
       0
       0
       0
       0
       0
       0
       0
       0
       0
       0
       0
       0
       0
       0
       0
       0
       0
       0
       0
       0
       0
       0
       0
       0
       0
       0
       0
       0
       0
       0
       0
       0
       0
       0
       0
       0
       0
       0
       0
       0
       0
       0
       0
       0
       0
       0
       0
       0
       0
       0
       0
       0
       0
       0
       0
       0
       0
       0
       0
       0
       0
       0
       0
       0
       0
       0
       0
       0
       0
       0
       0
       0
       0
       0
       0
       0
       0
       0
       0
       0
       1
       0
       0
       0
       0
       0
       0
       0
       0
       0
       0
       0
       0
       0
       0
       0
       0
       0
       0
       0
       0
       0
       0
       0
       0
       0
       0
       0
       0
       0
       0
       0
       0
       0
       0
       0
       0
       0
       0
       0
       0
       0
       0
       0
       0
       0
       0
       0
       0
       0
       0
       0
       0
       0
       0
       0
       0
       0
       0
       0
       0
       0
       0
       0
       0
       0
       0
       0
       0
       0
       0
       0
       0
       0
       0
       0
       0
       0
       0
       0
       0
       0
       0
       0
       0
       0
       0
       0
       0
       0
       0
       0
       0
       0
       0
       0
       0
       0
       0
       0
       0
       0
       0
       0
       0
       1
       0
       0
       0
       0
       0
       0
       0
       0
       0
       0
       0
       0
       0
       0
       0
       0
       0
       0
       0
       0
       0
       0
       0
       0
       0
       0
       0
       0
       0
       0
       0
       0
       0
       0
       0
       0
       0
       0
       0
       0
       0
       0
       0
       0
       0
       0
       0
       0
       0
       0
       0
       0
       0
       0
       0
       0
       0
       0
       0
       0
       0
       0
       0
       0
       0
       0
       0
       0
       0
       0
       0
       0
       0
       0
       0
       0
       0
       0
       0
       0
       0
       0
       0
       0
       0
       0
       0
       0
       0
       0
       0
       0
       0
       0
       0
       0
       0
       0
       0
       0
       0
       0
       0
       0
       0
       0
       0
       0
       0
       0
       0
       0
       0
       0
       0
       0
       0
       0
       0
       0
       0
       0
       0
       0
       0
       0
       0
       0
       0
       0
       0
       0
       0
       0
       0
       0
       0
       0
       0
       0
       0
       0
       0
       0
       0
       0
       0
       0
       0
       0
       0
       0
       0
       0
       0
       0
       0
       0
       0
       0
       0
       0
       0
       0
       0
       0
       0
       0
       0
       0
       0
       0
       0
       0
       0
       0
       0
       0
       0
       0
       0
       0
       0
       0
       0
       0
       0
       0
       0
       0
       0
       0
       0
       0
       0
       0
       0
       0
       0
       0
       0
       0
       0
       0
       0
       0
       0
       0
       0
       0
       0
       0
       0
       0
       0
       0
       0
       0
       0
       0
       0
       0
       0
       0
       0
       0
       0
       0
       0
       0
       0
       0
       0
       0
       0
       0
       0
       0
       0
       0
       0
       0
       0
       1
       0
       0
       0
       0
       0
       0
       0
       0
       0
       0
       0
       0
       0
       0
       0
       0
       0
       0
       0
       0
       0
       0
       0
       0
       0
       0
       0
       1
       0
       0
       0
       0
       0
       0
       0
       0
       0
       0
       0
       0
       0
       0
       0
       0
       0
       0
       0
       0
       0
       0
       0
       0
       0
       0
       0
       0
       0
       0
       0
       0
       0
       1
       0
       0
       1
       0
       0
       0
       0
       0
       0
       0
       0
       0
       0
       0
       0
       0
       0
       0
       1
       0
       0
       0
       0
       0
       0
       0
       0
       0
       0
       0
       0
       0
       0
       0
       0
       0
       0
       0
       0
       0
       0
       0
       0
       0
       0
       0
       0
       0
       0
       0
       0
       0
       0
       0
       0
       0
       0
       0
       0
       0
       0
       0
       0
       0
       0
       0
       0
       0
       0
       0
       0
       0
       0
       0
       0
       0
       0
       0
       0
       0
       0
       0
       0
       0
       0
       0
       0
       0
       0
       0
       0
       0
       0
       0
       0
       0
       0
       0
       0
       0
       0
       0
       0
       0
       0
       0
       0
       0
       0
       0
       0
       0
       0
       0
       0
       0
       0
       0
       0
       0
       0
       0
       0
       0
       0
       0
       0
       0
       0
       0
       0
       0
       0
       0
       0
       0
       0
       0
       0
       0
       0
       0
       0
       0
       0
       0
       0
       0
       0
       0
       0
       0
       0
       0
       0
       0
       0
$ROI:
0
$PRESETS:
Real Time
180
0
$ENER_FIT:
0.888569 0.390988
$MCA_CAL:
3
8.885689E-001 3.909876E-001 3.191953E-008 keV
$SHAPE_CAL:
3
0.000000E+000 0.000000E+000 0.000000E+000
