$SPEC_ID:
1
$SPEC_REM:
DET# 2
DETDESC# MCB 130 Normal
AP# Maestro Version 7.01
$DATE_MEA:
09/11/2019 03:22:46
$MEAS_TIM:
178 180
$DATA:
0 8191
       0
       0
       0
       0
       0
       0
       0
       0
       0
       0
       0
       0
       0
       0
       0
       0
       0
       0
       0
       0
       0
       0
       0
       0
       0
       0
      12
     276
      69
      41
      38
      70
      93
     128
     146
     103
      52
      56
      65
      92
      84
     102
     117
     112
     152
      97
      58
      42
      43
      54
      43
      63
      70
      74
      59
      54
      43
      55
      62
      86
      85
      65
      39
      40
      52
      48
      45
      52
      64
      57
      80
      73
      56
      54
      52
      58
      53
      57
      55
      46
      57
      47
      41
      48
      50
      42
      51
      73
      65
      82
      78
      71
      53
      49
      42
      50
      64
      52
      39
      53
      52
      54
      59
      46
      39
      47
      43
      46
      44
      51
      52
      48
      52
      67
      44
      42
      56
      50
      52
      41
      43
      50
      49
      51
      77
      56
      41
      41
      63
      55
      56
      54
      64
      47
      39
      50
      49
      58
      56
      73
      61
      46
      50
      63
      83
      79
      62
      52
      68
      65
      87
      66
      78
      64
      82
      95
      70
      72
      73
      77
      85
      74
      63
      78
      65
      88
      73
      68
      76
      85
      79
      90
      74
      78
      94
      79
      83
      68
      71
      90
      86
      79
     108
      98
     106
      78
      81
     108
      97
     104
     131
     110
     104
      82
      93
     115
      93
      97
     107
      78
      92
     109
      98
     103
     107
     134
     107
     119
     111
     101
     101
     108
     115
     115
     129
     139
     110
     106
     105
     119
     132
     123
     111
      96
      93
     103
      92
     111
     113
     122
     106
     127
     106
     112
     107
     136
     103
     116
     107
     118
     119
     115
     136
     101
     131
     105
     109
     117
     113
     128
     167
     204
     263
     309
     227
     142
     107
     118
     123
     123
     114
     151
     221
     371
     371
     241
     153
     121
     202
     406
     494
     301
     126
      88
     111
     101
      98
     110
      71
      90
      88
      99
     105
     106
     106
      82
      93
      90
      74
      92
      90
      79
      90
     110
      87
     117
     128
     141
     158
     116
     100
      80
      88
      91
      92
      91
     106
     113
     121
     114
      95
      70
      83
      85
      89
      92
      85
      72
      89
      78
      74
      74
      88
      80
      90
      77
      76
      80
      90
      77
      88
      92
      82
      72
      79
      69
      63
      75
      80
      90
      95
      71
      68
      67
      80
      85
      71
      61
      88
      62
      65
      79
      70
      77
      78
      61
     113
     142
     186
     127
      97
      89
      53
      65
      59
      63
      68
      77
      81
      69
      83
      90
      92
      67
      69
      67
      67
      71
      49
      64
      68
      57
      63
      73
      67
      59
      69
      67
      60
      63
      61
      54
      69
      62
      78
      55
      59
      48
      53
      62
      64
      64
      54
      58
      58
      66
      50
      55
      60
      55
      61
      71
      47
      70
      55
      51
      51
      70
      54
      56
      55
      49
      43
      55
      73
      43
      58
      54
      57
      62
      55
      45
      57
      60
      52
      56
      49
      55
      60
      48
      40
      47
      48
      48
      54
      42
      59
      48
      46
      41
      40
      40
      52
      44
      53
      54
      35
      48
      46
      47
      54
      57
      52
      39
      47
      62
      43
      47
      43
      55
      50
      47
      45
      57
      48
      40
      49
      49
      43
      35
      49
      48
      40
      38
      50
      45
      51
      47
      32
      36
      54
      41
      33
      43
      44
      44
      35
      40
      35
      39
      45
      42
      42
      50
      45
      41
      49
      32
      39
      40
      30
      43
      38
      38
      44
      39
      40
      38
      45
      27
      39
      35
      35
      44
      39
      44
      37
      39
      45
      50
      28
      45
      37
      51
      64
      80
      61
      43
      42
      38
      31
      36
      22
      28
      41
      40
      45
      24
      28
      32
      42
      35
      41
      24
      37
      22
      19
      28
      31
      29
      34
      39
      31
      45
      26
      30
      31
      34
      28
      32
      30
      32
      50
      33
      38
      33
      39
      32
      22
      34
      46
     115
     180
     163
      98
      48
      34
      19
      30
      33
      33
      32
      25
      25
      33
      32
      35
      24
      32
      35
      28
      28
      30
      27
      30
      27
      30
      39
      26
      53
      43
      33
      24
      25
      23
      29
      22
      20
      35
      26
      25
      25
      22
      26
      18
      28
      28
      32
      19
      23
      32
      27
      30
      21
      34
      24
      57
      89
      89
      64
      35
      27
      29
      24
      32
      16
      30
      16
      22
      21
      26
      28
      19
      30
      18
      21
      19
      20
      28
      29
      21
      21
      29
      33
      15
      28
      19
      26
      23
      24
      23
      17
      25
      24
      19
      18
      28
      29
      27
      29
      18
      27
      22
      23
      15
      16
      23
      17
      20
      21
      19
      22
      15
      15
      32
      26
      20
      18
      15
      17
      20
      20
      10
      22
      22
      18
      29
      45
      88
     118
     102
      57
      23
      24
      21
      21
      18
      14
      20
      19
      21
      23
      30
      20
      17
      15
      10
      11
      27
      20
      25
      25
      18
      16
      16
      16
       9
      16
      20
      24
      14
      22
      15
      20
      13
       6
      21
      25
      39
      43
      34
      31
      27
      29
      35
      38
      27
      20
      16
      15
      25
      43
      38
      50
      40
      27
      17
      19
      12
      18
      14
      16
       9
      15
      19
      17
       9
      14
       8
      22
      21
      14
      15
      14
      12
      15
      13
      33
      27
      30
      18
      16
      19
      17
      16
      18
      13
      11
      10
       9
      19
      10
      10
      14
      13
      22
      36
      33
      50
      51
      31
      24
       6
      14
      19
      22
      14
      19
      13
      16
      10
      13
       9
       8
      11
      13
      17
      12
      10
       7
      15
      21
       4
      10
      22
      18
      15
      18
      16
      19
      13
      16
      11
      14
       9
      17
      18
      10
      12
      20
      17
      16
      16
      16
      24
      24
      13
      13
      14
      18
      11
      12
      11
      15
      12
      17
      18
      11
      13
       9
       9
       9
      19
      14
      14
      10
      13
      16
      12
      17
      14
      11
      12
       7
       9
      12
      19
       8
       8
      11
      16
       9
       7
      12
      12
      10
      17
      20
      25
      33
      27
      24
      10
      13
       9
       8
      10
      12
      21
      11
      11
       9
       6
      15
       8
       9
       9
      13
       3
       5
      12
      12
      14
      15
      11
      15
      16
      13
       9
      20
       8
      23
      25
      13
       9
      17
       9
      10
       9
       7
       9
       6
       6
      16
       8
       7
      11
       4
       8
       9
       1
      10
      12
      12
       7
       8
       6
       8
      11
      13
       9
       6
      11
       5
       7
       8
       7
      12
       8
       9
      14
       8
       7
       9
      11
       6
       7
       3
      10
      12
       7
       9
       3
       8
      12
       7
      13
       9
       5
       8
      10
      11
       9
       9
      12
      12
       1
      10
      12
       6
      14
       9
      12
       6
      10
      12
       5
       8
       8
       7
       8
       4
       9
       6
      17
       8
       8
       9
       6
      13
       6
       8
       7
       5
       2
       8
       6
      12
       7
       4
       5
       8
       5
       9
       7
      12
       7
      11
       9
       7
       6
      13
       7
       7
      12
      11
       8
       7
       5
       5
      11
       5
       8
       9
       4
       7
       8
       8
       5
       5
       9
      10
      14
       4
       6
       7
       7
       8
       3
       6
      14
       5
       7
       6
       5
       4
       4
       6
       7
      10
       5
       6
       8
       7
       7
       8
       5
       5
       6
       5
       5
       9
       8
       6
       3
       3
       5
       7
       7
       6
      11
       5
       7
       8
       6
      13
       8
       2
       7
       4
       6
       5
       5
       3
       7
       3
       9
       8
       5
       9
       4
       5
       8
      10
       8
       6
      10
       4
       6
       6
       2
       9
      12
       8
       3
       7
       3
      12
       8
       4
       8
       8
      12
       6
       5
      11
       2
       3
       7
      11
       6
       6
       4
       8
       5
       3
       5
       6
       7
       8
       5
       8
       9
       6
       1
       6
       6
       9
       3
       3
       7
       8
       4
       5
       2
       5
       6
       8
       6
       6
       6
       4
       9
       4
       8
      11
      12
       8
       6
       5
       3
       9
       5
       8
       6
      10
      17
      20
      13
       9
       7
       4
       4
      10
       2
       6
       9
       4
      11
       8
       4
       7
       7
       2
      10
       1
       8
       4
       7
       6
       6
       4
       6
       8
       7
       1
      10
       6
       5
       6
       7
       5
       3
       8
      10
       3
       5
       4
       5
       2
       5
       3
       7
       4
      11
      17
       8
       6
       6
       6
       6
       5
       6
       6
       3
       6
       8
       7
       1
       5
       6
       1
       6
       4
       1
       7
       6
       4
      12
      15
       8
      15
       8
      13
       5
       1
      10
       8
       3
       5
       8
      12
       2
       8
       1
       9
       2
       3
       6
       4
       2
       9
       3
       7
       8
       7
       5
       6
       8
      10
      11
       2
       6
       5
       2
       9
       6
      12
       8
       5
      11
       7
       7
       2
       7
       5
      12
       8
       3
       3
       7
       4
       6
       6
       1
       5
       7
       5
       6
       5
       7
       4
       6
       3
       6
      13
       6
       7
      11
       6
       7
       6
       7
       7
      11
       9
       3
       4
       4
       5
       7
       4
      12
      19
      30
      36
      38
      21
       5
       8
       2
       6
       6
       0
       5
       4
       7
       6
       1
       2
       3
       6
       3
       5
       6
       9
       2
       2
       1
       2
       6
       4
       2
       0
       6
       6
       8
       4
       7
       2
       4
       5
       2
       2
       5
       3
       5
       5
       4
       4
       5
       7
       3
       4
       6
       3
       5
       1
       1
       4
       7
       5
       3
       6
       2
       3
       7
       5
       8
       6
       6
       6
      13
       3
       6
       4
       8
       4
       3
       4
       5
       7
       2
       4
       4
       7
       4
       3
       9
       4
       4
       4
       3
       3
       7
       1
       3
       4
       3
       5
       1
       2
       8
       5
       3
       1
       5
       2
       2
       3
       2
       3
       2
       2
       3
       4
       6
       2
       1
       4
       6
       1
       6
       2
       5
       9
       4
       7
       1
       5
       3
       5
       5
       3
       6
       4
       0
       2
       3
       6
      10
       7
      10
       5
       3
       6
       6
       3
       5
       1
       4
       5
       2
       3
       4
       2
       3
       6
       0
       3
       2
       3
       3
       3
       5
       6
       5
       1
       4
       3
       3
       5
       3
       1
       1
       3
       6
       4
       2
       1
       5
       0
       3
       2
       2
       2
       5
       3
       4
       3
       5
       6
       6
       3
       2
       2
       4
       8
       4
       5
       4
       2
       1
       5
       6
       8
       9
      23
      26
      16
       7
       4
       1
       6
       6
       7
       7
       4
       7
       6
       2
       1
       3
       3
       3
       4
       2
       8
       1
       4
       4
       5
       4
       1
       1
       5
       5
       4
       4
       0
       3
       2
       1
       1
       3
       1
       4
       3
       2
       4
       4
       3
       2
       2
       4
       2
       3
       3
       3
       3
       5
       9
       3
       3
       6
       2
       2
       3
       7
       0
       1
       4
       2
       5
       1
       2
       4
       5
       3
       4
       4
       5
       3
       0
       3
       3
       3
       1
       2
       2
       4
       4
       3
       2
       3
       3
       2
       5
       1
       2
       4
       1
       3
       4
       1
       7
       7
       3
       1
       4
       1
       1
       0
       3
       1
       4
       6
       2
       7
       1
       2
       4
       3
       2
       2
       1
       3
       5
       2
       3
       6
       5
      22
      28
      27
      16
      16
       3
       0
       4
       1
       6
       6
       6
       4
       1
       5
       2
       7
       4
       4
       5
       3
       2
       3
       8
      14
      12
      25
      20
       8
       4
       4
       2
       1
       5
       2
       3
       1
       0
       2
       2
       2
       4
       1
       1
       2
       4
       5
       3
       3
       0
       2
       3
       2
       2
       2
       4
       3
       4
       3
       3
       3
       3
       2
       2
       0
       2
       6
       2
       2
       2
       0
       3
       5
       7
       2
       3
       2
       7
       2
       2
       3
       2
       2
       5
       4
       2
       2
       0
       4
       1
       2
       2
       2
       5
       1
       0
       2
       4
       1
       5
       1
       4
       6
       1
       2
       1
       5
       2
       2
       4
       8
       1
       3
       1
       6
       3
       3
       4
       2
       3
       2
       2
       2
       3
       1
       3
       5
       1
       2
       2
       2
       0
       2
       1
       1
       3
       4
       2
       4
       3
       2
       4
       2
       2
       4
       2
       6
       2
       3
       2
       2
       3
       1
       2
       1
       2
       0
       5
       8
       3
       4
       2
       3
       3
       2
       2
       2
       2
       0
       3
       1
       4
       1
       2
       3
       3
       2
       5
       4
       3
       6
       2
       2
       3
       0
       2
       4
       1
       0
       2
       2
       1
       4
       1
       4
       5
       4
       2
       1
       4
       1
       3
       1
       2
       1
       2
       3
       2
       2
       6
       4
       4
       1
       0
       0
       4
       4
      10
      16
      17
      17
      17
       7
       3
       4
       4
       1
       2
       0
       1
       4
       4
       4
       2
       4
       3
       4
       2
       3
       5
       2
       3
       2
       1
       2
       2
       2
       2
       4
       3
       2
       3
       2
       2
       3
       3
       3
       2
       6
       2
       4
       1
       0
       0
       2
       3
       2
       4
       2
       0
       3
       3
       3
       0
       2
       4
       1
       0
       4
       1
       4
       2
       3
       2
       3
       2
       1
       3
       1
       6
       3
       5
       2
       5
      14
      11
       6
       7
       1
       3
       0
       0
       1
       1
       1
       1
       3
       5
       3
       5
       2
       1
       2
       2
       1
       1
       1
       1
       3
       4
       1
       3
       0
       1
       5
       3
       3
       1
       1
       4
       2
       1
       1
       1
       2
       1
       1
       1
       0
       1
       2
       1
       3
       2
       1
       2
       2
       4
       1
       4
       2
       3
       4
       2
       3
       2
       4
       2
       1
       0
       1
       3
       0
       0
       2
       1
       2
       5
       2
       2
       5
       0
       2
       4
       0
       2
       2
       2
       2
       3
       2
       1
       2
       0
       2
       4
       2
       1
       7
       2
       4
       1
       3
       3
       5
       1
       3
       2
       3
       1
       1
       0
       0
       4
       1
       0
       1
       1
       3
       1
       3
       1
       1
       1
       0
       0
       2
       3
       0
       4
       2
       1
       2
       1
       0
       1
       1
       3
       0
       1
       0
       1
       0
       1
       1
       0
       0
       2
       1
       2
       2
       1
       1
       2
       1
       5
       1
       2
       3
       1
       1
       0
       1
       1
       3
       3
       7
       0
       1
       2
       2
       1
       0
       3
       6
       1
       3
       3
       1
       1
       1
       3
       0
       3
       2
       2
       1
       0
       1
       1
       0
       1
       2
       0
       2
       1
       2
       0
       0
       0
       2
       1
       1
       3
       2
       2
       1
       0
       1
       2
       1
       1
       0
       3
       1
       1
       3
       1
       1
       1
       1
       2
       0
       4
       1
       0
       2
       1
       4
       0
       0
       3
       1
       2
       1
       1
       1
       2
       0
       2
       1
       2
       3
       4
       1
       0
       2
       1
       1
       0
       2
       1
       3
       0
       1
       1
       1
       0
       2
       0
       1
       2
       0
       1
       1
       0
       2
       4
       2
       2
       0
       2
       0
       0
       3
       8
       9
      18
      10
       9
      10
       6
       1
       1
       1
       1
       3
       2
       1
       0
       3
       2
       2
       1
       2
       2
       2
       3
       0
       2
       2
       2
       6
       7
       8
       5
       1
       0
       0
       0
       2
       4
       1
       0
       0
       1
       0
       1
       2
       3
       0
       0
       1
       0
       2
       2
       2
       0
       1
       0
       1
       0
       0
       0
       2
       0
       2
       0
       0
       0
       5
       3
       2
       1
       3
       1
       3
       1
       1
       0
       0
       1
       0
       3
       1
       2
       2
       1
       9
       6
       9
       3
       5
       3
       1
       4
       2
       2
       4
       2
       2
       3
       1
       1
       0
       1
       1
       2
       1
       2
       1
       2
       1
       2
       2
       0
       1
       2
       3
       2
       0
       2
       0
       2
       0
       1
       0
       0
       2
       1
       1
       1
       1
       1
       0
       3
       0
       2
       0
       0
       0
       1
       1
       1
       0
       1
       0
       3
       0
       1
       3
       4
       0
       0
       1
       1
       0
       3
       1
       0
       0
       1
       3
       1
       1
       0
       1
       1
       1
       2
       2
       1
       2
       2
       2
       1
       0
       1
       1
       2
       3
       0
       3
       0
       1
       1
       2
       2
       0
       3
       2
       1
       0
       0
       0
       0
       0
       2
       1
       2
       2
       4
       3
       1
       2
       1
       1
       2
       0
       0
       3
       2
       1
       4
       0
       3
       2
       4
       3
       3
       5
       9
       1
       0
       3
       4
       1
       5
       9
       8
      11
      10
       6
       4
       4
       0
       3
       4
       3
       5
       0
       2
       0
       0
       2
       4
       1
       1
       2
       1
       2
       2
       1
       1
       1
       5
       3
       2
       2
       4
       1
       2
       2
       2
       1
       3
       1
       0
       1
       1
       2
       3
       1
       1
       0
       2
       2
       1
       4
       2
       1
       4
       0
       1
       3
       3
       2
       3
       3
       0
       1
       2
       0
       2
       1
       1
       2
       0
       1
       2
       1
       0
       2
       0
       0
       0
       1
       1
       2
       1
       0
       1
       0
       0
       1
       0
       4
       0
       0
       2
       1
       1
       1
       1
       0
       2
       1
       1
       1
       1
       0
       1
       0
       0
       3
       0
       0
       0
       1
       2
       1
       1
       1
       1
       0
       2
       2
       0
       1
       0
       2
       3
       0
       0
       3
       1
       1
       0
       1
       1
       2
       0
       1
       1
       0
       1
       2
       2
       1
       0
       1
       1
       2
       0
       2
       1
       1
       1
       5
       1
       2
       3
       3
       1
       2
       1
       3
       1
       2
       2
       0
       0
       1
       0
       2
       2
       0
       0
       0
       2
       0
       1
       0
       0
       4
       0
       0
       0
       0
       1
       2
       1
       2
       2
       1
       1
       0
       1
       2
       2
       1
       0
       0
       2
       0
       1
       2
       2
       0
       0
       2
       1
       0
       1
       0
       0
       0
       0
       0
       3
       2
       2
       0
       3
       2
       1
       1
       2
       0
       1
       3
       1
       3
       0
       2
       0
       1
       0
       1
       0
       3
       2
       1
       0
       0
       0
       0
       0
       0
       1
       0
       1
       0
       1
       0
       0
       2
       0
       1
       0
       0
       1
       2
       2
       1
       1
       0
       0
       4
       1
       2
       1
       0
       2
       0
       3
       1
       0
       0
       0
       0
       0
       2
       2
       3
       2
       1
       0
       1
       0
       1
       0
       0
       1
       1
       0
       2
       0
       2
       1
       4
       2
       1
       0
       2
       2
       0
       3
       1
       1
       2
       1
       3
       0
       0
       0
       1
       2
       2
       0
       1
       4
       2
       0
       1
       0
       3
       1
       0
       2
       3
       0
       1
       0
       0
       0
       1
       1
       0
       5
       1
       0
       0
       3
       0
       0
       0
       2
       0
       0
       0
       1
       3
       1
       1
       2
       0
       0
       3
       0
       5
       3
       0
       0
       0
       0
       1
       1
       0
       0
       0
       0
       1
       0
       1
       2
       0
       2
       0
       1
       2
       0
       4
       0
       3
       0
       1
       0
       2
       1
       3
       3
       2
       4
       1
       0
       1
       1
       2
       2
       3
       1
       1
       3
       7
      11
       6
       5
       2
       1
       3
       0
       0
       0
       1
       0
       2
       0
       0
       1
       3
       2
       2
       0
       1
       1
       3
       0
       0
       2
       1
       1
       0
       3
       2
       2
       0
       1
       1
       3
       1
       2
       2
       2
       2
       0
       1
       0
       1
       1
       0
       0
       0
       2
       0
       1
       1
       1
       3
       1
       1
       1
       1
       2
       0
       2
       1
       1
       1
       2
       3
       2
       0
       2
       1
       0
       2
       0
       3
       1
       0
       0
       1
       2
       1
       2
       0
       2
       2
       1
       0
       4
       3
       1
       1
       0
       2
       1
       0
       0
       0
       0
       1
       0
       1
       0
       0
       1
       1
       1
       1
       0
       2
       1
       1
       0
       0
       3
       3
       1
       0
       1
       1
       2
       1
       1
       3
       2
       0
       1
       0
       2
       1
       1
       2
       2
       2
       7
       2
       3
       4
       4
       4
       1
       0
       2
       1
       0
       1
       2
       4
       8
       6
       4
       2
       2
       2
       0
       2
       4
       0
       1
       0
       1
       2
       1
       0
       2
       0
       2
       2
       1
       1
       2
       0
       1
       2
       2
       0
       1
       1
       0
       0
       2
       0
       0
       0
       1
       0
       0
       3
       0
       1
       2
       0
       2
       0
       2
       2
       2
       3
       2
       0
       0
       4
       1
       0
       3
       1
       2
       1
       0
       3
       1
       2
       2
       1
       1
       1
       0
       3
       1
       0
       1
       0
       1
       0
       0
       2
       3
       2
       0
       0
       1
       2
       0
       0
       1
       0
       0
       1
       0
       0
       0
       0
       3
       1
       1
       1
       1
       1
       1
       2
       0
       1
       0
       1
       0
       1
       1
       2
       1
       1
       1
       2
       0
       1
       1
       2
       1
       2
       1
       1
       0
       2
       1
       2
       0
       1
       1
       1
       1
       2
       1
       1
       2
       2
       0
       0
       0
       0
       0
       1
       1
       0
       0
       1
       1
       0
       0
       1
       2
       1
       2
       1
       1
       2
       4
       2
       2
       1
       0
       1
       3
       0
       1
       1
       0
       0
       0
       2
       1
       0
       0
       1
       0
       0
       0
       0
       1
       0
       1
       0
       1
       0
       1
       1
       2
       0
       0
       1
       0
       2
       0
       1
       0
       1
       1
       0
       1
       0
       1
       2
       2
       0
       0
       1
       1
       0
       1
       1
       0
       2
       0
       2
       0
       0
       1
       0
       1
       0
       0
       0
       1
       0
       1
       0
       0
       0
       0
       1
       0
       2
       1
       1
       4
       0
       0
       1
       3
       2
       1
       5
       3
       4
       0
       2
       0
       0
       0
       1
       1
       0
       1
       0
       0
       1
       3
       1
       0
       0
       1
       2
       3
       0
       2
       1
       1
       0
       0
       0
       0
       1
       0
       0
       0
       1
       0
       1
       0
       1
       0
       1
       0
       0
       1
       2
       3
       1
       3
       0
       0
       1
       1
       0
       2
       1
       0
       0
       0
       0
       0
       0
       2
       0
       0
       0
       0
       2
       1
       1
       0
       2
       0
       1
       0
       1
       0
       0
       0
       2
       0
       0
       0
       0
       0
       0
       0
       0
       0
       0
       0
       0
       0
       2
       0
       1
       1
       1
       0
       0
       0
       0
       1
       1
       2
       1
       1
       0
       0
       0
       0
       0
       0
       0
       1
       1
       1
       1
       1
       0
       0
       0
       0
       0
       0
       0
       1
       0
       1
       0
       0
       1
       0
       0
       0
       0
       0
       0
       0
       0
       0
       0
       1
       0
       1
       0
       1
       2
       1
       0
       1
       0
       2
       2
       6
       6
       7
       5
       5
       2
       4
       0
       2
       0
       0
       2
       0
       0
       0
       1
       0
       0
       1
       1
       1
       1
       0
       0
       0
       0
       0
       1
       1
       0
       1
       0
       1
       0
       0
       1
       1
       1
       0
       0
       0
       0
       0
       1
       0
       1
       3
       0
       0
       0
       0
       0
       0
       2
       1
       1
       0
       0
       1
       0
       1
       0
       0
       1
       0
       0
       1
       0
       0
       2
       0
       1
       0
       0
       0
       0
       0
       0
       0
       0
       1
       0
       1
       0
       0
       0
       1
       1
       0
       1
       0
       1
       0
       0
       0
       0
       0
       0
       0
       0
       0
       0
       0
       0
       1
       0
       0
       2
       0
       0
       0
       0
       0
       0
       1
       1
       0
       0
       1
       2
       1
       1
       0
       1
       0
       1
       1
       1
       1
       0
       0
       0
       1
       0
       0
       0
       0
       0
       0
       1
       0
       0
       1
       0
       0
       0
       0
       1
       0
       0
       0
       2
       1
       1
       0
       0
       0
       0
       0
       0
       0
       0
       0
       0
       0
       1
       0
       0
       1
       0
       1
       0
       0
       1
       0
       1
       1
       1
       3
       1
       1
       1
       2
       0
       1
       0
       0
       1
       0
       0
       0
       0
       1
       0
       2
       0
       1
       0
       0
       0
       0
       0
       0
       0
       0
       0
       0
       0
       1
       0
       0
       0
       0
       0
       0
       0
       1
       0
       1
       0
       1
       0
       0
       1
       1
       0
       1
       1
       0
       0
       1
       0
       0
       0
       1
       0
       1
       0
       1
       1
       0
       0
       1
       0
       0
       1
       0
       0
       1
       0
       0
       0
       0
       1
       1
       0
       0
       0
       0
       1
       0
       0
       0
       0
       0
       0
       0
       0
       0
       0
       0
       0
       1
       0
       0
       1
       0
       0
       0
       0
       0
       0
       0
       0
       1
       0
       1
       0
       1
       0
       0
       0
       0
       0
       0
       0
       0
       1
       0
       0
       0
       0
       0
       1
       1
       1
       0
       1
       0
       0
       0
       1
       0
       0
       1
       0
       0
       0
       0
       0
       1
       0
       1
       2
       1
       0
       4
       4
      12
      16
      29
      25
      19
      15
       7
      11
       3
       1
       0
       0
       0
       0
       1
       0
       1
       0
       1
       0
       0
       0
       1
       0
       0
       0
       1
       0
       1
       0
       0
       1
       0
       0
       0
       0
       0
       0
       0
       0
       0
       0
       0
       0
       1
       0
       0
       0
       0
       0
       0
       0
       1
       0
       2
       0
       0
       0
       0
       0
       0
       0
       1
       0
       0
       0
       0
       1
       1
       0
       0
       0
       0
       0
       0
       0
       0
       0
       0
       0
       0
       0
       1
       0
       0
       0
       0
       0
       0
       0
       0
       0
       0
       1
       1
       2
       0
       0
       0
       0
       0
       0
       0
       0
       0
       0
       0
       0
       0
       0
       1
       0
       0
       1
       1
       0
       0
       0
       0
       0
       0
       0
       1
       0
       1
       0
       2
       0
       2
       1
       0
       0
       0
       0
       0
       0
       0
       0
       0
       0
       0
       1
       0
       0
       1
       0
       1
       0
       0
       0
       0
       0
       0
       0
       0
       0
       0
       0
       0
       0
       0
       0
       0
       0
       0
       0
       0
       0
       0
       0
       0
       1
       1
       0
       0
       0
       0
       1
       0
       0
       0
       0
       1
       0
       0
       0
       0
       0
       0
       0
       0
       0
       0
       0
       0
       0
       0
       0
       1
       0
       0
       0
       0
       0
       0
       0
       1
       1
       0
       1
       0
       0
       0
       0
       0
       0
       0
       1
       0
       0
       0
       0
       0
       1
       0
       0
       0
       0
       0
       0
       0
       1
       0
       0
       0
       0
       0
       0
       0
       0
       0
       0
       0
       1
       0
       0
       0
       1
       0
       0
       0
       0
       0
       0
       0
       0
       1
       0
       0
       0
       0
       0
       0
       0
       0
       0
       0
       0
       0
       1
       0
       1
       0
       0
       1
       0
       0
       0
       0
       0
       0
       0
       0
       0
       0
       0
       0
       0
       0
       0
       0
       0
       0
       0
       0
       0
       0
       0
       0
       0
       0
       1
       1
       0
       0
       0
       0
       0
       0
       0
       0
       0
       0
       0
       0
       0
       1
       0
       0
       0
       0
       0
       0
       0
       0
       0
       0
       1
       0
       0
       0
       0
       0
       0
       0
       0
       0
       0
       0
       0
       0
       0
       2
       1
       0
       0
       0
       1
       2
       0
       0
       1
       1
       0
       1
       0
       0
       1
       0
       0
       0
       0
       0
       0
       0
       0
       0
       0
       0
       0
       0
       0
       0
       0
       0
       0
       0
       2
       1
       0
       0
       0
       0
       0
       0
       0
       0
       0
       0
       0
       0
       2
       0
       0
       0
       0
       0
       0
       0
       0
       1
       0
       0
       0
       0
       0
       0
       0
       0
       0
       1
       0
       0
       0
       0
       1
       0
       0
       0
       0
       0
       0
       0
       0
       0
       0
       0
       0
       0
       0
       0
       0
       0
       0
       0
       0
       0
       1
       0
       0
       0
       0
       0
       0
       0
       1
       1
       0
       0
       0
       0
       0
       0
       0
       0
       0
       0
       0
       0
       0
       0
       0
       0
       0
       0
       0
       0
       0
       0
       0
       0
       0
       0
       0
       0
       0
       0
       0
       0
       1
       0
       0
       0
       0
       0
       0
       0
       0
       0
       0
       0
       0
       1
       0
       0
       0
       0
       0
       0
       0
       0
       0
       0
       0
       0
       0
       0
       0
       0
       0
       0
       0
       0
       0
       1
       0
       0
       1
       1
       0
       1
       0
       0
       0
       0
       0
       0
       0
       0
       0
       0
       0
       0
       0
       0
       0
       0
       0
       0
       0
       0
       0
       1
       0
       0
       1
       0
       0
       0
       0
       0
       0
       0
       0
       0
       0
       0
       0
       0
       0
       1
       0
       0
       0
       0
       0
       0
       0
       0
       2
       0
       0
       0
       0
       1
       1
       1
       0
       0
       0
       0
       0
       0
       0
       0
       0
       0
       0
       0
       0
       0
       0
       0
       0
       0
       0
       0
       0
       0
       0
       0
       1
       0
       0
       0
       0
       0
       0
       0
       0
       0
       0
       0
       0
       0
       0
       0
       0
       0
       0
       0
       0
       0
       0
       0
       0
       0
       0
       0
       0
       0
       0
       0
       0
       0
       0
       0
       0
       0
       0
       0
       0
       0
       0
       0
       0
       0
       1
       1
       0
       0
       0
       0
       1
       0
       0
       0
       0
       0
       0
       0
       0
       0
       0
       0
       0
       0
       0
       0
       0
       1
       0
       0
       0
       0
       0
       0
       0
       0
       0
       0
       0
       0
       0
       0
       0
       1
       0
       1
       1
       3
       1
       0
       1
       0
       1
       0
       0
       0
       0
       0
       0
       0
       0
       0
       0
       0
       0
       0
       0
       0
       0
       0
       0
       1
       1
       0
       0
       0
       0
       0
       0
       1
       0
       0
       0
       0
       0
       0
       0
       0
       0
       0
       1
       0
       0
       0
       0
       0
       0
       0
       0
       0
       0
       0
       0
       0
       0
       0
       0
       0
       0
       0
       0
       0
       0
       0
       0
       0
       0
       0
       0
       0
       0
       0
       0
       0
       0
       0
       0
       0
       0
       1
       0
       0
       0
       2
       3
       1
       2
       6
       1
       2
       3
       0
       0
       0
       0
       0
       0
       0
       0
       0
       0
       0
       0
       0
       0
       1
       0
       0
       0
       0
       0
       0
       0
       0
       0
       0
       0
       0
       0
       0
       0
       0
       0
       1
       0
       0
       0
       0
       0
       0
       0
       0
       0
       0
       0
       0
       0
       0
       0
       0
       0
       0
       0
       0
       0
       0
       0
       0
       0
       0
       0
       0
       0
       0
       0
       0
       0
       0
       0
       0
       0
       0
       0
       0
       1
       0
       0
       0
       0
       0
       0
       0
       0
       0
       1
       0
       0
       0
       0
       0
       0
       0
       0
       0
       0
       0
       0
       1
       0
       0
       0
       0
       0
       0
       0
       0
       0
       0
       0
       0
       1
       0
       1
       0
       0
       0
       0
       0
       0
       0
       0
       0
       1
       0
       0
       0
       1
       0
       0
       0
       0
       0
       0
       0
       0
       0
       0
       0
       0
       0
       0
       0
       0
       0
       0
       0
       0
       0
       0
       0
       0
       0
       0
       0
       0
       0
       0
       0
       0
       0
       0
       0
       0
       0
       0
       0
       0
       0
       0
       0
       0
       0
       0
       1
       0
       0
       1
       0
       0
       0
       0
       0
       0
       0
       0
       0
       0
       0
       0
       0
       0
       0
       0
       0
       0
       0
       0
       0
       0
       0
       0
       0
       1
       0
       0
       1
       0
       0
       1
       0
       0
       0
       1
       0
       0
       0
       0
       0
       0
       1
       0
       0
       0
       0
       0
       0
       0
       0
       0
       0
       0
       0
       0
       0
       0
       0
       0
       0
       0
       0
       0
       0
       0
       0
       0
       1
       0
       0
       0
       0
       0
       0
       0
       0
       0
       0
       0
       0
       0
       0
       0
       0
       0
       0
       0
       0
       0
       0
       0
       0
       0
       0
       0
       1
       0
       0
       0
       0
       0
       0
       0
       0
       0
       0
       0
       0
       0
       0
       0
       0
       0
       0
       0
       0
       0
       0
       0
       0
       0
       0
       0
       0
       0
       0
       1
       0
       0
       0
       0
       0
       0
       0
       0
       0
       1
       0
       0
       0
       0
       0
       0
       0
       0
       0
       0
       0
       0
       0
       0
       0
       1
       0
       0
       0
       0
       1
       0
       0
       0
       0
       0
       0
       0
       0
       0
       0
       0
       0
       0
       0
       0
       0
       0
       0
       0
       0
       0
       0
       0
       0
       1
       0
       0
       1
       0
       0
       0
       0
       0
       0
       1
       0
       0
       0
       0
       0
       0
       0
       0
       0
       0
       0
       0
       0
       0
       0
       0
       0
       0
       0
       0
       0
       0
       0
       0
       0
       0
       1
       0
       0
       1
       0
       0
       0
       0
       0
       0
       0
       0
       0
       0
       0
       0
       0
       0
       0
       0
       0
       0
       0
       1
       0
       0
       1
       0
       0
       0
       0
       0
       0
       0
       0
       0
       0
       0
       0
       0
       2
       0
       0
       0
       0
       0
       0
       0
       0
       0
       0
       0
       0
       0
       0
       1
       0
       0
       0
       0
       0
       1
       0
       0
       0
       0
       0
       0
       1
       0
       0
       0
       0
       0
       0
       0
       0
       0
       0
       0
       0
       0
       0
       0
       0
       0
       1
       0
       0
       0
       0
       0
       0
       0
       0
       0
       0
       0
       0
       0
       0
       0
       0
       0
       0
       0
       0
       0
       0
       0
       0
       0
       0
       0
       0
       0
       0
       1
       0
       0
       0
       0
       0
       0
       0
       0
       0
       0
       1
       0
       0
       0
       0
       0
       0
       0
       0
       0
       0
       0
       0
       0
       0
       0
       0
       0
       0
       0
       0
       0
       0
       0
       0
       0
       0
       0
       0
       0
       0
       0
       0
       0
       0
       0
       0
       0
       0
       0
       0
       0
       1
       0
       0
       2
       0
       0
       0
       0
       0
       0
       0
       0
       0
       0
       0
       0
       0
       0
       0
       0
       0
       0
       0
       0
       0
       0
       0
       0
       0
       1
       0
       0
       0
       0
       0
       0
       0
       0
       0
       0
       0
       0
       0
       0
       0
       0
       0
       0
       0
       0
       0
       0
       0
       0
       0
       0
       1
       0
       0
       0
       0
       0
       0
       0
       0
       0
       0
       0
       0
       0
       0
       0
       0
       0
       0
       0
       0
       0
       0
       0
       0
       0
       0
       0
       0
       0
       0
       0
       0
       0
       0
       0
       0
       0
       0
       0
       0
       0
       0
       0
       0
       0
       0
       0
       0
       0
       0
       0
       0
       0
       0
       0
       0
       0
       0
       0
       0
       0
       0
       0
       0
       0
       0
       0
       0
       0
       0
       0
       0
       0
       0
       0
       0
       0
       0
       0
       0
       0
       0
       0
       0
       0
       0
       0
       0
       0
       0
       0
       1
       0
       0
       0
       0
       0
       0
       0
       0
       0
       0
       0
       0
       0
       0
       0
       0
       0
       0
       0
       0
       0
       1
       0
       0
       0
       0
       0
       0
       0
       1
       0
       0
       0
       0
       0
       0
       0
       0
       0
       0
       0
       0
       0
       0
       0
       0
       0
       0
       0
       0
       0
       0
       0
       0
       0
       0
       0
       0
       0
       0
       0
       0
       0
       0
       0
       0
       0
       0
       0
       0
       0
       0
       0
       0
       0
       0
       0
       0
       0
       0
       0
       0
       0
       0
       0
       0
       0
       0
       0
       0
       0
       0
       0
       0
       0
       0
       0
       0
       0
       0
       0
       0
       0
       0
       0
       0
       0
       0
       0
       0
       0
       0
       0
       0
       0
       0
       0
       0
       0
       0
       0
       0
       0
       0
       0
       0
       0
       0
       0
       0
       0
       0
       1
       0
       0
       0
       0
       0
       0
       0
       0
       0
       0
       0
       0
       0
       1
       0
       0
       0
       0
       0
       0
       1
       0
       0
       0
       1
       0
       0
       0
       0
       0
       0
       1
       0
       0
       0
       0
       0
       0
       0
       0
       0
       0
       0
       0
       0
       0
       1
       0
       0
       0
       0
       0
       0
       0
       0
       0
       0
       0
       0
       0
       0
       0
       0
       0
       0
       0
       0
       0
       0
       0
       0
       0
       0
       0
       0
       0
       0
       0
       0
       1
       0
       0
       0
       0
       0
       0
       0
       0
       0
       0
       0
       0
       0
       0
       0
       0
       0
       0
       0
       0
       0
       0
       0
       0
       0
       0
       0
       0
       0
       0
       0
       1
       0
       0
       0
       0
       0
       0
       0
       0
       0
       0
       0
       0
       0
       0
       0
       0
       0
       0
       0
       0
       0
       0
       0
       0
       0
       0
       0
       0
       0
       0
       0
       0
       0
       1
       0
       0
       0
       0
       0
       0
       0
       0
       0
       0
       0
       0
       0
       0
       0
       0
       0
       0
       0
       0
       0
       0
       0
       0
       0
       1
       0
       0
       0
       0
       0
       1
       0
       0
       0
       0
       0
       0
       0
       0
       0
       0
       0
       0
       0
       0
       0
       0
       0
       0
       1
       0
       0
       0
       0
       0
       0
       0
       0
       0
       0
       0
       0
       0
       0
       0
       0
       0
       0
       0
       0
       0
       0
       0
       1
       0
       0
       0
       0
       0
       0
       0
       0
       0
       1
       0
       0
       0
       0
       1
       0
       1
       0
       0
       0
       0
       0
       0
       0
       0
       0
       0
       0
       0
       0
       0
       0
       0
       0
       0
       0
       0
       0
       0
       0
       0
       0
       0
       0
       0
       0
       0
       0
       0
       0
       0
       2
       1
       0
       0
       0
       0
       0
       1
       1
       0
       1
       0
       0
       0
       0
       0
       0
       0
       0
       0
       0
       0
       0
       0
       1
       0
       0
       0
       0
       0
       0
       0
       0
       0
       0
       0
       0
       0
       0
       0
       0
       0
       0
       0
       0
       0
       0
       0
       0
       0
       0
       0
       0
       0
       0
       0
       0
       0
       0
       0
       0
       0
       0
       0
       0
       0
       0
       0
       0
       0
       0
       0
       0
       0
       0
       0
       0
       0
       0
       0
       0
       0
       0
       0
       0
       0
       0
       0
       0
       0
       0
       0
       0
       0
       0
       1
       0
       0
       0
       0
       0
       0
       0
       1
       0
       1
       0
       1
       0
       0
       0
       0
       0
       0
       0
       0
       0
       0
       0
       0
       0
       0
       0
       0
       0
       0
       0
       0
       0
       0
       0
       0
       0
       0
       0
       0
       0
       0
       0
       0
       0
       0
       0
       0
       0
       0
       0
       0
       0
       0
       0
       0
       0
       1
       0
       0
       0
       0
       0
       0
       0
       0
       0
       0
       0
       0
       0
       0
       0
       0
       0
       0
       0
       0
       0
       0
       0
       0
       0
       0
       0
       0
       0
       0
       0
       0
       0
       0
       0
       0
       0
       0
       1
       0
       0
       0
       0
       0
       0
       0
       2
       0
       0
       0
       0
       0
       0
       0
       0
       0
       0
       0
       0
       0
       0
       0
       0
       0
       0
       0
       0
       0
       0
       0
       0
       0
       0
       0
       0
       0
       0
       0
       0
       0
       0
       0
       0
       0
       0
       0
       0
       0
       0
       0
       0
       0
       0
       0
       0
       0
       0
       0
       0
       0
       0
       0
       0
       0
       0
       0
       0
       0
       0
       0
       0
       0
       0
       0
       1
       0
       0
       0
       1
       0
       0
       0
       0
       0
       0
       0
       0
       0
       0
       0
       0
       0
       0
       0
       0
       0
       0
       0
       0
       0
       0
       0
       0
       0
       0
       0
       0
       0
       0
       0
       0
       1
       0
       0
       0
       0
       0
       0
       0
       0
       0
       0
       0
       0
       0
       0
       0
       0
       0
       1
       0
       0
       0
       0
       0
       0
       0
       0
       0
       0
       0
       0
       0
       0
       0
       0
       0
       0
       0
       0
       0
       0
       0
       0
       0
       0
       0
       0
       1
       0
       0
       0
       0
       0
       0
       0
       0
       0
       0
       0
       0
       0
       0
       0
       0
       0
       0
       0
       1
       0
       0
       0
       0
       0
       0
       0
       1
       0
       0
       0
       0
       0
       0
       0
       1
       0
       0
       0
       0
       0
       0
       0
       0
       0
       0
       0
       0
       0
       0
       0
       0
       0
       0
       0
       0
       0
       0
       0
       0
       1
       0
       0
       0
       0
       0
       0
       0
       0
       0
       0
       1
       0
       0
       0
       0
       0
       0
       0
       0
       0
       0
       0
       0
       0
       0
       1
       0
       0
       0
       0
       0
       0
       0
       0
       0
       0
       0
       0
       0
       0
       0
       0
       0
       0
       0
       0
       0
       0
       1
       0
       0
       0
       0
       0
       0
       0
       0
       0
       0
       0
       0
       0
       0
       0
       1
       0
       0
       0
       1
       0
       0
       0
       0
       0
       0
       0
       0
       0
       0
       0
       0
       0
       0
       0
       0
       0
       0
       0
       0
       0
       0
       0
       0
       0
       0
       0
       0
       0
       0
       0
       0
       0
       0
       0
       0
       0
       0
       0
       0
       0
       0
       0
       0
       0
       0
       0
       0
       0
       0
       0
       0
       0
       0
       0
       0
       0
       0
       0
       0
       0
       0
       0
       0
       0
       0
       0
       0
       0
       0
       0
       0
       0
       0
       0
       0
       0
       0
       0
       0
       0
       0
       0
       0
       0
       0
       0
       0
       0
       0
       0
       0
       0
       0
       0
       0
       0
       0
       0
       0
       0
       0
       0
       0
       0
       0
       0
       0
       0
       0
       0
       0
       0
       0
       0
       0
       0
       1
       0
       0
       0
       0
       0
       0
       0
       0
       0
       0
       0
       0
       0
       0
       0
       0
       0
       0
       0
       0
       0
       1
       0
       0
       1
       0
       0
       0
       0
       0
       0
       0
       0
       0
       0
       0
       0
       0
       0
       0
       0
       0
       0
       0
       0
       0
       0
       0
       0
       0
       0
       0
       0
       0
       0
       0
       0
       0
       0
       0
       0
       0
       0
       1
       0
       0
       0
       0
       0
       0
       0
       0
       0
       0
       0
       0
       0
       0
       0
       0
       0
       0
       0
       0
       0
       0
       0
       0
       0
       0
       0
       0
       0
       0
       0
       0
       0
       0
       0
       0
       0
       0
       0
       0
       0
       0
       0
       0
       0
       0
       0
       0
       0
       0
       0
       0
       0
       0
       0
       0
       0
       0
       0
       0
       0
       0
       0
       0
       1
       0
       0
       0
       0
       0
       0
       0
       0
       0
       0
       0
       0
       0
       0
       0
       0
       0
       0
       0
       0
       0
       0
       0
       0
       0
       0
       0
       0
       0
       0
       0
       0
       0
       0
       0
       0
       0
       0
       0
       0
       0
       0
       0
       0
       0
       1
       0
       0
       0
       0
       0
       0
       0
       0
       1
       0
       0
       0
       0
       0
       0
       0
       0
       0
       0
       0
       0
       0
       0
       0
       0
       0
       0
       0
       0
       0
       0
       0
       0
       0
       0
       0
       0
       0
       0
       1
       0
       0
       0
       0
       0
       0
       0
       0
       0
       0
       0
       0
       0
       0
       0
       0
       0
       0
       0
       0
       0
       0
       0
       0
       0
       0
       0
       0
       0
       0
       0
       0
       0
       0
       0
       0
       0
       0
       0
       0
       0
       0
       0
       0
       0
       0
       0
       0
       0
       0
       0
       0
       0
       0
       0
       0
       0
       0
       0
       0
       0
       0
       0
       0
       0
       0
       0
       0
       0
       0
       0
       0
       0
       0
       0
       0
       0
       0
       0
       0
       0
       0
       0
       0
       0
       0
       0
       0
       0
       0
       0
       0
       0
       0
       0
       0
       1
       0
       0
       0
       0
       0
       0
       0
       0
       0
       0
       0
       0
       0
       0
       0
       0
       0
       0
       0
       0
       0
       0
       0
       0
       0
       0
       0
       0
       0
       0
       0
       0
       0
       0
       0
       0
       0
       0
       0
       0
       0
       0
       0
       0
       0
       0
       0
       0
       0
       0
       0
       0
       0
       0
       0
       0
       0
       0
       0
       0
       0
       0
       0
       0
       0
       0
       0
       0
       0
       0
       0
       0
       0
       0
       0
       0
       0
       0
       0
       0
       0
       0
       0
       0
       0
       0
       0
       0
       0
       0
       0
       0
       0
       0
       0
       0
       0
       0
       0
       0
       0
       0
       0
       0
       0
       0
       0
       0
       0
       0
       0
       0
       0
       0
       0
       0
       0
       0
       0
       0
       0
       0
       0
       0
       0
       0
       0
       0
       0
       0
       0
       0
       0
       0
       1
       1
       0
       3
       4
       6
       1
       1
       0
       1
       0
       0
       1
       0
       0
       0
       0
       0
       0
       0
       0
       0
       0
       0
       0
       0
       0
       0
       0
       0
       0
       0
       0
       0
       0
       0
       0
       0
       0
       0
       0
       0
       0
       0
       0
       0
       0
       0
       0
       0
       0
       0
       0
       0
       0
       0
       0
       0
       0
       0
       0
       0
       0
       0
       0
       0
       0
       0
       0
       0
       0
       0
       0
       0
       0
       0
       0
       0
       0
       0
       0
       0
       0
       0
       0
       0
       0
       0
       0
       0
       0
       0
       0
       0
       0
       0
       0
       0
       0
       0
       0
       0
       0
       0
       0
       0
       0
       0
       0
       0
       0
       0
       0
       0
       0
       0
       0
       0
       0
       0
       0
       0
       0
       0
       0
       0
       0
       0
       0
       0
       0
       0
       0
       0
       0
       0
       0
       0
       0
       0
       0
       0
       0
       0
       0
       0
       0
       0
       0
       0
       0
       0
       0
       0
       0
       0
       0
       0
       0
       0
       0
       0
       0
       0
       0
       0
       0
       0
       0
       0
       0
       0
       0
       0
       0
       0
       0
       0
       0
       0
       0
       0
       0
       0
       0
       0
       0
       0
       0
       0
       0
       0
       0
       0
       0
       0
       0
       0
       0
       0
       0
       0
       0
       0
       0
       0
       0
       0
       0
       0
       0
       0
       1
       0
       0
       0
       0
       0
       0
       0
       0
       0
       0
       0
       0
       0
       0
       0
       0
       0
       0
       0
       0
       0
       0
       0
       0
       1
       0
       0
       0
       0
       0
       0
       0
       0
       0
       0
       0
       0
       0
       0
       0
       0
       0
       0
       0
       0
       0
       0
       0
       0
       0
       0
       0
       0
       0
       0
       0
       0
       0
       0
       0
       0
       0
       0
       0
       0
       0
       0
       0
       0
       0
       0
       0
       0
       0
       0
       0
       0
       0
       0
       0
       0
       0
       0
       0
       0
       0
       0
       0
       0
       0
       0
       0
       0
       0
       0
       0
       0
       0
       0
       0
       0
       0
       0
       0
       0
       0
       0
       0
       0
       0
       0
       0
       0
       0
       0
       0
       0
       0
       0
       0
       0
       0
       0
       0
       0
       0
       0
       0
       0
       0
       0
       0
       0
       0
       0
       0
       0
       0
       0
       0
       0
       0
       0
       0
       0
       0
       0
       0
       0
       0
       0
       0
       0
       0
       0
       0
       0
       0
       0
       0
       0
       0
       0
       0
       0
       0
       0
       0
       0
       0
       0
       0
       0
       0
       0
       0
       0
       0
       0
       0
       0
       0
       0
       0
       0
       0
       0
       0
       0
       0
       0
       0
       0
       0
       0
       0
       0
       0
       0
       0
       0
       0
       0
       0
       0
       0
       0
       0
       0
       0
       0
       0
       0
       0
       0
       0
       0
       0
       0
       0
       0
       0
       0
       0
       0
       0
       0
       0
       0
       0
       0
       0
       0
       0
       0
       0
       0
       0
       0
       0
       0
       0
       0
       0
       0
       0
       0
       0
       0
       0
       0
       0
       0
       0
       0
       0
       0
       0
       0
       0
       0
       0
       0
       0
       0
       0
       0
       0
       0
       0
       0
       0
       0
       0
       0
       0
       0
       0
       0
       0
       0
       0
       0
       0
       0
       0
       0
       0
       0
       0
       0
       0
       0
       0
       0
       0
       0
       0
       0
       0
       0
       0
       0
       0
       0
       0
       0
       0
       0
       0
       0
       0
       0
       0
       0
       0
       0
       0
       0
       0
       0
       0
       0
       0
       0
       0
       0
       0
       0
       0
       0
       0
       0
       0
       0
       0
       0
       0
       0
       0
       0
       0
       0
       0
       0
       0
       0
       0
       0
       0
       0
       0
       0
       0
       0
       0
       0
       0
       0
       0
       0
       0
       0
       0
       0
       0
       0
       0
       0
       0
       0
       0
       0
       0
       0
       0
       0
       0
       0
       0
       0
       0
       0
       0
       0
       0
       0
       0
       0
       0
       0
       0
       0
       0
       0
       0
       0
       0
       0
       0
       0
       0
       0
       0
       0
       0
       0
       0
       0
       0
       0
       0
       0
       0
       0
       0
       0
       0
       0
       0
       0
       0
       0
       0
       0
       0
       0
       0
       0
       0
       0
       0
       0
       0
       0
       0
       0
       0
       0
       0
       0
       0
       0
       0
       0
       0
       0
       0
       0
       0
       0
       0
       0
       0
       0
       0
       0
       0
       0
       0
       0
       0
       0
       0
       0
       0
       0
       0
       0
       0
       0
       0
       0
       0
       0
       0
       0
       0
       0
       0
       0
       0
       0
       0
       0
       0
       0
       0
       0
       0
       0
       0
       0
       0
       0
       0
       0
       0
       0
       0
       0
       0
       0
       0
       0
       0
       0
       0
       0
       0
       0
       0
       0
       0
       0
       0
       0
       0
       0
       0
       0
       0
       0
       0
       0
       0
       0
       0
       0
       0
       1
       0
       0
       0
       0
       0
       0
       0
       0
       0
       0
       0
       0
       0
       0
       0
       0
       0
       0
       0
       0
       0
       0
       0
       0
       0
       0
       0
       0
       0
       0
       0
       0
       0
       0
       0
       0
       0
       0
       0
       0
       0
       0
       0
       0
       0
       0
       0
       0
       0
       0
       0
       0
       0
       0
       0
       0
       0
       0
       0
       0
       0
       0
       0
       1
       0
       0
       0
       0
       0
       0
       0
       0
       0
       0
       0
       0
       0
       0
       0
       0
       0
       0
       0
       0
       0
       0
       0
       0
       0
       0
       0
       0
       0
       0
       0
       0
       0
       0
       0
       0
       0
       0
       0
       0
       0
       0
       0
       0
       0
       0
       0
       0
       0
       0
       0
       0
       0
       0
       0
       0
       0
       0
       0
       0
       0
       0
       0
       0
       0
       0
       0
       0
       0
       0
       0
       0
       0
       0
       0
       1
       0
       0
       0
       0
       0
       0
       0
       0
       0
       0
       0
       0
       0
       0
       0
       0
       0
       0
       0
       0
       0
       0
       0
       0
       0
       0
       0
       0
       0
       0
       0
       0
       0
       0
       0
       0
       0
       0
       0
       0
       0
       0
       0
       0
       0
       0
       0
       0
       0
       0
       0
       0
       0
       0
       0
       0
       0
       0
       0
       0
       0
       0
       0
       0
       0
       0
       0
       0
       0
       0
       0
       0
       0
       0
       0
       0
       0
       0
       0
       0
       0
       0
       0
       0
       0
       0
       0
       0
       0
       0
       0
       0
       0
       0
       0
       0
       0
       0
       0
       0
       0
       0
       0
       0
       0
       0
       0
       0
       0
       0
       0
       0
       0
       0
       0
       0
       0
       0
       0
       0
       0
       0
       0
       0
       0
       0
       0
       0
       0
       0
       0
       0
       0
       0
       0
       0
       0
       0
       0
       0
       0
       0
       0
       0
       0
       0
       0
       0
       0
       0
       0
       0
       0
       0
       0
       0
       0
       0
       0
       0
       0
       0
       0
       0
       0
       0
       0
       0
       0
       0
       0
       0
       0
       0
       0
       0
       0
       0
       0
       0
       0
       0
       0
       0
       0
       0
       0
       0
       0
       0
       0
       0
       0
       0
       0
       0
       0
       0
       0
       0
       0
       0
       0
       0
       0
       0
       0
       0
       1
       0
       0
       0
       0
       0
       0
       0
       0
       0
       0
       0
       0
       0
       0
       0
       0
       0
       0
       0
       0
       0
       0
       0
       0
       0
       0
       0
       0
       0
       0
       0
       0
       0
       0
       0
       0
       0
       0
       0
       0
       0
       0
       0
       0
       0
       0
       0
       0
       0
       0
       0
       0
       0
       0
       0
       0
       0
       0
       0
       0
       0
       0
       0
       0
       0
       0
       0
       0
       0
       0
       0
       0
       0
       0
       0
       0
       0
       0
       0
       0
       0
       0
       0
       0
       0
       0
       0
       0
       0
       0
       0
       0
       0
       0
       0
       0
       0
       0
       0
       0
       0
       0
       0
       0
       0
       0
       0
       0
       0
       0
       0
       0
       0
       0
       0
       0
       0
       0
       0
       0
       0
       0
       0
       0
       0
       0
       0
       1
       0
       0
       0
       0
       0
       0
       0
       0
       0
       0
       0
       0
       0
       0
       0
       0
       0
       0
       0
       0
       0
       0
       0
       0
       0
       0
       0
       0
       0
       0
       0
       0
       0
       0
       0
       0
       0
       0
       0
       0
       0
       0
       0
       0
       0
       0
       0
       0
       0
       0
       0
       0
       0
       0
       0
       0
       0
       0
       0
       0
       0
       0
       0
       0
       0
       0
       0
       0
       0
       0
       0
       0
       0
       0
       0
       0
       0
       0
       0
       0
       0
       0
       0
       0
       0
       0
       0
       0
       0
       0
       0
       0
       0
       0
       0
       0
       0
       0
       0
       0
       0
       0
       0
       0
       0
       0
       0
       0
       0
       0
       0
       0
       0
       0
       0
       0
       0
       0
       0
       0
       0
       0
       0
       0
       0
       0
       0
       0
       0
       0
       0
       0
       0
       0
       0
       0
       0
       0
       0
       0
       0
       0
       0
       0
       0
       0
       0
       0
       0
       0
       0
       0
       0
       0
       0
       0
       0
       0
       0
       0
       0
       0
       0
       0
       0
       0
       0
       0
       0
       0
       0
       0
       0
       0
       0
       0
       0
       0
       0
       0
       0
       0
       0
       0
       0
       0
       0
       0
       0
       0
       0
       0
       0
       0
       0
       0
       0
       0
       0
       0
       0
       0
       0
       0
       0
       0
       0
       0
       0
       0
       0
       0
       0
       0
       0
       0
       0
       0
       0
       0
       0
       0
       0
       0
       0
       0
       0
       0
       0
       0
       0
       0
       0
       0
       0
       0
       0
       0
       0
       0
       0
       0
       0
       0
       0
       0
       0
       0
       0
       0
       0
       0
       0
       0
       0
       0
       0
       0
       0
       0
       0
       0
       0
       0
       0
       0
       0
       0
       0
       0
       0
       0
       0
       0
       0
       0
       0
       0
       0
       0
       0
       0
       0
       0
       0
$ROI:
0
$PRESETS:
Real Time
180
0
$ENER_FIT:
0.888569 0.390988
$MCA_CAL:
3
8.885689E-001 3.909876E-001 3.191953E-008 keV
$SHAPE_CAL:
3
0.000000E+000 0.000000E+000 0.000000E+000
