$SPEC_ID:
1
$SPEC_REM:
DET# 2
DETDESC# MCB 130 Normal
AP# Maestro Version 7.01
$DATE_MEA:
09/09/2019 21:10:36
$MEAS_TIM:
178 180
$DATA:
0 8191
       0
       0
       0
       0
       0
       0
       0
       0
       0
       0
       0
       0
       0
       0
       0
       0
       0
       0
       0
       0
       0
       0
       0
       0
       0
       0
      17
     363
      83
      53
      73
      84
     133
     179
     220
     138
      88
      81
      93
     109
     120
     110
     157
     198
     183
     152
      84
      66
      82
      82
      84
     103
     102
      96
      94
      61
      55
      75
      76
      92
      93
      60
      83
      53
      66
      79
      69
      79
      69
      82
      82
     108
      81
      89
      66
      70
      82
      80
      93
      65
      57
      79
      70
      72
      61
      65
      87
      94
     116
     159
     147
     101
      70
      66
      63
      60
      58
      86
      69
      73
      68
      91
      89
      72
      76
      75
      63
      62
      71
      59
      49
      69
      44
      76
      77
      67
      68
      61
      61
      61
      71
      56
      55
      63
      71
      73
      72
      67
      68
      73
      88
      84
      76
      63
      70
      59
      67
      68
      73
      63
      69
      71
      77
      94
     116
     119
      94
      71
      75
      82
      87
      88
      84
      92
     105
     115
     123
     103
      73
      86
      79
      88
      77
      86
      81
      85
      95
      83
      92
      91
     104
     102
     107
      75
      97
      82
     114
      95
      95
     108
      86
     103
     127
     104
     123
     129
     114
     114
     128
     144
     140
     126
     114
     142
     113
     103
     126
     105
      96
     124
     111
     116
      99
     114
     124
     130
     113
     109
     135
     101
     127
     108
     129
     135
     164
     130
     160
     119
     108
     140
     146
     151
     155
     148
     124
      97
     129
     135
     109
     144
     118
     129
     105
     120
     146
     138
     120
     131
     139
     156
     167
     168
     144
     137
     125
      98
     117
     124
     162
     171
     213
     209
     369
     386
     298
     175
     135
     157
     149
     128
     145
     148
     285
     493
     565
     335
     179
     138
     298
     591
     656
     419
     175
     102
     132
     105
      95
      87
      90
     109
     120
     106
     117
     150
     131
     102
     100
     106
     112
     109
     102
     117
     114
     106
     122
     126
     182
     202
     208
     186
     117
     120
     103
      95
     105
      97
     151
     117
     138
     112
      93
      97
     120
      96
      97
      86
      91
      92
      92
     111
      94
      93
      78
      93
      86
      90
      99
      93
     120
     101
      92
     103
     101
      78
      81
      88
      93
      97
      91
     100
      92
      90
     101
      75
     107
      79
     109
      92
     110
      80
      90
      92
      95
     101
      96
      85
     111
     175
     196
     154
     109
      71
      81
      73
     103
      85
      88
     101
      77
      90
      93
      83
      86
     101
      78
      88
      78
      60
      71
      74
      78
      87
      96
      66
      85
     132
     107
      88
      71
      56
      89
      84
      83
      68
      73
      62
      69
      72
      85
      72
      80
      71
      67
      81
      78
      71
      83
      66
      69
      61
      67
      80
      70
      51
      74
      70
      70
      68
      61
      76
      74
      72
      69
      77
      80
      59
      67
      73
      71
      85
      58
      66
      58
      77
      63
      64
      64
      70
      69
      71
      82
      53
      61
      56
      68
      65
      66
      78
      59
      57
      76
      65
      54
      68
      49
      43
      49
      52
      63
      58
      65
      65
      68
      80
      53
      68
      70
      61
      58
      64
      73
      58
      50
      36
      64
      62
      60
      50
      51
      66
      58
      50
      52
      65
      64
      51
      61
      45
      37
      44
      47
      57
      63
      57
      41
      57
      47
      68
      42
      60
      74
      80
      75
      53
      48
      60
      58
      35
      39
      44
      48
      37
      54
      43
      56
      48
      39
      39
      42
      49
      46
      54
      47
      54
      51
      51
      47
      42
      43
      48
      55
      42
      53
      64
      89
      97
      87
      67
      50
      40
      38
      61
      45
      38
      45
      34
      46
      41
      52
      52
      58
      33
      64
      52
      49
      59
      47
      55
      35
      50
      47
      44
      49
      37
      35
      41
      57
      33
      43
      52
      36
      40
      36
      44
      36
      40
      47
      51
      41
      51
      70
     142
     233
     213
     136
      89
      40
      41
      32
      36
      32
      48
      41
      45
      37
      56
      33
      36
      50
      37
      32
      41
      32
      40
      32
      30
      35
      36
      32
      51
      48
      50
      51
      24
      40
      30
      50
      33
      32
      27
      36
      32
      26
      33
      35
      32
      34
      42
      42
      47
      33
      18
      39
      28
      48
      62
     188
     301
     353
     273
     104
      45
      36
      41
      42
      40
      27
      35
      33
      39
      32
      39
      36
      33
      31
      30
      39
      36
      36
      38
      29
      30
      27
      32
      39
      32
      25
      24
      30
      29
      39
      26
      41
      27
      46
      37
      27
      33
      25
      34
      36
      50
      37
      40
      35
      18
      28
      27
      29
      22
      28
      26
      17
      25
      24
      34
      35
      25
      33
      32
      33
      32
      33
      35
      31
      34
      36
      79
     174
     177
     149
      81
      38
      25
      19
      30
      22
      36
      19
      30
      32
      23
      22
      28
      24
      24
      30
      30
      37
      37
      32
      25
      22
      28
      27
      31
      28
      25
      36
      27
      27
      38
      26
      26
      25
      26
      23
      39
      72
      78
      67
      39
      30
      33
      36
      42
      37
      27
      21
      23
      31
      47
      50
      59
      50
      24
      28
      28
      24
      29
      19
      14
      20
      30
      24
      26
      19
      22
      33
      35
      24
      28
      17
      24
      16
      24
      30
      38
      32
      32
      35
      27
      15
      25
      22
      24
      26
      18
      15
      13
      19
      25
      24
      22
      19
      35
      35
      63
      60
      72
      39
      33
      26
      18
      22
      29
      20
      21
      15
      25
      26
      20
      17
      14
      23
      14
      17
      14
      22
      16
      20
      15
      20
      20
      23
      22
      22
      32
      26
      17
      19
      19
      20
      21
      22
      26
      16
      20
      22
      21
      16
      28
      35
      35
      38
      49
      19
      16
      24
      17
      21
      13
      20
      19
      23
      27
      26
      26
      20
      20
      22
      25
      23
      17
      18
      21
      21
      22
      17
      19
      27
      18
      19
      23
      17
      24
      15
      14
      14
      24
      14
      13
      12
      13
      23
      21
      23
      30
      28
      34
      37
      22
      16
       9
      14
      20
      14
      10
      23
      20
      25
      12
      19
      18
      15
      16
      23
      15
      23
      17
      18
      13
      27
      19
      17
      14
      18
      10
      22
      13
      22
      19
      25
      22
      16
      11
      15
      17
      19
      15
      13
      25
      17
      16
      21
       9
      14
      16
      12
      20
      23
      17
      14
      22
      19
      13
      15
      14
      18
      22
      17
      13
      16
      16
      17
      18
      19
      15
      19
       8
      20
      19
      11
      14
      15
      14
      17
      19
      17
      13
      19
      13
      10
      19
      15
      10
      12
      12
      12
      14
      20
      18
      17
      13
      16
       9
      15
      16
       8
       8
      16
      10
      13
      12
      18
       9
       5
      11
      12
      13
      12
      12
      12
      13
      15
      18
      14
      14
      11
      13
      14
       8
      17
      13
      19
      10
      16
      18
       9
       9
       9
      13
       6
      11
      19
      12
       9
       7
      14
       9
      14
      13
      17
      10
       9
      13
      10
      15
      11
      14
      14
       9
      18
      19
      11
      11
      14
      13
      16
      13
      13
      13
      10
       8
      11
      11
      27
      29
      25
      17
       6
      13
       8
      11
      13
      15
       8
      11
       7
      13
      15
      17
       9
      16
      15
      16
       8
      12
      15
      12
      15
      13
       8
       9
      13
      13
      10
      12
      16
       9
      13
      11
      13
      12
       6
       7
      16
      12
      12
      12
      14
      10
      13
      11
      15
       5
      12
       9
       5
      10
      13
       9
      16
       9
      17
      11
      11
       5
      15
       8
      12
       8
      16
      18
      12
      14
      13
      12
      11
       8
      12
       8
      10
      17
      10
      22
      24
      13
      10
      12
      18
      10
      16
       9
      17
      12
      14
       9
       7
      15
      15
      10
       5
      14
       6
       9
      14
      11
      10
      12
       6
      15
      14
       8
      11
      10
      17
      14
       9
      10
      12
      11
      19
       7
      17
      13
       7
       9
      10
       4
      14
       7
      16
       6
      11
      21
      21
      20
      18
      11
      16
      16
      13
      21
       8
       9
       9
       6
      13
      14
      10
      13
      12
      11
      12
      10
      12
      14
      13
      12
       9
       6
      10
       7
       9
       9
       8
      12
      13
      11
      13
       9
      11
      13
       5
      11
      10
      13
       7
      12
      10
       7
       6
      11
      12
      10
      15
      14
       5
      13
       6
       9
      12
      14
       8
      11
       6
      16
       7
       5
      10
      10
      12
      13
      13
      12
       8
      13
      13
      12
      26
      21
      13
      12
      13
       7
       8
      13
      13
       7
      13
      13
      13
       8
       9
       8
      13
       5
       7
       8
       7
      10
       6
      13
      13
      19
      20
       8
      11
      12
      12
      14
       9
       9
      19
      17
      15
      24
       9
      13
       7
       7
      12
      11
      10
      17
       8
      14
      10
       7
      10
      10
       6
       8
       7
       6
      15
       9
      10
       7
       7
      12
       9
      10
      11
      15
      12
      15
       8
       6
       7
       6
      12
      11
      11
      22
      29
      33
      20
      13
       5
      15
      25
      52
      84
     109
      91
      48
      17
      12
       7
       4
      12
      12
       9
       5
       4
      11
       6
       3
       5
      10
      11
      10
      11
      14
       9
       6
       6
       6
       8
      11
       8
       9
       9
      12
       7
       7
       6
       5
       7
       5
      11
       9
       5
      17
      16
      21
      15
      17
      11
      11
      10
       6
       8
      11
      11
       8
       8
      10
       7
       8
       7
       9
      13
       8
       8
       8
      14
      47
      81
      73
      58
      27
      15
       9
       1
       9
       2
       7
       9
       7
      11
      13
      10
       8
      14
      12
      10
      12
      11
       7
       7
       3
       8
       6
       9
       9
       6
       7
       8
       6
      11
       6
      10
       5
      11
       3
      11
       8
       9
       7
       9
       8
       5
       5
       6
       8
       6
       8
       5
       5
       7
       4
       5
       9
       8
       6
      10
       6
       6
       6
       3
       7
       3
       8
       7
       3
       5
       8
      12
      28
       8
       7
       8
       4
       5
       6
       3
       5
       4
       6
       7
       7
       5
       7
      12
       9
      10
       6
       6
       5
       9
       4
       2
       6
       6
       9
       9
       6
       7
       7
       6
       9
       3
       3
       7
       7
       8
       9
       8
       5
       5
       4
       6
       7
       5
       5
       3
       3
       9
       7
       7
       8
       9
       6
      12
       5
      13
       3
      11
       3
       9
      14
       7
      15
      18
      22
      33
      22
      13
       7
       6
       6
       9
       8
       2
      11
       5
       3
      11
       2
       5
       6
       4
       3
       9
       4
       4
       7
       7
      13
       7
       9
       5
      13
      12
       5
      11
       4
       6
       2
      10
       8
       2
       7
       3
       7
       7
       7
       8
       5
       7
       2
      12
       5
       3
       6
       4
       7
       5
       8
      10
       6
       5
       6
       3
       7
       7
       5
       4
       3
       4
       5
       2
       7
       4
       6
       6
       6
       8
       6
       8
       4
       7
       3
       6
       4
       6
       5
       8
       7
       5
       5
       5
       9
       2
       5
       7
       4
       8
       3
       5
       3
       2
       5
       4
       4
       2
       7
       5
       4
       5
       6
       4
      10
       7
      10
       7
      11
      18
      10
      11
       4
       3
       7
       5
       5
       7
       9
      19
      34
      64
      96
      86
      53
      28
      13
       6
       5
       9
       9
      12
       9
      10
       1
       4
      12
       4
       9
       5
       2
      14
       5
       9
      16
       9
      28
      21
      22
      12
      12
       7
       7
       7
       7
       9
       5
       6
      12
       4
       5
       7
       7
      11
       9
       3
       5
       6
       6
       6
       9
      12
       5
       1
       5
       1
       4
       9
       6
       6
       5
       5
       7
       9
       5
       5
       2
       6
       4
       3
       4
       8
       7
       3
       1
       6
       7
       8
       3
       5
       6
       5
       6
       6
       5
       2
       4
      12
       4
       6
       1
       7
       2
       2
       5
       3
       7
       5
       2
       9
       3
       5
       7
       2
       5
       7
       6
       2
       4
       7
       5
       5
       4
       4
       5
       5
       7
       0
      11
       8
       5
       7
       5
       3
       6
       8
       5
       7
       3
       5
       7
       4
       6
       5
       5
       3
       6
       4
       6
       5
       6
       5
       9
       6
       4
       4
       4
       5
       3
       4
       5
       4
       7
       4
      10
       7
       3
       2
       7
       5
       1
       8
       3
       6
      10
       6
       8
       3
       5
       4
       4
      11
      13
       8
       5
       2
       4
       4
       9
       3
       6
       5
       6
       5
       8
       8
       3
       4
       1
       4
       3
       4
       2
       3
       6
       7
       3
       2
       7
       9
       3
       3
       1
      11
       4
       4
       2
       2
       5
       3
       9
       7
       4
       3
       5
       6
       8
      10
      21
      34
      73
      68
      52
      21
      10
       8
       3
       3
       3
       1
       5
       7
       5
       4
       9
      16
      24
      20
      27
      15
       8
       6
       5
       4
       0
       4
       5
       1
       2
       6
       4
       7
       4
       2
       7
       5
       6
       9
       3
       3
       7
       3
       9
       2
       6
       4
       5
       5
       4
       4
       3
       3
       1
       3
       3
       4
       5
       9
       6
       7
       6
       4
       2
       9
       5
       5
       5
       6
       4
       3
       2
       4
       4
       9
      15
      18
      22
      12
       7
       8
       5
       6
       6
       6
       6
       3
       3
       3
       8
       3
       5
       7
       3
       4
      10
       6
       5
       3
       2
       2
       8
       4
       1
       8
       2
       3
       5
       3
       5
       6
       2
       1
       6
       3
       4
       6
       2
       4
       7
       3
       6
       2
       3
       4
       8
       2
       3
       9
       1
       5
       3
       7
       4
       7
       7
       2
       3
       5
       2
       7
       6
       2
       6
       3
       6
       3
       4
       3
       6
       2
       4
       4
       5
       3
       1
       3
       3
       2
       2
       5
       4
       6
       3
       6
       4
       4
       4
       2
       2
       4
       7
       4
       5
       4
       6
       7
       8
       5
      12
       6
       5
       4
       5
       4
       2
       6
       1
       8
       5
       4
       2
       4
       4
       2
       4
       5
       5
       4
       4
       2
       6
       2
       6
       7
       3
       6
       4
       4
       5
       3
       3
       2
       5
       3
       5
       4
       2
       6
       3
       8
       3
       6
       4
       4
       5
       6
       1
       4
       2
       0
       3
       3
       4
       8
       7
       6
       4
       6
       4
       5
      11
       7
       8
       5
       1
       5
       0
       2
       5
       3
       7
       4
       4
       3
       5
       3
       4
       6
       3
       3
       5
       1
       5
       5
       4
       2
       1
       6
       3
       2
       3
       3
       2
       3
       2
       3
       4
       4
       4
       2
       4
       1
       2
       3
       3
       5
       4
       4
       4
       2
       4
       0
       7
       4
       0
       2
       3
       3
       4
       4
       2
       4
       2
       4
       3
       5
       3
       3
       4
       9
       3
       5
       3
       7
       4
       7
       4
       7
       4
       3
       1
       2
       2
       0
       2
       3
       4
       1
       7
       6
       2
       3
       1
       2
       7
       4
       5
       4
      12
       9
       6
       7
       4
       6
       1
       6
      12
       4
      15
      20
       9
      10
       7
       3
       2
       5
       4
       4
       5
       6
       6
       5
       4
       3
       4
       2
       2
       0
       6
       3
       2
       6
       3
      13
       4
       5
       3
       1
       2
       2
       2
       4
       3
       1
       3
       3
       3
       4
       1
       4
       5
       4
       1
       4
       4
       4
       1
       8
       6
       4
       5
       7
       5
       6
       3
       1
       5
       4
       0
       2
       6
       2
       4
       4
       4
       2
       5
       1
       3
       4
       4
       7
       0
       2
       4
       4
       5
       1
       7
       6
      10
       3
       4
       0
       4
       2
       7
       3
       6
       7
       7
       5
       4
       4
       2
       2
       4
       8
       4
       0
       1
       8
       2
       4
       1
       0
       1
       0
       5
       4
       2
       2
       4
       3
       4
       4
       2
       7
      10
       5
       6
       3
       5
       4
       3
       2
       7
       4
       1
       1
       2
       5
       3
       1
       3
       6
       1
       6
      10
      14
      14
       6
       7
       3
       1
       2
       4
       2
       1
       2
       4
       1
       4
       6
       0
       1
       1
       4
       1
       2
       5
       4
       4
       3
       4
       0
       3
       3
       3
       5
       6
       2
       4
       3
       4
       2
       0
       3
       2
       3
       4
       3
       3
       3
       5
       4
       3
       6
       2
       7
       3
       5
       2
       4
       7
       5
       3
       4
       1
       2
       6
       3
       1
       3
       4
       3
       2
       3
       7
       6
       7
       7
       7
       4
       8
       1
       3
       9
       5
      14
       7
       9
      12
       8
       8
       8
       5
       6
       3
       3
       5
       3
       0
       3
       0
       3
       6
       4
       1
       2
       3
       5
       2
       3
       1
       3
       3
       4
       1
       6
       3
       2
       3
       2
       3
       2
       2
       1
       2
       0
       4
       2
       2
       4
       4
       4
       1
       6
       6
       0
       3
       2
       1
       4
       4
       0
       1
       1
       4
       5
       2
       2
       1
       1
       4
       0
       2
       3
       3
       2
       2
       6
       6
       3
       3
       1
       1
       3
       4
       1
       1
       1
       2
       2
       3
       8
       2
       4
       1
       1
       1
       5
       5
       3
       4
       3
       4
       4
       2
       1
       2
       7
       2
       2
       1
       1
       3
       4
       2
       7
       3
       0
       2
       5
       4
       2
       3
       0
       5
       6
       0
       5
       1
       5
       3
       3
       2
       3
       3
       1
       2
       4
       1
       5
       2
       1
       3
       1
       4
       3
       1
       0
       6
       3
       6
       7
       3
      14
      15
      26
      20
      16
      13
       3
       2
       1
       3
       2
       5
       2
       2
       2
       2
       2
       6
       3
       2
       4
       3
       1
       4
       3
       2
       2
       2
       2
       3
       1
       1
       1
       1
       2
       4
       3
       6
       3
      11
       4
       5
       6
       2
       2
       5
       1
       3
       1
       1
       3
       3
       5
       0
       1
       2
       3
       7
       3
       3
       1
       4
       4
       1
       4
       3
       2
       3
       5
       2
       2
       2
       8
       2
       3
       4
       3
       2
       2
       2
       0
       1
       0
       1
       3
       4
       5
       1
       2
       2
       1
       1
       2
       2
       4
       4
       3
       2
       1
       4
       3
       3
       4
       2
       2
       0
       0
       2
       1
       0
       0
       0
       1
       4
       2
       0
       1
       3
       2
       2
       3
       2
       1
       2
       1
       5
       2
       1
       5
       7
       2
       5
       1
       5
       2
       4
       3
       4
       1
       2
       1
       0
       1
       5
       2
       0
       4
       2
       9
       2
       2
       3
       2
       2
       2
       0
       0
       1
       1
       4
       4
       2
       1
       1
       3
       3
       3
       1
       4
       1
       4
       4
       1
       3
       4
       4
       2
       1
       3
       0
       0
       1
       3
       0
       0
       1
       6
       3
       1
       2
       1
       4
       3
       1
       2
       2
       3
       4
       5
       1
       4
       5
       4
       6
       4
       3
       3
       1
       1
       1
       3
       3
       0
       2
       4
       1
       0
       0
       3
       0
       3
       2
       2
       2
       2
       3
       2
       2
       2
       5
       1
       2
       3
       4
       5
       2
       0
       2
       3
       2
       5
       3
       1
       4
       3
       1
      10
       8
      13
       6
       8
       5
       4
       7
       7
       4
       2
       5
       4
       1
       2
       3
       3
       2
       3
       3
       4
       1
       7
       4
       3
       0
       1
       5
       3
       4
       8
      12
      12
       7
       8
       6
       3
       0
       3
       2
       3
       2
       1
       2
       6
       5
       1
       0
       2
       2
       2
       1
       1
       1
       3
       3
       3
       3
       3
       3
       3
       1
       1
       2
       2
       2
       0
       0
       1
       3
       1
       1
       4
       6
       4
       0
       2
       3
       2
       1
       0
       4
       1
       0
       3
       4
       2
       3
       2
       2
       2
       2
       3
       3
       3
       2
       0
       3
       2
       3
       0
       1
       2
       2
       2
       2
       5
       4
       1
       1
       1
       3
       1
       2
       3
       3
       1
       3
       3
       2
       0
       0
       1
       5
       5
       0
       2
       4
       1
       3
       1
       5
       3
       2
       4
       4
       8
       7
       7
       8
       0
       2
       3
       2
       0
       1
       1
       5
       7
      11
      10
       9
       0
       2
       5
       2
       2
       1
       2
       2
       1
       3
       4
       2
       1
       4
       2
       0
       1
       2
       1
       3
       2
       2
       1
       1
       4
       3
       0
       5
       3
       3
       1
       0
       1
       5
       2
       2
       4
       0
       2
       4
       1
       1
       3
       0
       0
       0
       0
       1
       6
       3
       4
       3
       4
       5
       3
       6
       2
       2
       3
       1
       4
       4
       2
       1
       3
       1
       4
       3
       3
       1
       1
       2
       6
       2
       3
       5
       3
       3
       1
       2
       2
       2
       0
       1
       1
       1
       0
       2
       2
       4
       4
       1
       4
       1
       1
       2
       0
       3
       0
       1
       1
       0
       1
       3
       2
       1
       0
       1
       3
       2
       3
       1
       3
       0
       1
       3
       0
       2
       1
       4
       4
       0
       2
       2
       3
       2
       0
       4
       3
       2
       0
       4
       0
       2
       2
       2
       2
       0
       2
       1
       3
       1
       1
       2
       2
       2
       1
       0
       2
       8
       4
       6
       1
       6
       2
       2
       3
       1
       2
       1
       0
       4
       2
       1
       2
       1
       2
       0
       0
       3
       1
       2
       0
       1
       1
       3
       1
       1
       1
       0
       2
       1
       1
       1
       3
       6
       3
       1
       1
       1
       1
       3
       1
       2
       1
       1
       0
       1
       0
       0
       0
       2
       2
       0
       3
       5
       1
      12
      13
       9
      10
      11
       8
       4
       1
       0
       1
       2
       3
       2
       1
       2
       0
       1
       3
       1
       2
       3
       0
       1
       2
       1
       0
       2
       1
       0
       0
       1
       1
       5
       4
       2
       2
       1
       1
       2
       4
       3
       2
       0
       0
       1
       1
       1
       0
       2
       1
       2
       3
       3
       0
       5
       1
       2
       2
       0
       2
       3
       0
       0
       0
       1
       1
       3
       2
       1
       2
       2
       1
       1
       2
       1
       1
       3
       0
       2
       3
       5
       3
       2
       1
       3
       3
       3
       2
       4
       3
       1
       2
       1
       0
       0
       0
       0
       4
       1
       4
       3
       4
       1
       3
       3
       1
       1
       2
       0
       2
       4
       1
       0
       0
       1
       4
       1
       3
       1
       1
       0
       2
       0
       1
       0
       3
       2
       3
       0
       2
       2
       2
       2
       0
       4
       2
       2
       2
       0
       0
       0
       1
       0
       1
       2
       1
       1
       0
       1
       1
       2
       0
       0
       0
       1
       2
       1
       1
       0
       1
       1
       3
       0
       0
       1
       0
       0
       1
       0
       1
       4
       2
       0
       3
       1
       0
       0
       0
       2
       1
       1
       1
       1
       2
       5
      11
       7
       6
       4
       1
       0
       5
       1
       0
       2
       0
       2
       1
       2
       0
       2
       1
       1
       2
       0
       2
       2
       4
       0
       0
       1
       0
       1
       1
       0
       1
       3
       2
       2
       1
       4
       2
       1
       0
       0
       0
       1
       0
       0
       2
       0
       0
       0
       1
       0
       1
       2
       0
       2
       1
       2
       0
       1
       0
       2
       2
       2
       0
       2
       0
       1
       0
       2
       0
       0
       0
       0
       1
       1
       2
       1
       1
       3
       2
       2
       5
       4
       1
       2
       0
       0
       0
       2
       0
       1
       0
       1
       1
       0
       1
       0
       0
       0
       2
       0
       0
       2
       0
       0
       2
       1
       5
       0
       2
       1
       0
       0
       3
       0
       0
       0
       1
       3
       4
       4
       1
       4
       1
       1
       0
       1
       0
       0
       1
       4
       6
       8
      16
      10
       4
       7
       3
       5
       1
       1
       3
       1
       4
       3
       0
       1
       2
       0
       2
       2
       1
       1
       1
       5
       2
       1
       0
       2
       3
       3
       0
       2
       0
       3
       0
       0
       0
       1
       1
       0
       4
       2
       1
       1
       2
       3
       3
       0
       4
       0
       3
       1
       2
       1
       2
       3
       1
       2
       2
       2
       3
       2
       2
       4
       2
       2
       1
       1
       1
       0
       2
       1
       0
       1
       5
       0
       0
       1
       1
       1
       2
       0
       0
       2
       1
       0
       2
       0
       0
       2
       2
       0
       1
       2
       2
       3
       0
       1
       1
       2
       0
       0
       2
       2
       1
       2
       0
       0
       2
       0
       1
       1
       1
       0
       2
       0
       0
       0
       2
       1
       0
       2
       1
       1
       2
       0
       1
       1
       0
       1
       1
       0
       3
       0
       0
       1
       0
       1
       2
       2
       0
       3
       0
       0
       1
       0
       3
       1
       1
       1
       0
       0
       2
       0
       0
       2
       0
       2
       1
       2
       0
       1
       1
       0
       2
       1
       2
       2
       2
       0
       0
       0
       0
       0
       0
       2
       2
       1
       0
       1
       0
       1
       0
       4
       2
       3
       1
       1
       1
       3
       3
       2
       3
       3
       3
       4
      10
       9
      13
      18
      28
      17
      13
      13
       7
       3
       2
       0
       0
       0
       1
       1
       2
       2
       1
       2
       0
       2
       1
       1
       1
       0
       0
       0
       2
       1
       1
       3
       0
       0
       1
       0
       0
       1
       3
       1
       2
       0
       1
       1
       0
       2
       1
       1
       0
       0
       0
       1
       1
       1
       0
       1
       1
       0
       1
       0
       0
       1
       1
       0
       1
       2
       0
       2
       0
       0
       0
       0
       2
       1
       1
       0
       0
       1
       0
       1
       0
       1
       0
       1
       0
       0
       0
       1
       1
       0
       1
       0
       1
       0
       1
       1
       1
       0
       1
       2
       1
       0
       0
       2
       2
       0
       2
       0
       0
       3
       0
       0
       2
       2
       1
       2
       2
       1
       0
       1
       0
       0
       1
       1
       0
       1
       0
       3
       1
       1
       2
       2
       2
       1
       0
       2
       1
       0
       2
       0
       0
       0
       0
       2
       3
       0
       0
       0
       0
       1
       3
       1
       0
       2
       1
       1
       1
       0
       0
       1
       0
       0
       1
       1
       2
       3
       1
       2
       0
       0
       1
       0
       1
       0
       2
       1
       2
       0
       1
       0
       2
       1
       2
       0
       0
       1
       0
       0
       1
       1
       0
       0
       1
       1
       2
       0
       2
       1
       1
       0
       0
       2
       1
       1
       0
       1
       0
       3
       1
       1
       0
       0
       1
       1
       1
       1
       1
       0
       1
       1
       0
       1
       2
       2
       1
       1
       1
       1
       2
       1
       0
       0
       0
       0
       0
       1
       3
       0
       0
       2
       0
       1
       1
       0
       2
       2
       1
       0
       0
       1
       3
       2
       0
       0
       0
       0
       3
       1
       1
       1
       0
       1
       1
       0
       0
       1
       0
       2
       1
       1
       0
       0
       1
       0
       4
       1
       1
       0
       0
       2
       0
       0
       0
       0
       2
       1
       1
       0
       0
       2
       1
       1
       0
       0
       2
       2
       1
       0
       0
       0
       2
       2
       0
       1
       0
       0
       1
       0
       1
       0
       0
       2
       0
       1
       1
       0
       0
       0
       0
       1
       0
       1
       1
       0
       1
       1
       2
       0
       2
       0
       1
       2
       1
       0
       1
       1
       1
       1
       0
       1
       1
       0
       1
       2
       1
       0
       1
       1
       0
       1
       0
       1
       2
       0
       0
       1
       0
       1
       1
       0
       2
       1
       2
       1
       1
       1
       2
       0
       0
       0
       0
       2
       0
       1
       0
       0
       1
       1
       3
       0
       0
       0
       0
       1
       0
       0
       1
       1
       2
       1
       0
       0
       0
       0
       0
       0
       1
       1
       1
       0
       1
       1
       0
       1
       0
       1
       1
       1
       0
       0
       0
       4
       2
       0
       0
       0
       3
       0
       0
       0
       1
       0
       1
       0
       1
       1
       1
       1
       0
       0
       1
       0
       0
       0
       1
       0
       1
       0
       0
       0
       1
       2
       0
       0
       0
       1
       0
       1
       0
       1
       0
       0
       2
       1
       2
       1
       0
       1
       2
       0
       0
       1
       1
       0
       1
       0
       0
       2
       0
       0
       0
       0
       1
       2
       1
       1
       0
       2
       1
       1
       0
       0
       1
       1
       0
       1
       3
       1
       0
       0
       4
       0
       0
       1
       1
       0
       0
       1
       1
       1
       1
       0
       0
       0
       0
       0
       0
       1
       1
       1
       0
       0
       0
       1
       0
       2
       0
       1
       0
       0
       2
       1
       1
       0
       0
       1
       1
       1
       0
       0
       1
       0
       0
       0
       1
       1
       1
       1
       0
       1
       1
       0
       0
       0
       1
       1
       0
       0
       0
       1
       1
       1
       1
       0
       0
       0
       0
       1
       0
       1
       2
       4
       7
       1
       2
       1
       1
       0
       0
       4
       0
       0
       0
       0
       0
       1
       0
       0
       1
       0
       0
       0
       1
       0
       0
       0
       0
       0
       0
       2
       0
       1
       0
       0
       0
       0
       0
       0
       0
       0
       0
       1
       0
       2
       0
       0
       0
       0
       1
       0
       0
       1
       0
       0
       0
       0
       1
       0
       0
       1
       0
       2
       0
       0
       1
       0
       0
       1
       0
       2
       0
       2
       1
       0
       0
       1
       1
       1
       0
       1
       2
       0
       1
       0
       0
       0
       1
       0
       0
       0
       0
       1
       0
       1
       0
       0
       0
       1
       1
       0
       0
       1
       0
       0
       1
       0
       1
       0
       1
       1
       0
       0
       1
       0
       0
       0
       1
       1
       0
       0
       0
       1
       0
       0
       0
       0
       0
       0
       0
       1
       0
       1
       0
       4
       0
       0
       0
       1
       0
       0
       1
       0
       0
       1
       2
       1
       0
       1
       1
       0
       0
       1
       0
       0
       1
       0
       1
       0
       0
       0
       0
       1
       1
       1
       0
       0
       1
       0
       1
       1
       1
       1
       0
       0
       0
       0
       0
       0
       0
       2
       0
       0
       1
       1
       1
       1
       0
       0
       0
       2
       0
       1
       1
       0
       0
       0
       0
       0
       1
       0
       0
       1
       0
       0
       1
       0
       0
       0
       1
       0
       0
       0
       0
       0
       0
       0
       0
       1
       0
       3
       5
       4
       1
       0
       0
       2
       0
       0
       0
       1
       1
       0
       1
       1
       1
       0
       1
       1
       0
       0
       0
       1
       0
       0
       0
       2
       0
       0
       0
       2
       1
       0
       0
       0
       2
       0
       0
       0
       0
       1
       1
       0
       0
       0
       0
       1
       1
       1
       0
       1
       1
       1
       1
       1
       0
       0
       0
       0
       0
       0
       0
       0
       0
       1
       1
       1
       4
       1
       2
       6
       2
       0
       4
       3
       0
       1
       1
       0
       0
       0
       1
       1
       1
       1
       0
       0
       0
       0
       0
       1
       0
       0
       0
       0
       1
       0
       0
       0
       0
       2
       1
       0
       0
       1
       1
       0
       0
       1
       0
       1
       0
       0
       1
       0
       1
       1
       0
       0
       0
       1
       0
       1
       1
       3
       1
       0
       0
       2
       0
       0
       1
       0
       1
       0
       0
       1
       0
       0
       2
       1
       0
       0
       0
       1
       0
       0
       1
       0
       0
       0
       1
       0
       0
       0
       0
       0
       0
       1
       0
       0
       0
       0
       0
       0
       0
       1
       0
       1
       0
       1
       0
       0
       0
       0
       1
       0
       0
       0
       0
       0
       0
       2
       1
       1
       1
       1
       1
       0
       1
       1
       0
       1
       0
       0
       0
       0
       1
       0
       0
       0
       0
       1
       0
       0
       0
       0
       0
       0
       0
       0
       1
       1
       0
       0
       1
       0
       0
       0
       0
       1
       1
       0
       0
       2
       1
       1
       1
       0
       1
       0
       0
       0
       1
       0
       0
       0
       1
       3
       0
       0
       0
       0
       1
       0
       0
       0
       0
       0
       0
       0
       1
       0
       0
       0
       0
       0
       0
       0
       1
       0
       0
       0
       0
       0
       0
       0
       0
       0
       0
       0
       1
       0
       0
       0
       0
       1
       0
       0
       0
       0
       3
       0
       1
       0
       0
       0
       0
       1
       0
       1
       1
       0
       0
       0
       0
       0
       0
       1
       2
       1
       0
       0
       1
       0
       2
       0
       0
       1
       0
       1
       1
       0
       0
       0
       0
       0
       0
       0
       2
       0
       0
       0
       1
       0
       1
       0
       0
       1
       0
       1
       1
       0
       0
       1
       2
       0
       0
       0
       0
       2
       0
       0
       0
       0
       0
       0
       1
       0
       0
       2
       0
       2
       1
       0
       0
       0
       0
       0
       1
       0
       1
       0
       0
       0
       0
       0
       0
       0
       1
       0
       0
       0
       0
       1
       1
       1
       0
       0
       1
       0
       0
       0
       0
       0
       0
       0
       1
       0
       0
       3
       0
       1
       0
       1
       0
       1
       2
       0
       0
       0
       1
       2
       0
       0
       0
       0
       0
       1
       1
       0
       0
       0
       1
       0
       0
       1
       0
       1
       1
       1
       0
       0
       0
       0
       0
       0
       0
       1
       1
       0
       0
       0
       1
       0
       1
       0
       1
       0
       0
       1
       0
       2
       0
       1
       0
       0
       1
       1
       1
       0
       1
       1
       1
       0
       0
       0
       0
       0
       0
       0
       0
       0
       0
       0
       0
       1
       0
       0
       0
       0
       1
       0
       0
       0
       0
       1
       0
       0
       0
       0
       0
       1
       0
       0
       0
       0
       0
       1
       0
       0
       0
       0
       1
       0
       1
       0
       0
       1
       0
       0
       0
       0
       0
       0
       0
       0
       1
       1
       0
       0
       0
       0
       0
       0
       2
       1
       0
       0
       1
       0
       0
       0
       2
       0
       0
       0
       1
       0
       0
       0
       0
       1
       0
       0
       1
       1
       1
       0
       0
       0
       1
       0
       0
       0
       0
       0
       0
       0
       0
       0
       0
       0
       1
       0
       2
       1
       0
       0
       0
       0
       0
       1
       0
       0
       0
       0
       1
       1
       0
       0
       1
       0
       0
       1
       0
       0
       0
       0
       0
       0
       0
       0
       0
       0
       0
       0
       2
       0
       1
       0
       0
       0
       0
       0
       0
       0
       1
       0
       1
       0
       0
       0
       0
       1
       0
       0
       0
       0
       0
       0
       1
       0
       0
       0
       0
       0
       0
       0
       0
       1
       0
       0
       0
       0
       0
       0
       0
       0
       1
       0
       0
       0
       0
       1
       1
       0
       2
       0
       0
       2
       0
       1
       0
       1
       0
       1
       0
       0
       0
       0
       0
       1
       0
       1
       1
       0
       0
       0
       1
       0
       0
       2
       0
       0
       1
       0
       0
       0
       0
       0
       1
       0
       0
       0
       1
       0
       0
       0
       0
       0
       0
       1
       1
       0
       0
       0
       0
       1
       0
       0
       0
       2
       1
       0
       0
       2
       0
       0
       0
       1
       1
       0
       0
       0
       0
       0
       0
       0
       0
       1
       0
       0
       1
       0
       0
       0
       0
       1
       0
       0
       0
       0
       2
       0
       0
       0
       0
       0
       0
       0
       1
       3
       0
       0
       1
       1
       0
       0
       0
       0
       0
       0
       0
       0
       1
       0
       0
       0
       0
       0
       0
       1
       1
       0
       2
       0
       0
       0
       0
       0
       0
       0
       0
       0
       0
       0
       1
       0
       2
       1
       0
       0
       0
       0
       0
       0
       0
       0
       0
       0
       0
       0
       1
       1
       2
       1
       0
       0
       0
       0
       0
       1
       0
       0
       0
       1
       0
       1
       0
       0
       1
       0
       0
       0
       0
       0
       0
       0
       1
       0
       1
       0
       1
       1
       1
       0
       0
       0
       0
       0
       0
       0
       0
       0
       0
       0
       0
       0
       0
       0
       0
       0
       1
       0
       1
       0
       0
       0
       0
       0
       1
       0
       0
       1
       0
       1
       0
       0
       1
       1
       0
       2
       0
       0
       0
       0
       0
       0
       1
       0
       0
       0
       0
       0
       1
       0
       1
       1
       0
       0
       0
       1
       1
       0
       0
       0
       1
       0
       0
       0
       0
       0
       0
       0
       1
       1
       0
       0
       0
       0
       0
       0
       0
       0
       0
       1
       0
       1
       0
       0
       1
       0
       0
       0
       0
       0
       1
       0
       1
       0
       0
       0
       0
       0
       0
       0
       1
       0
       0
       0
       1
       1
       2
       0
       0
       0
       1
       0
       0
       0
       1
       0
       0
       0
       0
       0
       0
       0
       0
       0
       0
       0
       0
       0
       0
       0
       0
       1
       0
       1
       0
       0
       0
       0
       0
       0
       0
       0
       0
       0
       1
       1
       0
       0
       0
       0
       0
       0
       0
       0
       0
       0
       0
       1
       0
       1
       0
       0
       0
       0
       0
       0
       0
       1
       1
       0
       0
       1
       1
       1
       0
       0
       0
       0
       0
       2
       0
       0
       0
       0
       0
       0
       0
       0
       0
       0
       0
       0
       0
       0
       0
       0
       1
       1
       0
       0
       1
       0
       0
       1
       0
       0
       1
       0
       0
       1
       0
       0
       0
       0
       0
       0
       1
       0
       0
       0
       0
       2
       0
       0
       0
       0
       0
       2
       0
       1
       0
       0
       1
       1
       1
       0
       1
       0
       0
       0
       0
       1
       0
       0
       0
       0
       0
       1
       0
       1
       0
       0
       0
       1
       1
       0
       0
       0
       1
       1
       0
       0
       1
       0
       0
       0
       0
       0
       0
       0
       0
       0
       0
       0
       1
       0
       0
       0
       0
       0
       0
       0
       0
       0
       0
       0
       0
       1
       1
       0
       0
       1
       2
       1
       0
       1
       0
       0
       0
       0
       0
       0
       0
       0
       0
       0
       0
       1
       0
       3
       0
       0
       1
       1
       0
       0
       1
       0
       0
       0
       0
       1
       0
       0
       0
       0
       0
       0
       0
       0
       1
       0
       0
       1
       0
       1
       0
       0
       1
       0
       0
       0
       0
       0
       1
       0
       0
       0
       0
       1
       0
       1
       0
       0
       1
       0
       0
       0
       1
       0
       0
       0
       0
       0
       0
       0
       0
       0
       0
       0
       0
       0
       1
       0
       0
       0
       0
       0
       0
       0
       0
       0
       3
       1
       0
       0
       0
       0
       0
       0
       1
       0
       0
       0
       0
       0
       0
       1
       0
       0
       0
       0
       0
       0
       2
       0
       0
       0
       0
       0
       0
       0
       0
       0
       1
       0
       0
       0
       0
       1
       0
       1
       0
       0
       0
       0
       0
       0
       1
       0
       1
       0
       1
       0
       0
       0
       0
       1
       1
       0
       0
       2
       1
       1
       0
       0
       0
       0
       0
       0
       1
       1
       0
       2
       0
       0
       1
       0
       0
       0
       0
       0
       0
       0
       1
       1
       0
       0
       0
       0
       0
       0
       0
       0
       0
       0
       1
       0
       0
       1
       0
       0
       0
       0
       0
       0
       1
       0
       0
       0
       0
       0
       0
       0
       1
       0
       0
       0
       0
       0
       0
       0
       0
       0
       1
       0
       0
       0
       0
       1
       0
       1
       0
       0
       1
       1
       0
       0
       0
       0
       0
       0
       0
       0
       0
       1
       0
       0
       0
       0
       0
       0
       0
       0
       0
       0
       0
       0
       0
       1
       1
       0
       0
       2
       2
       2
       1
       0
       0
       0
       0
       0
       0
       0
       0
       0
       0
       0
       0
       0
       0
       0
       1
       0
       0
       0
       0
       0
       0
       0
       1
       0
       1
       0
       0
       0
       0
       0
       0
       0
       0
       0
       0
       1
       0
       0
       0
       1
       1
       1
       0
       0
       0
       1
       0
       0
       0
       0
       0
       0
       0
       0
       0
       0
       0
       0
       0
       0
       1
       1
       0
       0
       0
       0
       0
       1
       0
       0
       0
       0
       0
       0
       0
       0
       0
       0
       0
       0
       0
       0
       1
       0
       0
       0
       0
       0
       1
       0
       0
       0
       0
       0
       0
       1
       0
       1
       0
       0
       0
       0
       0
       0
       0
       0
       0
       0
       0
       0
       0
       0
       0
       0
       1
       0
       0
       0
       0
       0
       0
       0
       0
       0
       0
       0
       0
       0
       0
       0
       0
       0
       0
       1
       0
       0
       0
       0
       0
       0
       0
       0
       0
       0
       0
       0
       1
       0
       0
       1
       0
       0
       0
       0
       1
       0
       0
       0
       0
       0
       0
       1
       0
       0
       0
       0
       0
       0
       0
       0
       1
       0
       0
       0
       0
       0
       0
       1
       0
       0
       0
       1
       0
       0
       0
       0
       0
       0
       0
       1
       0
       0
       0
       0
       0
       0
       0
       0
       0
       0
       0
       0
       0
       0
       0
       0
       0
       0
       0
       0
       0
       0
       0
       0
       0
       0
       0
       0
       0
       0
       0
       0
       0
       0
       0
       0
       0
       0
       0
       0
       0
       0
       0
       0
       0
       0
       0
       0
       0
       1
       2
       0
       0
       2
       1
       2
       0
       1
       0
       1
       0
       1
       0
       0
       0
       0
       1
       1
       0
       0
       1
       0
       0
       0
       0
       0
       0
       0
       0
       1
       0
       0
       0
       0
       0
       0
       0
       1
       0
       0
       0
       1
       0
       0
       0
       1
       1
       0
       1
       0
       1
       0
       0
       0
       0
       0
       0
       0
       0
       0
       0
       0
       0
       0
       0
       0
       1
       0
       0
       0
       0
       0
       1
       0
       0
       0
       0
       0
       0
       0
       0
       0
       0
       0
       0
       0
       1
       0
       1
       0
       0
       0
       1
       0
       0
       0
       0
       0
       0
       0
       0
       0
       0
       0
       0
       0
       0
       0
       0
       0
       0
       0
       0
       0
       0
       0
       0
       0
       0
       0
       0
       0
       0
       0
       0
       0
       0
       0
       0
       1
       0
       0
       0
       0
       0
       0
       0
       1
       0
       1
       0
       0
       0
       1
       0
       0
       0
       0
       0
       1
       0
       0
       0
       1
       0
       1
       0
       0
       0
       0
       0
       0
       0
       0
       1
       0
       0
       0
       1
       0
       0
       0
       0
       0
       0
       0
       0
       0
       0
       0
       0
       0
       0
       0
       0
       0
       0
       0
       0
       0
       1
       0
       0
       1
       0
       0
       0
       1
       0
       0
       0
       0
       0
       0
       0
       0
       0
       0
       0
       0
       1
       0
       0
       0
       0
       0
       0
       0
       0
       0
       0
       0
       0
       0
       0
       0
       0
       0
       1
       1
       0
       1
       0
       0
       0
       0
       0
       1
       0
       0
       0
       0
       0
       0
       0
       2
       0
       0
       0
       0
       0
       0
       0
       0
       1
       0
       0
       0
       0
       0
       0
       0
       0
       0
       0
       0
       0
       0
       0
       0
       0
       0
       0
       0
       0
       0
       0
       0
       0
       0
       0
       0
       0
       0
       0
       0
       0
       0
       0
       0
       0
       0
       0
       0
       0
       0
       0
       0
       0
       0
       0
       0
       0
       0
       0
       0
       0
       0
       0
       0
       0
       0
       0
       0
       0
       0
       0
       0
       0
       0
       0
       0
       0
       0
       0
       0
       0
       0
       0
       0
       0
       0
       0
       0
       0
       0
       0
       0
       0
       0
       0
       0
       0
       0
       0
       0
       0
       0
       0
       0
       0
       0
       0
       1
       0
       0
       0
       0
       1
       0
       0
       0
       0
       0
       0
       0
       0
       0
       0
       0
       0
       0
       0
       0
       0
       0
       0
       0
       0
       0
       0
       0
       0
       0
       0
       0
       0
       0
       0
       0
       0
       0
       0
       1
       0
       1
       0
       0
       0
       0
       0
       0
       0
       2
       0
       0
       0
       0
       0
       0
       0
       0
       0
       0
       1
       0
       0
       0
       0
       0
       0
       0
       0
       1
       1
       1
       0
       0
       0
       0
       0
       0
       0
       0
       0
       1
       0
       0
       0
       0
       0
       0
       0
       0
       0
       0
       0
       0
       0
       0
       0
       0
       0
       0
       0
       0
       0
       0
       0
       0
       0
       1
       0
       0
       0
       0
       0
       0
       0
       0
       0
       1
       0
       0
       0
       0
       0
       0
       0
       0
       0
       0
       0
       0
       0
       0
       0
       0
       0
       0
       0
       1
       0
       0
       0
       1
       0
       1
       0
       0
       0
       0
       1
       0
       0
       0
       0
       0
       0
       0
       0
       0
       0
       0
       0
       0
       0
       0
       0
       0
       0
       0
       0
       0
       0
       0
       0
       0
       0
       0
       0
       0
       0
       0
       0
       0
       0
       0
       0
       0
       1
       0
       0
       0
       0
       0
       0
       0
       0
       0
       0
       0
       0
       0
       0
       0
       0
       0
       0
       0
       0
       0
       0
       0
       0
       0
       0
       1
       1
       1
       2
       1
       2
       1
       4
       1
       1
       0
       1
       0
       0
       0
       0
       0
       0
       0
       0
       0
       0
       0
       0
       0
       0
       0
       0
       0
       0
       0
       0
       0
       0
       0
       0
       1
       0
       0
       0
       0
       0
       0
       0
       0
       0
       0
       0
       0
       0
       0
       0
       0
       0
       0
       0
       0
       0
       0
       0
       0
       0
       0
       0
       0
       0
       0
       0
       0
       0
       0
       1
       0
       0
       0
       0
       0
       0
       0
       0
       0
       0
       0
       0
       0
       0
       0
       0
       0
       0
       0
       0
       0
       0
       0
       0
       0
       0
       1
       0
       0
       0
       0
       0
       0
       0
       0
       0
       0
       0
       0
       0
       0
       0
       0
       0
       0
       0
       0
       0
       0
       0
       0
       0
       0
       0
       0
       0
       0
       0
       0
       0
       0
       0
       0
       0
       0
       0
       0
       0
       0
       0
       0
       0
       0
       0
       0
       0
       0
       0
       0
       0
       0
       0
       0
       0
       0
       0
       0
       0
       0
       0
       0
       0
       0
       1
       0
       0
       0
       0
       0
       0
       0
       1
       0
       0
       0
       0
       0
       0
       0
       0
       0
       0
       0
       0
       0
       0
       0
       0
       0
       0
       0
       0
       0
       0
       0
       0
       0
       0
       1
       0
       0
       0
       0
       0
       0
       0
       0
       0
       0
       0
       0
       0
       0
       0
       0
       0
       0
       0
       0
       0
       0
       0
       0
       0
       0
       0
       0
       0
       0
       0
       0
       0
       0
       0
       0
       0
       0
       0
       0
       0
       0
       0
       0
       0
       0
       0
       1
       0
       0
       0
       0
       0
       0
       0
       0
       0
       0
       0
       0
       0
       0
       0
       0
       0
       0
       0
       0
       0
       0
       0
       0
       0
       0
       0
       0
       0
       0
       0
       0
       0
       0
       0
       0
       0
       0
       0
       0
       0
       0
       0
       0
       0
       1
       0
       0
       0
       0
       0
       0
       0
       0
       0
       0
       0
       0
       0
       0
       0
       0
       0
       0
       0
       0
       0
       0
       0
       0
       0
       0
       0
       0
       0
       0
       0
       0
       0
       0
       0
       0
       0
       0
       0
       0
       0
       0
       0
       0
       0
       0
       0
       0
       0
       0
       0
       0
       0
       0
       0
       0
       1
       0
       0
       0
       0
       0
       0
       0
       1
       0
       0
       0
       0
       0
       0
       0
       1
       1
       0
       0
       0
       0
       0
       0
       0
       0
       0
       0
       0
       0
       0
       0
       0
       1
       0
       0
       0
       0
       0
       0
       0
       0
       0
       0
       0
       0
       0
       0
       0
       0
       0
       0
       0
       0
       0
       0
       0
       0
       0
       0
       0
       0
       0
       0
       0
       0
       0
       0
       0
       0
       0
       0
       0
       0
       0
       0
       0
       0
       0
       0
       0
       0
       0
       0
       0
       0
       0
       0
       0
       1
       0
       0
       0
       0
       0
       0
       0
       0
       0
       0
       0
       1
       0
       0
       0
       0
       0
       0
       0
       0
       0
       0
       0
       0
       0
       0
       0
       0
       0
       0
       0
       0
       0
       0
       0
       0
       0
       0
       0
       0
       0
       0
       0
       0
       0
       0
       0
       0
       0
       0
       0
       0
       0
       0
       0
       0
       0
       0
       0
       0
       0
       1
       0
       0
       0
       0
       0
       0
       0
       0
       0
       0
       0
       0
       0
       0
       0
       0
       0
       0
       0
       0
       0
       0
       0
       0
       0
       0
       0
       0
       0
       0
       0
       0
       0
       0
       0
       0
       0
       0
       0
       0
       0
       0
       0
       0
       0
       0
       1
       0
       0
       0
       0
       0
       0
       0
       0
       0
       0
       0
       0
       0
       0
       0
       0
       0
       0
       0
       0
       0
       0
       0
       0
       0
       0
       0
       0
       0
       0
       1
       0
       0
       0
       0
       0
       0
       0
       0
       0
       0
       1
       0
       0
       0
       0
       0
       0
       0
       0
       0
       0
       0
       1
       0
       0
       0
       0
       0
       0
       0
       0
       0
       0
       0
       0
       0
       0
       0
       0
       0
       0
       0
       0
       0
       0
       0
       0
       0
       0
       0
       0
       0
       0
       0
       0
       0
       0
       0
       0
       0
       0
       0
       0
       0
       0
       0
       0
       0
       0
       0
       0
       0
       0
       0
       0
       0
       0
       0
       0
       0
       0
       0
       0
       0
       0
       0
       0
       0
       0
       0
       0
       0
       0
       0
       0
       0
       0
       0
       0
       0
       0
       0
       0
       0
       0
       0
       0
       0
       0
       0
       0
       0
       0
       0
       0
       0
       0
       0
       0
       0
       0
       0
       0
       0
       0
       0
       0
       0
       0
       0
       0
       0
       0
       0
       0
       0
       0
       0
       0
       0
       0
       0
       0
       1
       0
       0
       0
       1
       0
       0
       0
       0
       0
       0
       0
       0
       0
       0
       0
       1
       0
       0
       0
       0
       0
       0
       0
       0
       0
       0
       0
       0
       0
       0
       0
       0
       0
       0
       0
       0
       0
       0
       0
       0
       0
       0
       0
       0
       0
       0
       0
       0
       0
       0
       0
       0
       0
       0
       0
       0
       0
       0
       0
       0
       0
       0
       0
       0
       0
       0
       0
       0
       0
       0
       0
       0
       0
       0
       0
       1
       0
       0
       0
       0
       1
       0
       0
       0
       0
       0
       0
       0
       0
       0
       0
       0
       0
       0
       0
       0
       0
       0
       0
       0
       0
       0
       0
       0
       0
       0
       0
       0
       0
       0
       1
       0
       0
       0
       0
       0
       0
       0
       1
       0
       0
       0
       0
       0
       0
       0
       0
       0
       0
       0
       0
       0
       0
       0
       0
       0
       0
       1
       0
       0
       0
       0
       0
       0
       0
       0
       0
       0
       0
       0
       0
       0
       0
       0
       0
       0
       0
       0
       0
       0
       0
       0
       0
       0
       0
       0
       0
       0
       0
       0
       0
       0
       0
       0
       0
       0
       0
       0
       0
       0
       0
       0
       0
       0
       0
       0
       0
       0
       0
       0
       0
       0
       0
       0
       0
       0
       0
       0
       0
       0
       0
       0
       0
       0
       0
       0
       0
       0
       0
       0
       0
       1
       0
       0
       0
       0
       0
       0
       0
       0
       0
       0
       0
       0
       0
       0
       0
       0
       0
       0
       0
       0
       0
       0
       0
       0
       0
       0
       0
       0
       1
       0
       0
       0
       0
       0
       0
       0
       0
       0
       0
       0
       0
       0
       0
       0
       0
       0
       0
       0
       0
       0
       0
       0
       0
       0
       0
       0
       0
       0
       0
       0
       0
       0
       0
       0
       0
       0
       0
       0
       0
       1
       0
       0
       0
       0
       0
       0
       0
       0
       0
       0
       0
       0
       1
       0
       0
       0
       0
       0
       0
       0
       0
       0
       0
       0
       0
       0
       0
       0
       0
       0
       0
       0
       0
       0
       0
       0
       0
       0
       0
       0
       0
       0
       0
       0
       0
       0
       0
       0
       0
       0
       0
       0
       0
       0
       0
       0
       0
       0
       0
       0
       0
       0
       0
       0
       0
       0
       0
       0
       0
       0
       0
       0
       0
       0
       0
       0
       0
       0
       0
       0
       1
       0
       0
       0
       0
       0
       0
       0
       0
       0
       0
       0
       0
       0
       0
       0
       0
       0
       0
       0
       0
       0
       0
       0
       0
       1
       0
       0
       0
       0
       0
       0
       0
       0
       0
       0
       0
       0
       0
       0
       0
       0
       0
       0
       0
       0
       0
       0
       0
       0
       0
       0
       0
       0
       0
       0
       0
       0
       0
       0
       0
       0
       0
       0
       0
       0
       0
       0
       0
       0
       0
       0
       0
       0
       0
       0
       0
       0
       0
       0
       0
       0
       0
       0
       0
       0
       0
       0
       1
       0
       0
       0
       0
       0
       0
       0
       0
       0
       0
       0
       0
       1
       0
       0
       0
       0
       0
       0
       0
       0
       0
       0
       0
       0
       0
       0
       0
       0
       0
       0
       0
       0
       0
       0
       0
       0
       0
       0
       0
       0
       0
       0
       0
       0
       0
       0
       0
       0
       0
       0
       0
       0
       0
       0
       0
       0
       0
       0
       0
       0
       0
       0
       0
       0
       0
       0
       0
       0
       0
       0
       0
       0
       0
       0
       0
       0
       0
       0
       0
       0
       0
       0
       0
       0
       0
       0
       0
       0
       0
       0
       0
       0
       0
       0
       0
       0
       0
       0
       0
       0
       0
       0
       0
       0
       0
       0
       0
       0
       0
       0
       0
       1
       0
       0
       0
       0
       0
       0
       0
       0
       0
       0
       0
       0
       0
       0
       0
       0
       0
       0
       1
       0
       0
       0
       0
       0
       0
       0
       0
       0
       0
       0
       0
       0
       0
       0
       0
       0
       0
       0
       0
       0
       0
       0
       0
       0
       0
       0
       0
       0
       0
       0
       0
       0
       0
       1
       0
       0
       0
       0
       0
       0
       0
       0
       0
       0
       0
       0
       0
       0
       0
       0
       0
       0
       0
       0
       0
       1
       0
       0
       0
       0
       0
       0
       0
       0
       0
       0
       0
       0
       0
       0
       0
       0
       0
       0
       0
       0
       0
       0
       0
       0
       0
       0
       0
       0
       0
       0
       0
       0
       0
       0
       0
       0
       0
       0
       0
       0
       0
       0
       0
       0
       0
       0
       0
       0
       0
       0
       0
       0
       0
       0
       0
       0
       0
       0
       0
       0
       0
       0
       0
       0
       0
       0
       0
       0
       0
       0
       0
       0
       0
       0
       0
       0
       0
       0
       0
       0
       0
       0
       0
       0
       0
       0
       0
       0
       0
       0
       0
       0
       0
       0
       0
       0
       0
       0
       0
       0
       0
       0
       0
       0
       0
       0
       0
       0
       0
       0
       0
       0
       0
       0
       0
       0
       0
       0
       0
       0
       0
       0
       0
       0
       0
       0
       0
       0
       0
       0
       0
       0
       0
       0
       0
       0
       0
       0
       0
       0
       0
       0
$ROI:
0
$PRESETS:
Real Time
180
0
$ENER_FIT:
0.888569 0.390988
$MCA_CAL:
3
8.885689E-001 3.909876E-001 3.191953E-008 keV
$SHAPE_CAL:
3
0.000000E+000 0.000000E+000 0.000000E+000
