$SPEC_ID:
1
$SPEC_REM:
DET# 2
DETDESC# MCB 130 Normal
AP# Maestro Version 7.01
$DATE_MEA:
10/02/2019 19:47:24
$MEAS_TIM:
159 180
$DATA:
0 8191
       0
       0
       0
       0
       0
       0
       0
       0
       0
       0
       0
       0
       0
       0
       0
       0
       0
       0
       0
       0
       0
       0
       0
       0
       0
       0
     115
    3443
    1039
     603
     772
     940
    1043
     963
     875
     831
     898
     925
     996
    1208
    1250
    1131
     878
     829
     791
     727
     679
     706
     811
     778
     811
     652
     668
     600
     600
     600
     583
     603
     636
     640
     711
     637
     636
     682
     710
     701
     738
     792
     911
    1188
    1480
    1479
    1134
    1070
    1031
    1005
    1111
    1206
     958
     882
     865
     894
     837
     829
     820
     810
     849
    1180
    1883
    2751
    2659
    1888
    1003
     765
     727
     716
     798
     799
     771
     739
     865
    1092
    1178
    1009
     838
     846
     715
     640
     614
     614
     662
     636
     612
     622
     626
     603
     600
     602
     591
     620
     598
     611
     633
     650
     800
     927
     834
     702
     598
     594
     565
     576
     591
     568
     601
     595
     593
     578
     575
     551
     567
     572
     626
     809
    1224
    1413
    1044
     735
     589
     558
     579
     597
     578
     529
     565
     588
     524
     551
     541
     579
     568
     557
     530
     596
     619
     518
     571
     614
     561
     583
     559
     554
     606
     555
     584
     609
     600
     581
     594
     587
     563
     554
     594
     699
     653
     708
     628
     607
     634
     696
     739
     659
     593
     601
     569
     579
     587
     602
     595
     627
     579
     598
     577
     618
     709
     839
     796
     653
     633
     616
     617
     608
     643
     632
     625
     677
     637
     625
     615
     594
     621
     610
     647
     638
     544
     657
     632
     616
     562
     611
     675
     764
     706
     648
     622
     631
     602
     628
     659
     816
    1060
     950
     783
     676
     608
     565
     595
     682
     797
    1025
    1298
    1180
     882
     683
     631
     652
     648
     595
     610
     623
     657
     654
     649
     641
     624
     574
     593
     597
     635
     586
     595
     612
     575
     636
     645
     599
     599
     618
     657
     627
     647
     683
     760
     784
     773
     695
     675
     629
     613
     639
     689
     760
     757
     700
     676
     633
     682
     669
     637
     643
     611
     557
     616
     574
     621
     624
     651
     634
     620
     622
     623
     654
     602
     625
     599
     563
     603
     593
     593
     631
     580
     611
     581
     588
     631
     624
     608
     595
     589
     637
     642
     626
     626
     581
     564
     552
     562
     570
     583
     561
     565
     612
     595
     580
     605
     595
     609
     574
     605
     535
     592
     565
     540
     537
     590
     625
    1065
    2024
    2733
    2097
    1079
     684
     543
     592
     550
     539
     568
     532
     542
     590
     702
     719
     654
     570
     571
     543
     591
     525
     549
     568
     568
     600
     602
     777
    1278
    1932
    1826
    1073
     694
     533
     507
     541
     471
     504
     506
     471
     508
     508
     499
     501
     493
     481
     506
     536
     529
     501
     492
     492
     489
     497
     508
     482
     500
     487
     548
     524
     502
     488
     521
     541
     486
     574
     703
     805
     727
     537
     510
     503
     539
     516
     489
     504
     505
     518
     507
     526
     466
     481
     482
     444
     469
     503
     496
     503
     470
     503
     510
     487
     511
     505
     520
     496
     499
     530
     492
     487
     538
     464
     497
     494
     502
     588
     658
     565
     512
     539
     470
     471
     447
     506
     447
     501
     463
     476
     492
     539
     494
     500
     460
     443
     433
     497
     472
     474
     463
     438
     435
     489
     453
     446
     421
     461
     433
     451
     466
     413
     490
     451
     481
     634
     966
    1108
     924
     659
     491
     474
     465
     447
     420
     469
     454
     443
     482
     413
     450
     444
     422
     439
     378
     403
     454
     412
     439
     446
     467
     414
     444
     462
     442
     456
     431
     444
     411
     381
     437
     442
     463
     450
     475
     553
     503
     430
     393
     419
     449
     412
     410
     425
     398
     419
     414
     427
     397
     426
     386
     409
     415
     421
     450
     438
     425
     482
     536
     559
     542
     403
     416
     397
     392
     384
     417
     416
     386
     385
     424
     395
     413
     400
     439
     398
     503
     748
    1322
    1697
    1360
     848
     526
     446
     399
     399
     464
     474
     444
     426
     392
     407
     428
     404
     391
     386
     395
     376
     406
     393
     408
     388
     363
     390
     403
     392
     418
     423
     385
     395
     440
     397
     463
     550
     468
     424
     372
     358
     353
     354
     343
     354
     369
     357
     361
     318
     354
     345
     352
     354
     434
     880
    2666
    5949
    7679
    5555
    2602
     917
     474
     363
     328
     336
     363
     377
     416
     459
     430
     403
     341
     375
     350
     345
     352
     368
     373
     343
     356
     339
     303
     321
     325
     328
     373
     368
     403
     378
     411
     439
     419
     380
     386
     346
     346
     358
     374
     362
     515
     739
     834
     683
     471
     361
     361
     318
     363
     321
     364
     313
     327
     363
     332
     340
     385
     340
     312
     365
     373
     370
     396
     398
     370
     323
     342
     335
     316
     312
     342
     346
     344
     358
     316
     327
     328
     312
     305
     338
     337
     299
     310
     318
     320
     327
     345
     345
     327
     333
     318
     335
     335
     305
     327
     378
     511
     515
     479
     429
     361
     340
     338
     337
     309
     308
     379
     577
    1130
    1682
    1620
    1066
     564
     360
     368
     331
     334
     327
     318
     321
     307
     320
     322
     340
     291
     326
     350
     290
     315
     279
     298
     282
     312
     294
     324
     275
     337
     320
     391
     467
     444
     416
     367
     314
     338
     317
     330
     322
     319
     322
     295
     294
     307
     287
     329
     334
     307
     312
     285
     295
     310
     276
     351
     294
     346
     320
     339
     345
     412
     442
     397
     382
     316
     326
     375
     331
     400
     353
     320
     325
     286
     284
     296
     292
     315
     309
     280
     330
     325
     282
     286
     307
     297
     295
     324
     314
     343
     278
     280
     362
     291
     316
     301
     302
     321
     342
     298
     332
     306
     300
     298
     308
     303
     328
     277
     331
     303
     282
     311
     286
     296
     321
     301
     279
     296
     291
     284
     291
     336
     360
     337
     316
     276
     280
     302
     260
     301
     304
     316
     282
     291
     332
     315
     301
     283
     300
     274
     253
     298
     289
     280
     290
     275
     311
     289
     352
     405
     338
     349
     317
     297
     318
     298
     287
     287
     267
     299
     335
     342
     374
     358
     327
     288
     292
     288
     255
     286
     298
     279
     258
     295
     305
     305
     312
     323
     305
     342
     279
     299
     310
     394
     458
     438
     387
     333
     308
     302
     266
     287
     276
     306
     268
     269
     270
     274
     256
     274
     270
     269
     263
     257
     243
     238
     235
     271
     240
     245
     252
     248
     286
     245
     264
     252
     290
     249
     278
     257
     284
     275
     274
     260
     246
     262
     254
     272
     249
     242
     259
     280
     249
     269
     238
     245
     235
     258
     239
     245
     234
     277
     237
     207
     236
     242
     217
     260
     260
     251
     249
     205
     255
     235
     245
     257
     211
     225
     267
     278
     259
     245
     229
     207
     227
     232
     234
     264
     255
     226
     223
     249
     248
     221
     222
     241
     247
     255
     248
     226
     245
     246
     280
     307
     286
     241
     255
     261
     252
     220
     265
     214
     232
     251
     253
     241
     247
     223
     244
     216
     254
     242
     221
     228
     262
     222
     266
     209
     232
     226
     250
     243
     246
     226
     226
     230
     229
     248
     231
     294
     362
     419
     375
     293
     266
     230
     246
     229
     252
     235
     241
     233
     238
     249
     229
     261
     246
     250
     244
     213
     213
     228
     244
     201
     200
     223
     229
     252
     211
     233
     226
     213
     250
     278
     329
     302
     272
     258
     233
     219
     260
     242
     260
     233
     247
     245
     226
     225
     243
     220
     230
     228
     218
     202
     239
     209
     224
     214
     225
     207
     247
     238
     213
     217
     219
     206
     231
     256
     220
     214
     249
     235
     230
     242
     212
     240
     212
     250
     295
     366
     357
     312
     235
     211
     243
     244
     218
     222
     257
     254
     239
     222
     226
     229
     224
     205
     229
     251
     206
     224
     210
     236
     215
     205
     237
     208
     231
     241
     268
     276
     232
     198
     234
     215
     234
     220
     233
     214
     238
     220
     211
     233
     218
     231
     219
     220
     198
     207
     216
     237
     260
     262
     299
     310
     280
     246
     241
     249
     250
     233
     209
     224
     230
     210
     206
     235
     210
     183
     217
     190
     187
     225
     207
     221
     216
     216
     204
     182
     227
     198
     214
     209
     200
     209
     225
     224
     211
     172
     189
     192
     188
     203
     194
     211
     191
     178
     194
     225
     210
     215
     235
     194
     221
     243
     198
     234
     227
     227
     212
     234
     233
     233
     234
     225
     215
     203
     196
     177
     200
     183
     221
     213
     184
     224
     229
     223
     198
     217
     205
     189
     200
     194
     204
     185
     218
     202
     199
     186
     181
     166
     186
     177
     192
     187
     192
     202
     219
     187
     195
     219
     258
     306
     323
     294
     251
     188
     197
     219
     235
     242
     256
     212
     195
     189
     171
     178
     201
     221
     192
     187
     184
     182
     189
     195
     196
     193
     200
     162
     199
     203
     183
     179
     184
     167
     179
     181
     191
     205
     243
     248
     259
     292
     216
     194
     177
     184
     194
     263
     390
     535
     678
     600
     421
     275
     220
     356
     718
    1551
    2353
    2356
    1697
     883
     420
     244
     199
     176
     210
     171
     191
     187
     199
     183
     191
     176
     161
     200
     181
     188
     249
     224
     175
     198
     187
     172
     200
     200
     169
     184
     172
     171
     195
     199
     185
     148
     191
     204
     247
     231
     231
     282
     350
     440
     409
     317
     248
     197
     158
     158
     184
     183
     169
     154
     181
     156
     157
     175
     165
     192
     175
     203
     198
     341
     746
    1364
    1973
    1887
    1215
     680
     338
     194
     181
     163
     157
     198
     188
     197
     219
     254
     264
     238
     234
     188
     153
     142
     153
     168
     161
     170
     147
     166
     133
     142
     140
     159
     158
     185
     159
     149
     161
     158
     137
     162
     139
     159
     155
     155
     129
     159
     158
     185
     178
     138
     150
     162
     161
     174
     137
     156
     159
     132
     149
     150
     173
     164
     147
     169
     146
     147
     166
     138
     120
     138
     149
     143
     130
     132
     122
     164
     128
     161
     139
     140
     156
     150
     132
     140
     148
     131
     161
     142
     132
     122
     141
     160
     133
     153
     147
     134
     143
     127
     130
     127
     149
     152
     132
     143
     152
     150
     159
     133
     140
     145
     154
     135
     140
     121
     133
     137
     138
     128
     131
     143
     158
     141
     171
     149
     161
     146
     146
     127
     153
     136
     148
     138
     150
     145
     144
     182
     200
     228
     214
     188
     146
     162
     128
     126
     142
     141
     126
     129
     123
     145
     119
     141
     128
     121
     142
     124
     139
     127
     144
     144
     134
     155
     153
     143
     150
     160
     178
     167
     169
     168
     155
     162
     140
     125
     130
     125
     139
     144
     142
     124
     114
     136
     142
     109
     125
     120
     135
     137
     121
     132
     150
     161
     146
     172
     186
     184
     174
     162
     130
     129
     130
     112
     135
     143
     130
     125
     140
     132
     119
     160
     126
     129
     135
     125
     126
     115
     115
     128
     128
     187
     207
     252
     275
     231
     190
     161
     127
     132
     118
     109
     108
     116
     135
     131
     122
     133
     110
     137
     129
     114
     109
     129
     126
     123
     165
     144
     139
     148
     196
     207
     286
     341
     362
     373
     227
     200
     167
     144
     109
     150
     142
     218
     487
    1068
    1837
    2187
    2014
    1280
     590
     267
     169
     128
     122
     129
     149
     136
     134
     105
     146
     153
     169
     188
     172
     166
     138
     143
     161
     233
     393
     523
     519
     366
     280
     172
     144
     171
     139
     150
     138
     125
     152
     118
     131
     135
     123
     123
     110
     127
      96
     134
     157
     145
     183
     170
     156
     123
     115
     128
     117
     106
     138
     148
     125
     127
     129
     112
     120
     106
     126
     136
     123
     123
     132
     124
     121
     107
      89
     109
     111
     106
     112
     102
     128
     113
     140
     117
      96
     114
     130
     135
     127
     132
     117
      96
     115
     113
     104
     118
     111
     138
     124
     130
      93
     105
     103
     111
     122
     126
     120
     112
     115
     115
     132
      96
      96
     104
      91
     112
     113
     112
     127
     141
     137
     127
     128
     101
     124
     126
     132
     159
     142
     134
     138
     127
     125
     114
     101
     124
     108
     120
     120
     108
     113
     112
     102
     118
     103
     106
     114
      99
     112
     114
     110
     120
      95
     109
     118
     116
     117
     108
     107
     112
     100
     108
     125
     113
     123
     136
     174
     164
     139
     164
     193
     217
     279
     251
     187
     156
     149
     118
     137
     153
     132
     137
     122
     127
     107
      86
     101
     109
     109
     100
     110
      99
      95
     106
     125
      99
     113
      91
      96
     128
     109
     124
     102
     110
      86
      98
     101
     112
     110
     127
     159
     178
     167
     162
     149
     107
     126
     177
     320
     727
    1214
    1722
    1669
    1129
     684
     302
     174
     122
     100
     118
     102
     116
     115
     121
     184
     243
     415
     564
     641
     519
     329
     191
     139
     119
     119
     112
      93
     117
     115
     119
     115
      94
     102
      98
     120
     112
     105
     101
     102
     101
     123
     123
      99
     105
     101
     107
     133
     124
     119
     118
     105
     102
     119
     103
      76
      92
      97
     103
     113
     121
      88
     116
      99
     100
     107
     114
     110
     126
     101
     106
      98
     119
     102
     127
     200
     308
     355
     372
     313
     220
     165
     122
     115
     100
     111
     118
     108
     121
     126
     121
     122
     111
     131
     120
      85
     117
     105
     105
     104
     105
     112
     103
     126
     121
      99
     105
     109
     102
      82
     118
      96
     103
     100
      99
     106
     106
     109
     103
      89
      97
      94
      90
      90
     105
      93
      91
      79
     103
     111
      88
      97
     107
     107
      96
     118
     105
     102
     112
     101
      84
      91
     100
      84
     116
     107
     103
      95
      80
      67
      81
      89
     111
     103
      79
      86
     102
      99
      93
      98
     102
      89
      93
      96
     102
     109
      90
      88
      84
     108
     114
     101
      83
     120
     102
      88
     106
     139
     141
     178
     204
     210
     161
     128
     123
     100
     107
      85
      98
     113
      91
      93
      88
      88
      94
      84
     100
     107
      99
     106
      87
      93
     106
      95
      91
      90
     107
     110
      83
     103
      78
      86
      96
      95
      88
      93
      84
      87
      64
      99
      89
      82
      82
      87
      86
      99
      93
      72
      85
      76
      91
      85
      82
     103
     115
     121
     163
     145
     152
     155
     194
     231
     208
     179
     150
     140
      81
     108
      91
      87
      85
      98
      92
      82
      93
      85
      82
      94
     110
     110
     119
     129
     116
     121
      98
      88
     121
     131
     131
     124
     120
     108
      75
     101
      81
      86
      72
      80
      92
      87
      95
     109
     108
      97
      78
      80
      97
     102
      85
      81
      99
     107
     111
     103
      84
      91
      83
      85
      79
      72
      87
      80
     100
      82
      96
      83
     100
      74
      83
      88
      77
      95
      70
      76
      77
      89
      65
      83
      74
      74
      72
      76
      84
      83
      87
      73
      73
      73
      70
      82
      76
      86
      71
      85
      74
      92
     103
      95
     117
     128
     158
     179
     120
     100
      94
      86
      91
      92
      83
      98
      82
     104
      83
      86
     107
     107
      95
      72
      88
      98
      86
     113
     103
     108
     100
      88
      80
      89
      95
      86
      83
      80
      84
      87
      67
      76
      81
      76
      73
      78
      82
      78
      72
      74
      76
      72
      77
      87
      77
      76
     112
      98
      93
      79
     119
      73
     124
     128
     154
     152
     128
     115
     104
      80
      83
      78
      77
      85
      83
      86
     106
      76
      77
      74
     102
      88
      95
      82
      79
     100
     100
      79
      70
      85
     105
      78
      73
      88
      81
      86
      78
      92
      91
      84
     102
     112
      96
     112
     107
     113
     104
      97
     122
     112
     108
      77
      97
      85
      73
      65
      75
      82
      89
      67
      77
      76
      95
      87
      79
      76
      70
      83
      80
      60
      83
      82
      90
     113
     125
     154
     130
     130
     111
      80
      78
      79
      73
      82
      63
      83
      70
      70
      85
      87
      73
      65
      78
      83
     104
     193
     271
     360
     437
     405
     267
     148
     114
      76
      65
      96
      82
      80
      74
      67
      78
      70
      93
      85
      65
      80
      75
      86
      70
      68
      65
      69
      84
      83
      62
      67
      78
      76
      88
     129
     105
     100
      90
      93
      79
      82
      65
      72
      73
      65
      90
      75
      77
      83
      76
     103
     106
     108
     124
     114
     139
     118
     101
      88
      75
      57
      70
      74
      66
      73
      64
      72
      67
      79
      71
      63
      82
      70
      84
      89
      89
      72
      70
      74
      78
      67
      81
      79
      84
     103
      93
      98
      72
      83
      84
      67
      74
      68
      81
      91
      75
      84
      81
      85
     117
     132
     111
     121
      92
      76
      70
      79
      76
      83
      70
      63
      83
      86
      60
      90
      81
      80
      69
      73
      85
      69
      76
      73
      70
      75
      72
      62
      68
      64
      70
      74
      91
      78
      77
      78
      73
      70
      76
      75
      67
      74
      66
      71
      78
      71
      74
      64
      57
      73
      78
      68
      61
      74
      75
      64
      72
      58
      54
      93
      68
      66
      62
      78
      75
      70
      86
      74
      60
      66
      62
      64
      63
      62
      63
      77
      71
      79
      68
      63
      66
      73
      61
      50
      80
      63
      79
      64
      67
      56
      68
      64
      62
      71
      76
      55
      86
      57
      73
      78
      61
      82
      68
      71
      68
      77
      60
      70
      76
      62
      75
      66
      67
      70
      84
      76
      67
      63
      55
      66
      58
      63
      68
      83
      64
      70
      73
      95
      89
      97
     145
     228
     374
     524
     554
     447
     321
     196
     110
      81
      58
      75
      77
      74
      60
      73
      72
      69
      73
      88
      77
      91
      83
      71
      61
      65
      57
      81
      55
      65
      64
      73
      66
      77
      87
      81
      81
      99
      94
     135
     183
     196
     181
     141
     102
      87
      65
      66
      60
      66
      67
      67
      77
      74
      64
      66
      65
      67
      59
      59
      70
      60
      69
      68
      77
      57
      59
      69
      68
      71
      72
      66
      59
      80
      61
      74
      78
      72
      74
      62
      54
      66
      77
      70
      67
      71
      61
      50
      50
      53
      64
      66
      73
      55
      74
      66
      55
      74
      61
      74
      71
      51
      67
      55
      52
      68
      58
      65
      72
      63
      47
      55
      70
      62
      57
      59
      59
      57
      58
      51
      53
      54
      63
      66
      80
      65
      73
      70
      63
      58
      67
      58
      52
      64
      78
      55
      38
      59
      55
      54
      59
      65
      58
      65
      56
      55
      67
      66
      57
      53
      59
      52
      64
      71
      79
      50
      56
      59
      59
      51
      54
      49
      49
      50
      52
      59
      60
      41
      65
      67
      70
      69
      64
      43
      62
      54
      57
      64
      59
      54
      69
      52
      60
      78
      60
      57
      52
      57
      62
      64
      61
      57
      65
      60
      58
      73
      70
      70
      64
      68
      98
      84
      86
      78
      75
      69
      67
      73
      70
      50
      60
      65
      74
      46
      57
      62
      63
      47
      67
      55
      53
      60
      64
      59
      54
      63
      63
      67
      58
      66
      50
      64
      70
      58
      71
      65
      51
      61
      54
      62
      67
      61
      61
      54
      66
      53
      68
      73
      81
      61
      52
      56
      50
      58
      54
      79
      71
      84
      98
     113
     134
      93
      90
      68
      80
      65
      58
      42
      56
      76
      50
      61
      60
      67
      70
     110
     223
     323
     373
     325
     290
     209
     114
      99
      80
      49
      48
      69
      69
      64
      67
      68
      70
      63
      51
      52
      68
      55
      66
      59
      61
      58
      52
      69
      63
      81
      74
      92
      79
      65
      60
      69
      54
      61
      66
      65
      50
      59
      50
      81
      68
      81
      89
      60
      53
      63
      56
      61
      62
      61
      54
      54
      51
      58
      51
      63
      48
      47
      59
      51
      52
      54
      52
      47
      51
      55
      49
      51
      62
      74
      59
      51
      57
      67
      55
      57
      64
      43
      35
      45
      40
      78
      53
      61
      54
      64
      60
      64
      56
      63
      63
      59
      68
      60
      64
      65
      68
      55
      58
      46
      50
      51
      45
      63
      48
      63
      70
      70
      50
      53
      45
      46
      54
      52
      61
      61
      45
      65
      58
      55
      52
      67
      49
      61
      37
      43
      56
      66
      56
      49
      45
      44
      61
      40
      56
      48
      58
      48
      45
      51
      38
      64
      53
      50
      45
      40
      66
      55
      52
      51
      53
      47
      50
      50
      47
      46
      46
      39
      51
      50
      44
      50
      36
      54
      52
      46
      54
      36
      60
      51
      48
      46
      56
      49
      51
      53
      52
      58
      46
      42
      49
      45
      55
      44
      55
      44
      50
      45
      52
      53
      47
      51
      59
      43
      57
      51
      40
      44
      59
      50
      45
      40
      44
      46
      50
      37
      43
      41
      33
      61
      40
      58
      33
      43
      50
      46
      46
      53
      49
      44
      54
      58
      46
      40
      41
      43
      46
      54
      56
      48
      48
      60
      51
      40
      40
      44
      43
      41
      59
      50
      58
      49
      56
      47
      53
      42
      56
      42
      42
      44
      40
      49
      40
      35
      44
      51
      41
      40
      41
      51
      57
      50
      52
      43
      65
      51
      57
      48
      61
      64
      42
      54
      40
      42
      44
      57
      40
      63
      65
      48
      45
      41
      44
      38
      40
      46
      42
      44
      48
      41
      47
      51
      54
      44
      39
      44
      52
      44
      41
      51
      39
      44
      39
      55
      38
      59
      43
      41
      39
      47
      38
      42
      42
      46
      43
      47
      48
      41
      44
      45
      35
      39
      47
      55
      75
     125
     172
     308
     390
     414
     320
     230
     145
      85
      46
      47
      47
      36
      50
      37
      40
      41
      43
      44
      39
      32
      44
      43
      40
      42
      37
      32
      33
      48
      38
      33
      37
      46
      44
      52
      51
      38
      38
      52
      46
      35
      35
      36
      51
      46
      54
      43
      48
      43
      39
      40
      39
      39
      49
      41
      44
      35
      54
      45
      46
      44
      32
      29
      34
      37
      43
      49
      43
      42
      41
      31
      37
      36
      42
      42
      26
      25
      42
      36
      34
      46
      41
      52
      50
      48
      33
      39
      44
      42
      41
      33
      42
      30
      52
      41
      43
      36
      40
      52
      58
      60
      68
      48
      36
      40
      43
      32
      35
      46
      38
      45
      39
      36
      34
      30
      36
      29
      42
      51
      33
      42
      35
      29
      40
      38
      42
      30
      39
      34
      41
      35
      43
      44
      40
      42
      32
      36
      36
      44
      28
      25
      27
      34
      31
      39
      44
      49
      34
      34
      45
      31
      39
      45
      25
      34
      27
      42
      33
      32
      47
      39
      35
      46
      44
      33
      42
      41
      35
      27
      31
      37
      31
      45
      28
      34
      36
      36
      24
      40
      46
      44
      37
      43
      40
      27
      41
      33
      41
      29
      32
      43
      31
      27
      30
      37
      42
      30
      44
      30
      37
      32
      29
      29
      39
      31
      24
      39
      30
      37
      42
      37
      32
      29
      45
      45
      36
      33
      32
      38
      37
      28
      38
      34
      21
      39
      20
      44
      34
      34
      32
      42
      29
      36
      39
      38
      43
      37
      41
      34
      35
      33
      41
      39
      38
      56
      47
      54
      39
      33
      50
      37
      34
      35
      32
      39
      39
      45
      31
      42
      28
      40
      27
      39
      40
      38
      53
      53
      42
      47
      34
      36
      28
      36
      34
      36
      36
      33
      40
      43
      32
      51
      48
      41
      35
      55
      44
      30
      45
      52
      41
      39
      41
      33
      35
      27
      41
      44
      34
      34
      39
      29
      37
      32
      33
      37
      28
      25
      32
      33
      35
      34
      37
      47
      52
      55
      75
     140
     233
     291
     345
     417
     404
     279
     168
      89
      63
      38
      41
      40
      30
      28
      35
      36
      32
      23
      31
      30
      30
      34
      30
      30
      34
      36
      49
      37
      33
      30
      34
      31
      49
      30
      34
      27
      29
      40
      28
      41
      53
      44
      41
      43
      37
      33
      32
      36
      32
      43
      36
      29
      36
      47
      69
      68
      73
      92
      95
      79
      78
      53
      38
      33
      41
      37
      31
      30
      34
      35
      38
      23
      29
      40
      44
      36
      40
      28
      38
      48
      42
      36
      44
      34
      31
      38
      30
      29
      38
      27
      26
      36
      37
      43
      29
      25
      34
      29
      37
      27
      31
      31
      31
      28
      26
      31
      35
      35
      24
      32
      37
      45
      36
      17
      25
      31
      28
      25
      40
      28
      47
      24
      29
      26
      21
      23
      34
      30
      38
      25
      31
      28
      44
      35
      23
      23
      24
      23
      42
      30
      35
      22
      31
      27
      19
      41
      28
      40
      24
      33
      33
      33
      19
      39
      26
      34
      30
      42
      39
      25
      27
      30
      37
      30
      36
      36
      42
      24
      34
      32
      35
      39
      34
      33
      29
      29
      28
      27
      20
      35
      41
      30
      21
      29
      29
      39
      39
      43
      69
      85
      89
     110
     103
     111
      89
      59
      38
      41
      50
      48
      76
      33
      45
      43
      40
      36
      27
      25
      31
      24
      24
      32
      20
      34
      30
      34
      30
      27
      26
      26
      29
      32
      29
      22
      32
      28
      21
      28
      28
      25
      20
      34
      29
      33
      27
      25
      20
      36
      24
      29
      30
      34
      19
      42
      28
      28
      15
      22
      28
      32
      28
      26
      36
      30
      18
      29
      24
      18
      29
      30
      37
      29
      24
      38
      38
      36
      28
      33
      19
      32
      22
      28
      18
      20
      29
      26
      24
      29
      30
      16
      18
      27
      32
      22
      24
      31
      28
      29
      39
      19
      31
      28
      33
      40
      28
      32
      30
      26
      29
      31
      20
      23
      26
      26
      32
      35
      44
      41
      33
      32
      39
      29
      26
      25
      32
      29
      27
      26
      39
      26
      31
      32
      31
      25
      31
      28
      29
      26
      25
      38
      32
      26
      26
      34
      28
      33
      29
      33
      40
      30
      15
      25
      24
      35
      34
      27
      36
      34
      30
      37
      33
      31
      28
      23
      29
      24
      35
      23
      26
      25
      27
      19
      21
      21
      31
      23
      30
      20
      41
      26
      18
      25
      26
      39
      39
      43
      57
      48
      57
      32
      44
      25
      23
      19
      18
      30
      27
      31
      26
      23
      24
      23
      27
      20
      24
      16
      20
      28
      25
      29
      32
      27
      24
      33
      26
      29
      26
      24
      26
      17
      23
      25
      13
      32
      27
      23
      27
      31
      27
      22
      28
      31
      22
      17
      28
      25
      28
      20
      23
      37
      17
      24
      27
      18
      20
      23
      21
      32
      19
      29
      23
      28
      14
      29
      21
      27
      26
      27
      20
      30
      28
      31
      19
      19
      31
      24
      26
      26
      22
      22
      26
      25
      33
      22
      22
      25
      24
      21
      29
      30
      39
      31
      38
      38
      28
      28
      34
      17
      26
      20
      30
      27
      29
      18
      25
      31
      24
      24
      28
      20
      20
      28
      18
      22
      12
      23
      21
      18
      19
      35
      23
      30
      20
      22
      28
      21
      16
      25
      24
      19
      21
      24
      20
      26
      22
      18
      24
      16
      15
      19
      25
      25
      21
      20
      24
      19
      26
      19
      23
      19
      24
      20
      28
      19
      23
      20
      21
      23
      20
      18
      25
      27
      24
      23
      27
      28
      33
      24
      34
      30
      28
      32
      25
      24
      27
      18
      21
      27
      20
      26
      24
      25
      25
      25
      24
      27
      21
      21
      18
      24
      15
      14
      25
      19
      19
      14
      23
      24
      25
      17
      20
      15
      27
      16
      16
      16
      21
      24
      24
      26
      23
      22
      25
      24
      20
      25
      22
      23
      19
      19
      25
      23
      25
      25
      21
      18
      14
      16
      22
      17
      14
      27
      19
      19
      18
      23
      24
      13
      20
      23
      15
      15
      23
      17
      23
      27
      29
      25
      29
      23
      15
      18
      32
      27
      11
      24
      23
      22
      23
      20
      14
      19
      17
      17
      20
      16
      20
      28
      24
      25
      24
      19
      21
      20
      12
      19
      16
      32
      18
      15
      22
      18
      13
      22
      16
      24
      22
      15
      21
      11
      27
      15
      20
      24
      19
      26
      22
      13
      21
      24
      16
      29
      26
      25
      11
      20
      23
      24
      22
      24
      22
      22
      13
      19
      19
      17
      18
      12
      16
      18
      25
      21
      24
      19
      13
      20
      25
      29
      22
      13
      17
      21
      16
      16
      13
      15
      22
      13
      18
      35
      22
      22
      19
      13
      17
      21
      17
      20
      18
      22
      24
      16
      21
      21
      16
      21
      18
      21
      14
      26
      16
      18
      24
      15
      21
      15
      17
      22
      17
      15
      24
      27
      41
      53
      79
      65
      85
      83
      77
      49
      41
      29
      28
      20
      18
      18
      19
      20
      16
      21
      17
      24
      16
      17
      25
      23
      22
      24
      18
      22
      27
      17
      18
      16
      24
      18
      17
      20
      19
      17
      21
      18
      19
      22
      15
      20
      18
      16
      25
      18
      17
      15
      11
      18
      19
      19
      12
      14
      21
      24
      16
      25
      18
      20
      21
      13
      10
      20
      15
      21
      14
      18
      22
      21
      28
      42
      29
      40
      39
      45
      50
      36
      37
      13
      17
      17
       9
      16
      14
      17
      25
      15
      19
      18
      18
      15
       9
      18
      17
      25
      13
      15
      20
      11
      11
      17
      18
      19
      19
      27
      15
      10
      26
      17
      23
      15
      17
       8
      18
      24
      23
      13
      20
      19
      20
      21
      23
      17
      23
      21
      16
      16
      17
      16
      19
       9
      15
      22
      18
      11
      22
      14
      22
      19
      17
      11
      18
      13
      16
      16
      11
      18
      15
      12
       9
      20
      18
      18
      20
      27
      28
      20
      17
      20
      20
      19
      14
      13
      15
      14
      14
      11
      12
      19
      24
      25
      10
      23
      11
      13
      17
      12
      17
      14
       9
      10
      11
      14
      22
      28
      12
      15
      16
      29
      19
      13
      15
      17
      20
      14
      15
      11
      18
      19
      13
      10
      16
      22
      27
      16
      16
      12
      18
       8
      19
      14
      11
      14
      16
      30
      15
      15
      18
      17
      17
      17
      15
      17
      13
      20
      18
      18
      12
      15
      10
      10
      14
      15
      17
      16
      12
      24
      13
      12
      21
      22
      20
      19
      26
      18
      13
      17
      17
      15
      17
      12
      21
      12
      12
      14
      10
      10
      12
      12
      15
      16
      12
      20
      11
      14
      11
      15
      19
      19
      17
      17
      18
      16
      17
      11
      14
      12
      11
      16
      15
      11
      16
      13
      18
      16
      20
      33
      30
      53
      59
      64
      76
      67
      65
      46
      37
      24
      21
      20
      19
      17
      10
      12
      15
      16
      16
      13
      18
      17
      19
      19
      19
      15
      16
      23
      11
      13
      23
      13
      15
      11
      11
      18
      18
      14
      11
      11
      12
      18
      11
      13
       6
      17
      12
      13
      11
      19
      13
      15
      20
      13
      14
      15
      10
      16
      10
      18
      16
      12
      14
      14
      10
      13
      13
      15
      17
      21
      14
      13
      13
       7
      16
      13
      15
      14
      11
      19
      11
      17
      15
      18
      19
       7
      20
      17
      18
      10
      14
      13
      15
      15
      13
      14
      16
      14
      15
      14
      16
      15
      18
      23
      18
      12
      21
       8
      14
      19
      17
      14
      16
      15
      19
      34
      39
      45
      47
      69
      48
      46
      26
      20
      19
      15
      15
      14
      19
      13
      13
      14
      15
      24
      15
       9
      14
      13
      11
      11
      15
      14
      18
      19
      10
      12
      19
      23
      18
      13
      16
      12
      14
      14
      15
      13
      15
      18
      25
      14
      10
      18
      20
      16
      15
      12
       8
      15
      11
      10
      13
      16
       9
       9
       8
      14
      13
      11
      15
       8
      13
      11
      13
      13
      10
      12
      16
       8
      14
      14
       5
       8
       4
      16
      17
       5
      15
      11
      14
      12
      13
      17
      13
      14
       8
      14
      16
       9
       9
      12
      17
      24
      12
      19
      11
      13
      13
      13
       9
      11
      13
      10
       8
      11
      15
      16
      13
      13
      15
      11
      13
      22
      14
      24
      13
      11
      21
      11
      10
      12
      15
      15
      10
       5
       7
      10
      11
       6
       9
       6
      14
      13
      14
      14
      14
      14
      14
      17
      13
       9
      17
      11
      12
      13
       7
       7
      13
       5
      15
       8
      13
      19
      13
      11
      13
      13
      13
      14
      11
      10
      16
      13
      18
      10
      25
      16
      18
      19
       8
      14
      11
      13
      15
       9
      13
      10
      15
      10
      12
      14
      10
      12
      14
       8
      11
      10
      14
      15
      11
      11
       7
      11
      10
      20
       9
      15
      15
       8
      12
      12
      15
       6
      18
       8
       9
      15
      18
      24
      29
      17
      19
      23
      18
       4
      18
      18
      16
      16
       8
      19
      12
       9
      16
      14
      11
      14
      14
      12
      17
      11
      13
       7
      15
      13
       6
       8
      15
      17
      13
       9
      14
       6
       6
       7
      10
      10
       5
      13
      13
      14
      14
      15
      18
       8
      14
      14
       8
      17
      10
      13
      13
      13
      18
      14
       9
      17
      11
      13
      13
      13
      10
      12
       9
      14
      12
      10
      14
      11
      10
      12
       8
      15
      16
      14
      12
      13
      10
      10
       9
      10
      13
      13
      12
       9
       6
      12
      10
      13
      17
      13
      12
       8
      14
      10
       8
      10
      14
       7
       9
       9
       4
       7
      10
      11
      13
      10
      14
      13
       5
      11
      12
      19
       9
      16
      11
      16
      12
      13
      11
       9
       9
       9
       8
       8
      11
      10
      11
       8
      13
      13
      10
      11
      11
      13
      13
      10
      12
       9
      10
      12
      13
      14
       6
      11
       8
      10
       9
      13
      13
      11
       4
      11
       9
       9
      12
      10
      12
      16
      14
      11
      10
      10
      11
       6
      15
      11
      12
      12
      10
      16
      13
       9
      14
       6
       8
       7
      12
      12
       4
       7
      14
      12
      14
      11
      14
      10
      10
      11
       6
      11
      12
      10
       8
       9
       6
      17
       5
      12
       8
       9
       7
      10
      13
       8
       5
       8
      13
      13
      11
      15
       6
      13
      10
       7
      14
       7
      24
       9
      13
      12
      13
      15
       7
       5
      11
      12
       9
      17
      20
      12
       7
       7
      16
      11
      13
       7
      12
      10
      12
       8
       9
      12
       6
       9
       9
       9
      12
      15
      12
      12
      11
      10
       3
      11
       6
       7
       6
       7
      10
      12
      10
      11
      12
      13
       7
       8
       6
      18
      12
       9
       9
      11
       8
      10
      12
       9
       5
       9
      10
      17
      16
      11
      12
      13
      15
      13
      17
      15
      11
      11
      10
       6
      10
      12
      15
      14
      12
      15
      14
      11
      10
      12
      16
       9
      13
      12
      11
      12
      12
      10
      11
      13
       7
       6
      12
       5
      10
      13
       7
      10
       9
      13
      12
       8
      21
      17
      13
      16
      16
      12
       6
       7
      11
       9
       8
      14
      14
       3
       6
      10
       8
      13
       6
       9
      12
      12
       6
      11
      14
      13
      10
       7
      11
      10
       4
       9
      18
      13
       7
      13
       9
      10
       6
       8
      10
       6
       3
       5
       8
      10
      12
      10
       4
      16
       6
       8
      10
       8
       8
      12
       8
       7
      10
       6
      14
       4
       7
      10
       8
       9
       8
      13
      15
      14
      11
      12
      11
       9
      13
      10
       8
       8
       5
       9
      14
       7
      10
      13
      12
      13
      13
       7
       4
      11
       8
      10
      11
       8
       6
       7
       9
      11
      11
       9
      11
      16
      15
       6
       7
       7
       7
       4
      13
      11
       7
       9
       6
       7
       8
       9
       7
       6
       7
       9
      10
       9
       9
      12
       8
       8
       6
       6
      12
       4
      11
      13
       6
      10
       6
       6
       8
      10
      11
       7
       8
       6
      13
      12
      11
       7
       2
      10
       9
       7
       8
       9
       8
       4
       9
      10
      10
       8
       5
       9
       5
      10
      10
       8
       6
       9
       6
      11
      12
       4
       7
      10
       9
       3
       9
       8
       9
       7
      10
       8
       7
      10
       3
       9
       5
       7
      13
       8
       9
      10
       8
       4
      11
       7
      15
       9
       7
      12
      10
       6
       6
      12
       6
       7
       5
       7
       8
       8
       6
      14
      11
       9
       5
       7
       9
       6
       7
       7
       4
       3
       7
       6
       7
       5
      14
       6
       4
       4
       8
       8
      10
       9
       8
       7
      16
       8
       4
      10
      12
       4
      13
      14
      11
       3
      13
       8
      10
       8
      12
       5
       5
       9
       6
       5
       8
      10
       7
       5
       4
      10
      12
       9
       6
       8
       5
      10
       4
       4
      10
       6
       4
       5
       7
       2
       6
      13
       4
       9
       5
       9
       8
       9
      13
       9
      10
      10
       9
       7
       7
       7
       5
       6
       6
       9
       8
       5
       8
      12
       8
      10
      10
       3
      11
       7
      10
       7
      14
       8
      11
       8
      12
      11
       8
      10
       4
       6
       9
       6
       7
       9
       8
       5
       7
       7
       7
       5
       5
       4
       9
      11
       6
       8
       6
      10
      10
       8
      11
       6
       4
       6
       9
       6
       7
       7
       7
      12
       3
       6
       6
      10
       4
       5
       7
       8
      10
       6
       5
       8
      10
       9
       9
      11
       5
      10
       8
      11
      16
      12
       8
      11
       8
      12
      13
       3
       5
       4
       5
       8
       6
      10
      10
       9
      22
      27
      29
      23
      29
      19
      15
      16
      14
      11
       6
       5
       3
       5
      11
       6
       8
       8
       8
       8
       7
       9
      15
       4
       9
       4
       6
       4
      10
       7
       9
       9
       6
       9
       4
      14
       6
       6
       4
       6
       8
       8
       8
       6
       4
       4
       6
       4
      11
       6
       5
       7
       7
      10
       5
       7
       4
       4
       9
       7
       8
       6
       8
       3
       6
       5
       3
       7
      12
       9
      13
       4
       5
       4
       9
       1
       8
       7
       9
       9
       6
       9
       3
       8
       7
       9
       9
       8
       8
       5
      13
       6
      10
       8
      11
      13
       9
      11
       8
      11
       8
       5
      12
       2
      10
       7
       4
       7
      11
       7
       5
       5
       4
       8
       5
       5
       6
      11
       8
       7
       7
       6
      13
       3
       5
       4
       8
       8
       4
       8
       4
       9
       6
       3
       5
       3
       5
       6
       6
       3
       6
       5
       2
       5
       3
       5
       6
       5
       5
       5
       8
       2
       5
      10
       7
       8
      14
      10
      12
       6
       7
       1
       6
       2
       4
      11
       6
       5
      11
       4
       2
       6
       3
       8
       5
       7
       7
       6
      12
       5
       3
       5
       5
       3
       9
       7
       4
       2
       2
       5
       3
       2
       3
       7
      10
       5
       7
       5
       8
       4
       6
       6
       8
      10
       5
       5
       6
       2
       7
       1
       6
       7
       5
       7
      11
       6
       5
       1
       4
       4
       7
       1
       4
       4
       4
       6
       6
       5
       6
       5
       3
       5
       1
       4
       5
       1
       9
       6
       6
       9
       6
       6
       9
       5
       4
       5
       8
       6
       2
       6
       4
       1
       4
       5
       3
       6
       2
       5
       4
       2
       6
       6
       6
       5
       4
       5
       4
       4
       4
       5
       3
       5
       4
       3
       5
       3
      10
       2
       3
       3
       3
       6
       7
       5
       1
       3
       3
       5
       7
       4
       6
       5
       2
       7
       6
       4
       3
       3
       9
       7
       2
       6
       2
       5
       5
       5
       2
       7
       2
       5
       6
       3
       6
       5
       4
       6
       5
       7
       5
       9
       1
       3
       9
       5
       7
       7
       6
       5
       8
       4
       5
       7
       8
       5
       6
       8
       4
       2
       4
       6
      10
       6
       2
       2
       7
       7
       6
       5
       4
       9
       3
       2
       5
       4
       5
       4
       3
      10
       8
       4
       2
       4
       4
       6
       3
       1
       6
       6
       6
       6
       4
       6
       7
       4
       7
       1
       3
       3
       4
       4
       0
       7
       5
       6
       7
       2
       7
       5
       3
       5
       7
       1
       3
       4
       7
       4
       7
       4
       5
       6
       6
       4
       5
       6
       7
       2
       4
       6
       4
       3
       4
       4
       3
       8
       7
       4
       7
       6
      11
       6
       7
       6
       1
       3
       4
       6
       5
       1
       3
       4
       2
       4
       7
       5
       6
      10
       7
       5
       5
       5
       2
       3
       1
       2
       4
       8
       6
       2
       4
       6
       4
       8
       3
       7
       1
       6
       5
       3
       2
       7
       6
       3
       3
       7
       4
       2
       3
       7
       6
       5
       8
       4
       5
       5
       5
       3
       4
       5
       4
       3
       4
       3
       3
       4
       5
       4
       2
       1
       6
       2
       3
       5
       5
       6
       2
       3
       3
       6
       8
      10
       5
      10
      28
      20
      39
      35
      61
      33
      41
      33
      28
      10
      10
       7
       5
       3
       6
       7
       8
       6
       8
      11
       9
      10
       8
       3
       5
       1
       3
       1
       4
       7
       7
       2
       4
       6
       9
       3
       5
       2
      11
       3
       6
       5
       1
       6
       4
      10
       5
      11
       9
       9
       2
       2
       5
       8
       7
       9
       3
       4
       3
       6
       2
       4
       6
       3
       3
       4
       5
       4
      11
       1
       8
       2
       3
       4
       2
       3
       2
       2
       3
       7
       5
      12
       2
       6
       4
       4
       4
       2
       5
       3
       2
       4
       0
       2
       4
       4
       3
       5
       4
       4
       0
       4
       3
       4
       6
       9
       2
       3
       3
       6
       4
       0
       2
       4
       6
       3
       5
       1
       5
       0
       3
       5
       1
       4
       7
       1
       4
       8
       3
       5
       2
       3
       1
       2
       7
       2
       2
       1
       2
       3
       1
       3
       5
       5
       6
       3
       7
       4
       5
       5
       3
       6
       2
       4
       3
       3
       6
       2
       0
       5
       1
       3
       5
       3
       6
       4
       2
       1
       2
       4
       3
       4
       5
       1
       8
       2
       1
       4
       2
       4
       1
       7
       2
       5
       0
       3
       2
       4
       5
       3
       5
       3
       4
       4
       3
       3
       4
       1
       2
       2
       8
       5
       2
       2
       3
       3
       7
       2
       2
       0
       2
       3
       1
       4
       5
       3
       6
       3
       6
       4
       4
       3
       4
       4
       6
       3
       4
       1
       8
       6
       1
       4
       5
       2
       4
       4
       4
       3
       3
       3
       2
       8
       2
       3
       4
       4
       8
       4
       1
       1
       4
       2
       2
       3
       3
       4
       2
       1
       3
       0
       2
       3
       3
       6
       1
       4
       4
       1
       3
       4
       1
       4
       2
       3
       6
       5
       5
       4
       5
       4
       7
       3
       6
       1
       6
       4
       7
       2
       2
       4
       2
       4
       4
       4
       2
       3
       3
       4
       1
       3
       2
       4
       2
       5
       1
       5
       3
       6
       2
       2
       5
       2
       4
       2
       4
       2
       4
       7
       4
       1
       4
       3
       4
       9
       6
       2
       3
       0
       1
       2
       5
       2
       1
       4
       3
       3
       6
       2
       6
       2
       6
       3
       4
       3
       5
       4
       4
       3
       4
       2
       4
       5
       3
       2
       4
       3
       5
       1
       3
       1
       5
       1
       2
       4
       3
       4
       2
       3
       3
       2
       4
       4
       3
       1
       6
       2
       3
       2
       1
       6
       2
       5
       4
       1
       3
       5
       2
       4
       5
       6
       8
       4
       4
       6
       3
       4
       2
       3
       5
       3
       3
       2
       2
       1
       4
       6
       1
       4
       4
       2
       5
       1
       2
       2
       1
       7
       3
       3
       4
       2
       5
       1
       2
       1
       2
       2
       2
       0
       2
       6
       5
       1
       6
       2
       1
       5
       3
       3
       3
       0
       2
       5
       3
       1
       3
       2
       1
       1
       3
       3
       2
       6
       2
       2
       1
       1
       3
       3
       2
       1
       5
       5
       5
       5
       3
       3
       4
       2
       3
       1
       3
       4
       1
       1
       0
       1
       4
       2
       4
       3
       2
       3
       2
       5
       2
       3
       5
       2
       2
       7
       0
       2
       3
       2
       2
       2
       4
       4
       3
       2
       1
       4
       2
       2
       0
       1
       4
       4
       2
       1
       1
       4
       4
       5
       5
       2
       1
       1
       4
       2
       1
       1
       4
       4
       2
       3
       2
       1
       1
       2
       4
       2
       1
       3
       4
       3
       2
       1
       4
       3
       3
       1
       3
       1
       5
       0
       4
       1
       0
       2
       2
       2
       2
       3
       3
       1
       2
       4
       3
       6
       0
       3
       4
       1
       4
       3
       3
       6
       5
       4
       5
       4
       3
       8
       4
       5
       2
       3
       2
       2
       3
       1
       3
       2
       1
       0
       5
       4
       2
       3
       3
       0
       5
       3
       3
       2
       3
       6
       0
       2
       5
       4
       1
       1
       1
       1
       2
       4
       7
       0
       2
       5
       2
       2
       1
       2
       0
       5
       2
       5
       2
       2
       1
       5
       4
       0
       4
       5
       0
       2
       2
       4
       1
       2
       2
       2
       1
       3
       3
       0
       3
       5
       4
       5
       4
       1
       0
       2
       1
       3
       2
       0
       3
       3
       1
       5
       0
       1
       0
       0
       0
       1
       0
       4
       4
       2
       3
       5
       1
       2
       3
       2
       2
       4
       0
       4
       0
       3
       3
       0
       2
       3
       2
       4
       4
       4
       1
       1
       1
       4
       4
       0
       0
       3
       2
       2
       2
       6
       1
       3
       0
       3
       1
       4
       1
       3
       2
       3
       2
       1
       6
       4
       4
       4
       2
       2
       0
       1
       1
       3
       0
       1
       1
       2
       1
       2
       2
       3
       1
       5
       4
       5
       2
       4
       3
       0
       7
       3
       7
       1
       3
       3
       1
       1
       3
       2
       2
       1
       1
       1
       4
       1
       1
       2
       0
       3
       2
       3
       1
       3
       3
       4
       2
       3
       0
       2
       1
       2
       1
       2
       3
       1
       2
       1
       1
       1
       2
       2
       2
       2
       2
       3
       0
       2
       1
       4
       1
       1
       1
       1
       1
       2
       2
       2
       3
       2
       4
       2
       2
       1
       2
       2
       0
       1
       2
       0
       3
       2
       1
       3
       4
       3
       1
       4
       1
       1
       2
       1
       2
       1
       1
       3
       2
       1
       3
       0
       1
       4
       1
       5
       4
       2
       0
       2
       4
       1
       3
       4
       4
       4
       2
       0
       4
       1
       3
       2
       0
       1
       0
       2
       1
       1
       1
       0
       1
       2
      10
       3
       1
       1
       3
       0
       2
       1
       1
       2
       1
       2
       2
       3
       1
       1
       3
       0
       3
       5
       3
       6
       2
       2
       1
       1
       2
       3
       2
       2
       1
       3
       2
       1
       1
       2
       2
       2
       2
       1
       3
       0
       4
       1
       2
       1
       1
       1
       1
       4
       5
       1
       2
       2
       2
       1
       3
       0
       4
       3
       3
       2
       2
       3
       4
       2
       3
       3
       1
       0
       3
       1
       2
       3
       2
       1
       1
       1
       2
       2
       0
       4
       6
       3
       3
       1
       3
       1
       1
       1
       2
       1
       0
       1
       1
       0
       3
       2
       0
       0
       1
       1
       5
       2
       3
       2
       0
       3
       4
       4
       0
       4
       3
       1
       5
       5
       1
       5
       0
       2
       3
       0
       4
       0
       1
       4
       2
       2
       0
       0
       1
       0
       5
       1
       4
       2
       1
       3
       4
       3
       2
       2
       1
       2
       1
       0
       1
       2
       2
       3
       1
       2
       1
       2
       2
       2
       1
       1
       1
       2
       3
       3
       2
       1
       0
       2
       3
       0
       2
       3
       3
       3
       2
       1
       1
       1
       2
       1
       0
       1
       2
       0
       2
       1
       1
       1
       3
       3
       3
       2
       3
       2
       1
       4
       0
       2
       2
       1
       2
       1
       2
       0
       2
       1
       2
       1
       0
       1
       2
       2
       3
       2
       0
       1
       2
       2
       2
       1
       1
       3
       2
       0
       1
       0
       1
       4
       6
       2
       0
       1
       2
       1
       1
       0
       2
       0
       0
       3
       1
       0
       0
       4
       0
       1
       1
       2
       2
       1
       2
       1
       1
       3
       3
       1
       1
       5
       1
       2
       3
       3
       1
       1
       2
       1
       1
       0
       3
       0
       0
       0
       2
       0
       0
       0
       0
       1
       1
       1
       1
       0
       4
       3
       2
       3
       3
       1
       2
       1
       4
       0
       1
       1
       3
       3
       0
       0
       1
       4
       1
       2
       2
       1
       2
       0
       0
       2
       2
       0
       1
       3
       1
       2
       2
       1
       3
       1
       2
       0
       2
       1
       0
       1
       0
       2
       0
       3
       3
       1
       3
       1
       2
       3
       3
       2
       1
       2
       3
       1
       0
       1
       0
       1
       3
       4
       2
       0
       3
       3
       2
       0
       0
       0
       2
       0
       0
       1
       2
       3
       3
       1
       1
       1
       3
       3
       4
       2
       1
       2
       2
       2
       2
       3
       1
       3
       0
       5
       1
       0
       1
       1
       1
       0
       3
       0
       1
       2
       2
       3
       0
       0
       0
       0
       0
       0
       1
       2
       3
       1
       0
       3
       1
       2
       2
       0
       0
       1
       2
       2
       2
       2
       1
       5
       0
       1
       1
       1
       1
       0
       0
       1
       1
       2
       1
       0
       1
       1
       1
       0
       3
       0
       0
       0
       1
       0
       1
       0
       0
       2
       0
       1
       1
       1
       0
       1
       1
       2
       2
       1
       1
       0
       1
       1
       1
       2
       2
       2
       0
       0
       2
       0
       0
       0
       1
       1
       1
       0
       1
       2
       2
       2
       3
       1
       2
       4
       0
       0
       2
       1
       2
       0
       0
       1
       0
       0
       2
       5
       0
       2
       0
       0
       1
       1
       0
       2
       0
       1
       0
       2
       0
       0
       1
       1
       3
       1
       0
       0
       1
       1
       0
       3
       1
       1
       2
       2
       2
       1
       3
       1
       1
       1
       0
       2
       2
       2
       0
       1
       2
       2
       0
       2
       0
       0
       1
       5
       1
       1
       1
       0
       2
       3
       1
       1
       0
       1
       0
       0
       0
       4
       2
       1
       1
       1
       0
       1
       1
       2
       2
       0
       4
       2
       0
       1
       1
       1
       0
       0
       0
       1
       1
       2
       2
       0
       1
       1
       1
       3
       2
       1
       2
       0
       2
       1
       2
       0
       0
       2
       0
       2
       2
       1
       0
       1
       1
       1
       1
       3
       1
       1
       0
       1
       0
       2
       0
       1
       0
       0
       1
       1
       1
       2
       1
       1
       0
       0
       1
       1
       1
       2
       1
       1
       4
       1
       1
       1
       0
       2
       1
       2
       1
       3
       2
       1
       3
       1
       1
       2
       2
       1
       1
       0
       1
       1
       0
       2
       2
       2
       1
       2
       2
       1
       3
       0
       1
       3
       4
       0
       0
       1
       0
       2
       4
       0
       1
       0
       2
       0
       4
       3
       0
       1
       0
       1
       1
       1
       1
       0
       0
       2
       1
       3
       3
       1
       2
       1
       1
       1
       1
       2
       1
       2
       1
       0
       3
       1
       2
       0
       0
       0
       0
       1
       3
       2
       2
       2
       0
       1
       2
       2
       0
       0
       2
       1
       1
       5
       1
       1
       2
       2
       0
       2
       1
       2
       2
       0
       1
       1
       1
       1
       0
       1
       3
       3
       4
       0
       1
       2
       0
       0
       0
       5
       3
       1
       0
       0
       1
       1
       3
       2
       3
       0
       4
       1
       1
       1
       1
       1
       2
       2
       1
       0
       0
       0
       0
       0
       0
       2
       3
       2
       0
       1
       1
       0
       3
       0
       3
       2
       1
       1
       2
       1
       2
       0
       3
       0
       1
       0
       0
       1
       0
       3
       1
       2
       3
       1
       1
       1
       2
       0
       2
       1
       2
       0
       0
       0
       1
       0
       1
       0
       0
       0
       0
       2
       2
       2
       1
       1
       0
       0
       2
       1
       0
       2
       0
       1
       0
       0
       2
       0
       2
       4
       0
       0
       0
       1
       0
       1
       4
       1
       0
       1
       1
       0
       0
       3
       2
       0
       0
       2
       2
       1
       0
       2
       2
       0
       2
       0
       2
       5
       0
       1
       0
       2
       2
       1
       1
       0
       1
       0
       2
       1
       0
       2
       2
       1
       2
       2
       0
       1
       1
       1
       1
       1
       1
       1
       0
       2
       3
       1
       2
       1
       0
       1
       0
       0
       2
       1
       0
       0
       2
       2
       1
       0
       0
       2
       1
       3
       0
       3
       2
       0
       0
       1
       2
       1
       1
       2
       1
       1
       2
       2
       1
       0
       0
       0
       0
       0
       0
       2
       2
       1
       1
       1
       0
       0
       0
       0
       1
       0
       0
       1
       2
       2
       4
       1
       3
       4
       1
       1
       0
       1
       1
       2
       0
       1
       2
       2
       1
       1
       0
       1
       1
       0
       0
       0
       1
       1
       1
       1
       0
       0
       2
       0
       0
       0
       0
       1
       0
       0
       0
       1
       0
       2
       0
       1
       0
       0
       1
       1
       2
       0
       0
       0
       2
       3
       1
       1
       0
       2
       1
       2
       0
       0
       0
       1
       0
       2
       2
       0
       0
       2
       1
       0
       2
       2
       1
       0
       0
       0
       2
       1
       0
       2
       2
       0
       0
       0
       2
       1
       3
       1
       2
       1
       1
       1
       1
       1
       0
       1
       0
       0
       0
       1
       1
       3
       0
       0
       1
       1
       2
       0
       2
       0
       2
       0
       0
       1
       1
       1
       1
       0
       2
       0
       3
       1
       1
       2
       4
       2
       1
       1
       0
       1
       0
       0
       0
       0
       1
       3
       2
       2
       0
       2
       1
       0
       4
       1
       2
       0
       0
       0
       0
       0
       0
       0
       0
       0
       0
       0
       0
       0
       0
       0
       0
       0
       0
       0
       0
       0
       0
       0
       0
       0
       0
       0
       0
       0
       0
       0
       0
       0
       0
       0
       0
       0
       0
       0
       0
       0
       0
       0
       0
       0
       0
       0
       0
       0
       0
       0
       0
       0
       0
       0
       0
       0
       0
       0
       0
       0
       0
       0
       0
       0
       0
       0
       0
       0
       0
       0
       0
       0
       0
       0
       0
       0
       0
       0
       0
       0
       0
       0
       0
       0
       0
       0
       0
       0
       0
       0
       0
       0
       0
       0
       0
       0
       0
       0
       0
       0
       0
       0
       0
       0
       0
       0
       0
       0
       0
       0
       0
       0
       0
       0
       0
       0
       0
       0
       0
       0
       0
       0
       0
       0
       0
       0
       0
       0
$ROI:
0
$PRESETS:
Real Time
180
0
$ENER_FIT:
0.888569 0.390988
$MCA_CAL:
3
8.885689E-001 3.909876E-001 3.191953E-008 keV
$SHAPE_CAL:
3
0.000000E+000 0.000000E+000 0.000000E+000
