$SPEC_ID:
1
$SPEC_REM:
DET# 2
DETDESC# MCB 130 Normal
AP# Maestro Version 7.01
$DATE_MEA:
10/04/2019 04:29:48
$MEAS_TIM:
175 180
$DATA:
0 8191
       0
       0
       0
       0
       0
       0
       0
       0
       0
       0
       0
       0
       0
       0
       0
       0
       0
       0
       0
       0
       0
       0
       0
       0
       0
       0
      21
     861
     236
     163
     208
     255
     312
     281
     193
     208
     218
     209
     306
     384
     356
     336
     257
     254
     290
     231
     203
     196
     232
     243
     239
     186
     151
     153
     150
     145
     160
     142
     163
     188
     180
     154
     175
     179
     211
     225
     212
     214
     294
     442
     788
     852
     563
     366
     401
     445
     553
     594
     397
     317
     352
     330
     316
     280
     235
     236
     328
     512
     833
    1431
    1485
     883
     350
     212
     192
     208
     285
     253
     249
     237
     287
     430
     518
     423
     320
     279
     190
     162
     156
     187
     147
     187
     175
     190
     188
     176
     188
     158
     165
     168
     179
     155
     182
     200
     301
     441
     380
     196
     147
     161
     146
     190
     163
     180
     176
     174
     151
     166
     169
     158
     173
     207
     188
     274
     561
     608
     415
     208
     158
     167
     168
     187
     155
     180
     168
     157
     168
     160
     141
     161
     157
     181
     166
     168
     204
     180
     186
     179
     171
     176
     192
     188
     176
     176
     192
     208
     194
     188
     181
     173
     203
     206
     188
     181
     227
     219
     206
     193
     217
     245
     235
     239
     228
     211
     213
     229
     217
     197
     202
     201
     226
     208
     244
     282
     505
     788
     818
     437
     233
     198
     222
     204
     184
     215
     207
     230
     216
     186
     223
     206
     247
     232
     217
     203
     212
     229
     232
     208
     229
     231
     274
     331
     340
     252
     207
     254
     201
     221
     237
     266
     358
     379
     253
     239
     254
     213
     214
     210
     268
     335
     502
     423
     295
     212
     206
     214
     202
     226
     218
     245
     216
     227
     234
     246
     224
     214
     215
     185
     202
     219
     229
     207
     200
     210
     180
     168
     176
     188
     208
     240
     224
     255
     248
     315
     311
     281
     235
     221
     183
     234
     226
     221
     234
     226
     221
     216
     238
     237
     258
     216
     220
     197
     205
     219
     223
     182
     198
     226
     208
     207
     197
     213
     206
     203
     208
     193
     205
     187
     195
     198
     196
     209
     187
     191
     209
     174
     190
     190
     207
     211
     195
     196
     196
     205
     228
     214
     217
     194
     210
     217
     168
     212
     212
     200
     195
     187
     176
     198
     186
     203
     199
     176
     233
     167
     166
     254
     703
    1899
    2732
    1949
     789
     277
     185
     147
     159
     166
     189
     143
     195
     194
     292
     318
     249
     201
     171
     154
     160
     179
     170
     144
     160
     202
     220
     173
     146
     179
     162
     155
     179
     156
     144
     132
     153
     162
     156
     181
     155
     143
     152
     159
     145
     144
     154
     159
     161
     151
     159
     146
     150
     180
     157
     139
     187
     141
     172
     183
     193
     154
     130
     129
     153
     133
     140
     143
     130
     129
     173
     137
     164
     155
     131
     132
     151
     152
     130
     161
     146
     141
     137
     131
     137
     140
     144
     148
     130
     144
     147
     138
     140
     141
     139
     152
     147
     154
     127
     137
     141
     120
     133
     133
     172
     191
     297
     253
     160
     124
     143
     118
     129
     129
     114
     134
     119
     139
     179
     132
     146
     121
     107
     126
     130
     147
     123
     100
     128
     128
     140
     126
     133
     138
     129
     121
     142
     125
     121
     122
     133
     135
     122
     117
     121
     122
     129
     131
     153
     118
     125
     136
     129
     131
     121
     135
     141
     131
     110
     104
     122
     114
     127
     122
     105
     116
     134
     129
     129
     119
     118
     115
     110
     117
     129
     127
     119
     133
     122
     120
     115
     100
     108
     120
     125
     102
     120
     107
     111
     123
     112
     118
     107
      98
     118
     112
     126
     118
     109
     104
      98
     109
     118
     113
     111
     119
     118
      97
     136
     124
     115
     111
      90
      88
      87
      99
     105
      92
     103
      99
      92
      94
     103
      90
     144
     418
     905
    1225
     956
     447
     170
      89
      94
     115
     112
     150
     143
     124
     101
     104
     107
      95
      88
      79
     102
      83
      92
     101
      90
     115
      99
     106
     100
      98
      97
     106
     100
     106
      91
     105
      97
     106
     107
     105
      98
      98
      84
      72
      98
      83
      85
      96
      95
      98
      82
      94
      63
      74
      97
     179
     535
    1307
    1700
    1234
     537
     183
      90
      90
      76
      89
      83
      89
      81
     105
     105
     109
      84
      79
      85
      81
      80
      70
      80
      82
      79
      83
      68
      98
      78
      69
      89
      77
      87
      81
      93
     102
     109
      94
      79
      80
      80
      75
     100
     101
      96
     100
     153
     131
     100
      77
      77
      78
      74
      72
      72
      68
      65
      75
      67
      89
      82
     104
      88
      94
      93
      94
      84
      91
      90
      85
      81
      76
      89
      70
      79
      61
      78
      69
      72
      61
      71
      90
      71
      66
      90
      69
      84
      81
      58
      86
     102
     101
      80
      89
      99
      85
      79
      60
      84
      72
      92
      59
      74
      64
      71
      65
      72
      72
      62
      95
     102
     206
     562
     842
     794
     524
     220
     108
      74
      86
      97
      84
      68
      68
      77
      91
      86
     103
      84
      94
      57
      70
      70
      53
      75
      59
      61
      77
      76
      61
      51
      73
      84
      72
      94
      83
      79
      98
      75
      72
      78
      73
      88
      68
      76
      60
      84
      72
      55
      68
      68
      80
      56
      74
      80
      73
      80
      75
      69
      83
      68
      70
     106
     101
      89
      58
      62
      79
      76
     101
     138
     110
      93
      75
      75
      64
      47
      59
      62
      66
      56
      71
      71
      70
      68
      64
      63
      63
      71
      65
      59
      67
      77
      93
     100
     125
      92
      74
      61
      51
      64
      42
      69
      64
      60
      49
      56
      53
      76
      78
      77
      69
      68
      60
      57
      76
      56
      55
      71
      75
      68
      59
      82
      74
      86
      62
      58
      72
      61
      53
      62
      71
      79
      61
      53
      67
      67
      61
      65
      67
      66
      62
      63
      61
      60
      63
      61
      70
      72
      71
     107
     115
     104
      92
      86
      72
      54
      62
      49
      61
      48
      58
      83
      78
      83
      66
      57
      57
      55
      58
      56
      49
      69
      64
      59
      67
      58
      46
      57
      53
      58
      55
      69
      63
     149
     217
     237
     181
     135
      65
      71
      67
      75
      61
      56
      61
      45
      55
      53
      40
      51
      60
      58
      49
      40
      47
      55
      44
      46
      45
      61
      62
      63
      47
      56
      45
      59
      50
      46
      56
      60
      36
      40
      45
      56
      46
      52
      41
      41
      52
      41
      43
      40
      40
      38
      42
      53
      48
      43
      51
      45
      45
      39
      48
      45
      50
      49
      58
      38
      44
      45
      50
      41
      29
      44
      43
      45
      40
      38
      57
      49
      46
      43
      49
      59
      51
      51
      41
      57
      37
      36
      41
      43
      46
      56
      42
      50
      57
      43
      44
      45
      46
      47
      31
      47
      45
      41
      39
      49
      36
      39
      34
      41
      62
      57
      36
      53
      48
      41
      35
      42
      42
      46
      38
      36
      50
      38
      38
      36
      46
      42
      35
      39
      40
      32
      45
      52
      52
      41
      47
      50
      48
      65
      46
      46
      43
      51
      46
      46
      43
      49
      50
      53
      49
      42
      43
      57
      62
      60
      53
      32
      50
      47
      44
      54
      40
      49
      38
      39
      39
      38
      50
      51
      48
      47
      39
      57
      45
      49
      54
      49
      45
      43
      39
      50
      32
      36
      39
      37
      41
      37
      38
      64
      54
      50
      55
      44
      41
      32
      40
      39
      38
      51
      43
      42
      40
      48
      36
      38
      47
      43
      63
      48
      48
      48
      43
      56
      51
      45
      38
      49
      45
      40
      39
      42
      39
      55
      46
      36
      37
      51
      52
      42
      44
      51
      35
      36
      54
      47
      32
      39
      35
      41
      47
      51
      51
      36
      44
      49
      39
      47
      42
      42
      47
      34
      43
      36
      52
      51
      42
      42
      48
      48
      47
      40
      50
      46
      38
      48
      44
      47
      54
      53
      51
      49
      36
      31
      40
      35
      43
      42
      48
      52
      52
      55
      52
      42
      36
      39
      50
      35
      40
      33
      38
      32
      39
      39
      46
      48
      41
      59
      24
      40
      42
      41
      33
      45
      43
      39
      42
      40
      34
      35
      30
      41
      34
      47
      49
      66
     106
     117
      93
      56
      29
      46
      41
      45
      57
      47
      63
      54
      51
      37
      50
      37
      49
      34
      43
      24
      28
      23
      39
      38
      48
      68
      59
      79
      67
      57
      38
      31
      30
      26
      33
      40
      38
      30
      24
      36
      35
      36
      34
      24
      32
      31
      46
      46
      50
      60
      65
      40
      52
      75
      74
      78
      41
      45
      36
      52
      42
      66
      52
      46
      40
      33
      31
      52
      36
      51
      48
      28
      26
      30
      44
      32
      37
      40
      41
      33
      42
      38
      34
      34
      37
      28
      36
      41
      31
      44
      58
     103
     104
      98
      72
      44
      41
      36
      38
      45
      42
      35
      39
      37
      43
      37
      44
      76
     216
     503
     861
     906
     614
     333
     110
      51
      35
      36
      33
      30
      30
      35
      32
      30
      34
      33
      34
      44
      63
      65
      89
      62
      56
      28
      44
      29
      33
      36
      29
      26
      27
      36
      27
      24
      36
      23
      28
      31
      28
      25
      24
      26
      36
      52
      53
      58
      24
      27
      29
      29
      30
      39
      31
      28
      38
      31
      29
      37
      23
      30
      27
      25
      30
      20
      84
     148
     202
     217
     133
      89
      38
      27
      30
      23
      30
      21
      31
      27
      29
      30
      29
      16
      27
      20
      25
      25
      25
      27
      23
      27
      22
      19
      27
      23
      32
      27
      18
      24
      28
      20
      20
      18
      21
      24
      15
      20
      24
      20
      27
      14
      19
      24
      27
      20
      28
      25
      23
      25
      16
      28
      25
      35
      22
      24
      21
      28
      22
      14
      29
      16
      22
      18
      14
      31
      14
      28
      39
      22
      28
      36
      25
      19
      27
      17
      24
      33
      23
      23
      26
      24
      31
      20
      25
      15
      17
      25
      19
      23
      24
      13
      26
      16
       9
      21
      21
      18
      16
      18
      13
      20
      27
      14
      11
      19
      17
      18
      12
      25
      15
      14
      16
      14
      15
      22
      20
      22
      32
      28
      25
      23
      17
      10
      26
      19
      21
      21
      16
      32
      16
      26
      31
      38
      45
      52
      29
      37
      25
      29
      19
      15
      12
      22
      24
      22
      17
      18
      15
      17
      13
      17
      14
      19
      17
      13
      13
      27
      17
      19
      26
      18
      23
      19
      29
      22
      45
      32
      19
      15
      19
      20
      17
       9
      15
      16
      10
      19
      12
       9
      14
      14
      19
      15
      15
      18
      17
      28
      38
      67
      76
      58
      31
      23
      26
      15
      10
      16
      21
       9
      17
      21
      14
      13
      18
      17
      28
      25
      14
      18
      14
      12
      13
      12
      18
      10
      14
      10
      22
      11
       9
      15
      14
      16
      14
      15
      15
      14
      16
      12
      18
      10
      18
      12
      19
      11
      14
      15
      10
      21
      19
      23
      27
      29
      21
      16
      22
      30
      41
      33
      20
      29
      11
      17
      12
      19
      19
      42
      95
     242
     458
     582
     575
     338
     150
      54
      22
      11
      14
      13
      15
      14
      15
       9
      18
      25
      41
      50
      55
      46
      28
      24
      45
     110
     212
     346
     356
     281
     141
      62
      31
      44
      25
      26
      29
      32
      28
      23
      24
      16
      12
      15
      10
      15
      12
      22
       8
      20
      14
      13
      10
      13
      15
       9
      12
      16
       8
      21
      23
      15
       9
       9
       6
      13
       6
       6
      10
      11
      14
      17
      12
      11
       9
       6
      13
      14
      10
      15
      13
      14
       9
      14
      10
      18
      17
      12
      10
       5
      13
      10
      12
       4
       7
      10
       6
       7
      12
      11
      12
      10
      14
       6
       8
      11
      10
      17
       7
      11
      12
       6
      14
       7
      11
      10
      18
      13
      12
      17
      20
      16
      19
      11
      11
      20
      23
      13
      21
      11
      16
      10
      11
      14
      12
       8
      11
       9
      10
       6
      12
       6
      15
       9
      17
      13
      14
       9
       5
      10
      15
       4
      12
      14
       7
      10
      12
      14
      14
      13
      14
      16
      11
      12
      20
      43
      59
      36
      47
      32
      22
      30
      28
      30
      17
      15
      11
      19
      26
      26
      39
      30
      17
      11
      21
      10
       8
      19
      11
       9
      11
      17
       9
      12
      11
       9
       6
      13
      10
      11
      12
       4
      10
       9
       8
       9
      18
      12
      17
      37
      56
      55
      67
      40
      29
      19
      12
      26
      58
     140
     368
     465
     461
     353
     151
      52
      19
       8
       8
      12
      11
       6
       8
      16
      14
      20
      29
      43
      58
      50
      38
      20
       8
      10
      17
      11
      11
       4
      10
      10
      10
      10
      11
       8
      19
      24
      19
      17
      22
      11
       8
       8
       8
       6
       9
       5
       9
      13
      11
       6
       6
      10
       8
       4
       7
       7
      16
       7
       5
      12
      10
       8
      10
       9
      14
      25
       9
      10
       8
      10
      10
       7
      15
      36
      89
     193
     262
     242
     193
     112
      42
      26
       7
       8
       5
       5
       8
      10
      21
      25
      29
      24
      18
      16
      12
       6
      16
      12
      15
      10
       9
       8
      12
       9
       5
       8
       5
      10
      14
       9
      10
      12
       6
       8
       9
       5
       7
       9
       6
       9
       1
      10
       8
      10
       8
       6
       8
       7
       7
      15
      16
       9
      12
       8
       7
      10
       8
       1
       9
      14
       6
       8
       6
       7
       5
       3
       6
       4
      14
      10
       6
       6
      12
       8
       4
       9
       7
       8
      11
      13
      14
       8
      11
       8
       7
       8
       8
       6
      12
      13
      16
      15
      22
      17
      14
      12
      25
      30
      20
      21
      13
      12
       6
       8
      20
      17
      19
      22
      28
      19
      10
       9
       6
       3
       8
       8
       4
       9
       5
       4
       7
       6
       5
       5
       8
       9
      11
      10
       9
       1
       9
       6
       9
       5
       3
       7
       3
      10
       5
       6
      10
      15
      15
       2
       7
       6
      12
       7
       3
       7
       8
       6
       8
       4
       7
       8
       5
       7
       8
      10
       8
      16
       7
      10
       5
       3
       3
       6
       5
       5
       8
       9
       4
       7
       3
       8
       5
       6
       2
       2
       5
       4
       9
       2
       9
       5
       2
       6
       6
       5
       7
       5
       9
       5
       6
      10
       4
      13
      15
      16
       8
      14
      10
       6
       7
       6
       9
       8
      10
       9
      14
      15
       8
       6
       6
       9
       3
       8
       8
       6
       7
       2
       5
       8
       8
       7
       6
      11
       5
       4
       5
       3
       6
       8
       4
       7
       4
       8
       8
      13
      10
      10
       7
       6
       9
       5
       7
       6
       5
      10
       6
       9
       6
       2
       6
       6
       7
      17
      23
      31
      32
      30
      21
      14
      12
       7
       7
      11
      11
      20
      25
      30
      19
      11
      15
       6
       2
       6
       2
       5
       8
       4
       9
       8
       9
       3
       6
       6
       3
       5
       7
       7
       3
      10
       6
      13
      15
       8
       4
       6
       8
       5
      12
       8
       5
       4
       7
       7
       5
       6
       6
       6
       5
       8
       7
       3
       7
       3
       5
       5
      11
       6
       3
       5
       8
       8
       7
       4
      11
      10
       6
       5
       3
       3
       1
       5
       5
       4
       5
       4
       3
       4
       7
       5
       7
       9
       9
      13
      15
      13
      14
      11
       9
       8
       7
       6
       9
       6
       7
       5
       8
       9
       3
       6
       4
       4
       2
       8
       6
       8
       8
       7
       7
       5
       9
       6
       6
       7
       7
       3
       4
       6
       5
      11
       7
       6
       8
      18
      19
      17
      11
      14
       9
       7
       7
       5
       5
       6
       4
       5
       4
       9
       9
       3
       5
       5
       4
       3
      10
       4
       4
       7
       8
       4
       8
       6
       9
       7
       5
       3
       3
       6
       4
       6
       7
       5
       6
       9
       4
       7
       3
       6
       8
       2
       5
       4
       3
       6
       9
       7
       7
       4
      17
       8
       7
       3
       6
       6
       5
       4
       5
       6
       8
       4
       9
       5
       8
       4
      13
       9
      21
      40
      49
      40
      33
      23
       9
       6
       0
       2
       7
       1
       4
       7
       1
       4
       3
       6
       5
       5
       6
       8
      14
      15
       8
       7
       4
       2
       7
       4
       9
      16
      13
       8
       9
      13
       3
       9
       7
       5
      10
       6
       5
       3
       7
       2
       8
      11
       6
       5
       5
       7
       5
       4
       6
       5
       5
       3
       6
       7
       4
       5
       2
       5
       4
       5
       3
       6
       6
       8
       4
       6
       8
       7
       5
       3
       7
       5
       3
      11
       8
       4
       9
       4
       1
       3
       7
       5
       6
       0
       3
       0
       4
       2
       6
       7
       3
       4
       4
       5
       5
       4
       7
       6
       1
       5
       4
       3
       5
       5
       5
       0
       6
       4
       7
       7
       6
       8
       5
       2
       9
       3
       5
       8
       3
       0
       6
       5
       3
       3
       1
       2
       3
       3
       1
       4
       2
       4
       3
       7
       5
       6
       6
       3
       3
       4
       4
       2
       8
       5
       5
       4
       2
       2
       2
       7
       6
       6
       4
       3
       4
       5
       3
       4
       4
       9
       3
       8
       4
       4
       4
       3
       8
       6
       5
       9
      10
      15
      23
      40
      51
      57
      54
      37
      22
       5
       6
       1
       4
       4
       5
       6
       6
       7
       0
       6
       2
       4
       1
       5
       7
       3
       3
       4
       4
       2
       4
       4
      12
       2
       6
       4
       4
       4
       5
       5
       4
      10
       5
      13
       9
       1
       4
       4
       6
       4
       6
       4
       5
       6
       5
       2
       2
       3
       4
       4
       4
       2
       4
       3
       3
       2
       1
       4
       6
       4
       2
       6
       3
       7
       5
       9
       7
       4
       3
       5
       3
       3
       5
       5
       7
       3
       5
       4
       5
       7
       5
       0
       5
       3
       1
       4
       4
       9
      10
       3
       3
       5
       5
       6
       6
       3
       5
       5
       3
       3
       4
       2
       2
       6
       1
       0
       4
       6
       1
       7
       9
       4
       3
       5
       6
       3
       8
       3
       5
       4
       3
       3
       3
       2
       2
       3
       4
       5
       3
       4
       3
       8
       5
       2
       7
       4
       6
       2
       6
       3
       3
       1
       4
       2
       3
       2
       4
       5
       2
       7
       1
       1
       3
       4
       4
       2
       8
       2
       3
       4
       7
       2
       4
       4
       4
       5
       4
       4
       5
       3
       3
       1
       2
       4
       1
       4
       5
       3
       4
       4
       5
       3
       8
       3
       5
       4
       8
       2
       4
       3
       0
       6
       2
       6
       4
       4
       6
       6
       6
       7
       8
       6
       3
       3
       1
       3
       2
       4
       6
       3
       7
       3
       5
       4
       4
       3
       4
       6
       3
       4
       6
       5
       2
       8
       6
       7
       2
       8
       9
       9
       4
       4
       4
       1
       2
       3
       3
       3
       8
       8
      12
       8
      11
       8
       5
       4
       8
       5
       5
       5
       4
       5
       9
       4
       5
       8
       6
       0
       5
       7
       5
       2
       5
       5
       2
       2
       8
      13
       9
      11
       9
       8
      11
       4
       3
       1
       5
       3
       6
       7
       8
      10
       9
       4
       5
       4
       1
       4
       3
       3
       5
       3
       6
       2
       1
       4
       3
       6
       2
       3
       2
       3
       5
       7
       9
       1
       3
       7
       6
      10
       7
       7
      19
       6
       4
       7
       2
       7
       2
       2
       3
       4
       6
       4
       3
       3
       2
       5
       8
       4
       6
       4
       4
       2
       2
       2
       3
       1
       2
       8
       2
       2
       2
       3
       1
       2
       1
       3
       2
       4
       2
       5
       1
       2
       4
       2
       1
       3
       5
       6
       3
       2
       2
       3
       4
       2
       4
       4
       2
       0
       4
       5
       3
       7
       5
       9
       8
      13
       5
       3
       9
       3
       3
       1
       3
       4
       4
       2
      10
       4
       6
       6
       2
       7
       3
       2
       2
       1
       4
       2
       4
       5
       3
       2
       4
       3
       0
       5
       3
       1
       6
       8
       2
       1
       3
       5
       1
       3
       2
       2
       3
       2
       3
       5
       2
       1
       5
       2
       4
       2
       1
       4
       0
       1
       3
       1
       3
       3
       5
       6
       0
       2
       4
       0
       3
       6
       6
       3
       3
       3
       1
       3
       0
       2
       3
       2
       2
       1
       2
       0
       2
       5
       6
       8
       2
       5
       3
       3
       3
       2
       4
       6
       1
       3
       4
       1
       5
       3
       3
       2
       1
       4
       4
       0
       5
       2
       1
       2
       3
       3
       5
       2
       5
       2
       1
       3
       5
       2
       3
       4
       3
       1
       1
       2
       5
       2
       2
       4
       1
       1
       3
       3
       3
       4
       2
       4
       3
       1
       3
       7
       1
       2
       3
       3
       4
       5
       2
       0
       1
       7
       4
       1
       3
       3
       4
       4
       4
      10
      10
       7
       6
       4
       6
       0
       2
       3
       4
       6
       3
       2
       2
       1
       6
       3
       2
       0
       1
       1
       0
       3
       1
       2
       4
       2
       4
       2
       3
       2
       6
       3
       2
       0
       3
       3
       2
       2
       2
       4
       1
       2
       3
       1
       2
       1
       4
       0
       0
       1
       0
       4
       1
       2
       1
       2
       4
       1
       0
       6
      15
      15
      17
      12
       8
       7
       4
       0
       3
       1
       1
       7
       3
       6
       2
       1
       4
       3
       3
       2
       3
       1
       3
       4
       4
       1
       2
       6
       4
       2
       2
       4
       6
       2
       2
       2
       4
       2
       3
       0
       4
       2
       3
       7
       3
       1
       2
       3
       5
       4
       7
       2
       3
       7
       2
       4
       0
       3
       3
       2
       1
       3
       4
       4
       2
       0
       1
       0
       4
       0
       3
       4
       3
       4
       3
       4
       2
       2
       9
       5
       3
       4
       6
       3
       4
       3
       1
       0
       2
       6
       5
       2
       4
       6
       2
       1
       7
      12
      10
      14
      11
       5
       4
       4
       1
       2
       1
       3
       4
       2
       1
       2
       4
       1
       1
       2
       2
       1
       2
       3
       3
       1
       3
       5
       1
       5
       5
       0
       2
       2
       2
       1
       1
       2
       3
       5
       1
       2
       6
       1
       4
       4
       1
       1
       1
       5
       2
       3
       1
       2
       3
       3
       1
       1
       2
       1
       1
       2
       2
       3
       3
       2
       1
       2
       0
       1
       2
       4
       3
       3
       6
       1
       1
       5
       6
       3
       4
       3
       5
       1
       3
       5
       2
       3
       4
       5
       3
       6
       3
       2
       5
       2
       4
       0
       5
       1
       2
       0
       4
       2
       4
       4
       1
       3
       5
       3
       1
       0
       3
       2
       2
       1
       2
       4
       3
       2
       2
       3
       1
       4
       0
       0
       3
       1
       1
       1
       1
       3
       1
       2
       4
       4
       5
       0
       1
       1
       3
       2
       4
       2
       2
       0
       0
       3
       3
       3
       3
       3
       2
       0
       2
       7
       0
       1
       3
       0
       1
       2
       3
       2
       1
       2
       2
       5
       6
       5
       4
       2
       1
       2
       3
       0
       1
       5
       1
       1
       1
       2
       4
       0
       1
       1
       2
       4
       1
       9
       8
       8
       9
       5
       3
       2
       3
       3
       2
       3
       5
       1
       5
       0
       4
       4
       4
       2
       4
       1
       1
       1
       3
       2
       0
       3
       3
       1
       3
       2
       1
       0
       1
       3
       1
       5
       1
       4
       3
       1
       2
       1
       4
       2
       3
       2
       1
       1
       0
       0
       3
       0
       1
       2
       5
       0
       1
       1
       4
       0
       2
       1
       3
       2
       1
       1
       7
      15
      13
      11
      14
       9
      10
       5
       6
       1
       2
       2
       0
       4
       1
       1
       1
       4
       4
       0
       3
       2
       1
       3
       6
       1
       1
       2
       3
       1
       2
       1
       4
       1
       0
       1
       1
       1
       6
       6
       3
       1
       1
       2
       2
       1
       1
       0
       1
       0
       1
       0
       0
       1
       1
       1
       0
       0
       1
       0
       1
       2
       1
       1
       3
       1
       0
       0
       1
       0
       0
       2
       1
       2
       4
       3
       1
       3
       1
       1
       3
       1
       1
       1
       3
       1
       3
       2
       1
       1
       2
       1
       1
       1
       1
       1
       2
       0
       0
       2
       4
       1
       1
       0
       0
       1
       1
       1
       0
       2
       6
       4
       0
       1
       2
       3
       0
       3
       1
       3
       1
       1
       1
       1
       3
       1
       0
       3
       3
       3
       0
       2
       4
       2
       2
       1
       4
       2
       0
       1
       1
       2
       1
       3
       1
       0
       1
       3
       2
       2
       1
       3
       3
       4
       4
       6
       3
       4
       5
       6
      15
      16
      24
      20
      17
      18
       9
       5
       1
       4
       4
       1
       2
       2
       0
       3
       2
       2
       0
       0
       0
       2
       1
       0
       1
       4
       2
       0
       2
       1
       3
       0
       0
       3
       0
       1
       0
       3
       2
       1
       1
       2
       1
       0
       0
       1
       0
       1
       3
       0
       2
       0
       1
       2
       1
       0
       1
       2
       2
       1
       0
       2
       1
       1
       1
       2
       2
       0
       0
       0
       0
       0
       1
       0
       0
       1
       1
       1
       1
       1
       2
       1
       2
       1
       0
       0
       0
       0
       0
       2
       0
       0
       0
       1
       0
       1
       0
       0
       0
       0
       3
       0
       0
       0
       4
       0
       0
       2
       0
       2
       1
       1
       2
       2
       1
       4
       0
       2
       2
       1
       0
       2
       2
       4
       1
       1
       1
       2
       1
       1
       0
       1
       0
       2
       0
       1
       2
       1
       1
       0
       1
       1
       0
       2
       2
       1
       2
       1
       0
       1
       2
       2
       0
       1
       1
       1
       2
       1
       0
       6
       2
       0
       2
       0
       2
       1
       0
       1
       1
       2
       0
       1
       0
       0
       1
       2
       0
       0
       1
       0
       1
       1
       1
       1
       0
       0
       4
       2
       2
       1
       1
       1
       1
       0
       2
       1
       2
       0
       0
       2
       3
       2
       2
       0
       0
       1
       3
       2
       2
       0
       1
       0
       2
       3
       2
       1
       1
       0
       0
       0
       1
       0
       2
       1
       3
       1
       0
       0
       0
       0
       3
       1
       0
       0
       1
       2
       0
       0
       0
       0
       2
       1
       0
       0
       0
       4
       0
       0
       1
       2
       0
       1
       2
       1
       1
       1
       1
       0
       1
       2
       1
       2
       0
       0
       0
       1
       2
       2
       0
       1
       0
       0
       0
       1
       1
       0
       3
       0
       1
       1
       0
       1
       2
       0
       0
       1
       1
       0
       2
       1
       0
       0
       1
       0
       0
       3
       3
       0
       2
       1
       1
       1
       2
       2
       0
       1
       2
       1
       1
       0
       0
       1
       0
       1
       1
       1
       1
       1
       0
       1
       0
       0
       0
       0
       1
       0
       3
       0
       1
       1
       2
       1
       1
       1
       0
       2
       0
       3
       2
       1
       1
       3
       0
       1
       5
       9
      10
      13
      27
      31
      39
      19
      14
      13
       2
       1
       1
       2
       2
       0
       1
       1
       2
       2
       1
       0
       1
       1
       1
       0
       0
       0
       1
       0
       1
       0
       0
       0
       0
       0
       1
       1
       0
       0
       1
       1
       0
       2
       2
       2
       1
       0
       1
       0
       1
       2
       0
       0
       1
       1
       0
       1
       0
       0
       1
       2
       1
       0
       1
       1
       0
       0
       0
       2
       1
       0
       1
       0
       1
       0
       1
       1
       1
       2
       0
       0
       1
       0
       0
       0
       1
       1
       0
       0
       0
       0
       1
       0
       1
       0
       1
       1
       1
       4
       2
       0
       0
       0
       2
       1
       1
       1
       0
       1
       0
       1
       1
       2
       0
       1
       0
       1
       0
       0
       0
       1
       0
       0
       1
       3
       1
       0
       1
       0
       2
       1
       0
       1
       0
       1
       1
       1
       0
       1
       1
       2
       2
       1
       0
       1
       2
       0
       0
       0
       1
       2
       0
       0
       0
       0
       1
       1
       0
       0
       1
       0
       2
       0
       0
       0
       1
       0
       0
       1
       0
       1
       0
       0
       0
       0
       0
       2
       1
       1
       1
       1
       0
       1
       2
       0
       1
       0
       0
       0
       1
       2
       1
       0
       0
       1
       0
       0
       1
       1
       1
       1
       2
       1
       0
       0
       0
       0
       0
       1
       2
       3
       1
       0
       0
       3
       2
       2
       0
       1
       1
       1
       0
       0
       1
       1
       0
       1
       0
       0
       0
       0
       1
       1
       0
       0
       0
       0
       2
       0
       0
       0
       3
       1
       1
       0
       1
       1
       0
       1
       0
       0
       1
       0
       0
       1
       0
       0
       0
       0
       0
       0
       0
       2
       1
       0
       1
       0
       0
       0
       0
       1
       0
       1
       0
       1
       0
       0
       0
       0
       0
       1
       0
       1
       1
       2
       1
       3
       1
       1
       0
       0
       1
       0
       0
       0
       0
       0
       0
       0
       0
       0
       0
       0
       0
       0
       0
       0
       1
       2
       2
       0
       0
       0
       1
       0
       0
       0
       0
       0
       0
       0
       0
       1
       0
       1
       1
       0
       0
       1
       0
       0
       1
       0
       0
       0
       0
       2
       1
       0
       0
       0
       2
       1
       0
       2
       1
       1
       1
       0
       0
       0
       1
       0
       0
       0
       0
       0
       0
       1
       0
       1
       1
       0
       0
       0
       0
       0
       0
       2
       0
       1
       0
       0
       1
       0
       0
       0
       0
       1
       1
       0
       3
       2
       0
       0
       0
       1
       0
       1
       0
       0
       0
       0
       0
       0
       2
       3
       2
       2
       2
       0
       0
       1
       0
       0
       0
       0
       0
       0
       0
       2
       0
       1
       2
       1
       1
       1
       1
       1
       0
       0
       0
       0
       0
       1
       0
       0
       2
       0
       1
       2
       3
       1
       3
       1
       3
       5
       2
       1
       0
       1
       1
       1
       0
       0
       0
       0
       2
       0
       1
       0
       1
       0
       0
       0
       0
       0
       0
       0
       0
       0
       0
       0
       1
       0
       0
       0
       0
       1
       0
       0
       0
       0
       0
       0
       1
       0
       1
       0
       1
       1
       0
       1
       0
       1
       0
       1
       1
       0
       0
       0
       0
       0
       0
       0
       0
       2
       0
       0
       1
       2
       1
       2
       1
       3
       2
       3
       2
       1
       0
       1
       0
       0
       1
       0
       1
       0
       0
       0
       0
       0
       0
       0
       0
       0
       0
       0
       0
       1
       0
       0
       1
       1
       1
       0
       0
       1
       1
       0
       0
       1
       1
       0
       0
       0
       0
       0
       1
       0
       0
       0
       0
       0
       1
       0
       1
       0
       1
       0
       1
       0
       0
       1
       0
       1
       0
       1
       1
       0
       0
       0
       0
       0
       0
       1
       0
       0
       0
       0
       0
       0
       1
       0
       0
       0
       0
       0
       1
       0
       0
       0
       0
       0
       0
       0
       3
       0
       0
       0
       0
       0
       0
       1
       0
       1
       0
       0
       0
       1
       2
       0
       2
       1
       0
       0
       1
       0
       0
       2
       1
       1
       2
       0
       0
       0
       0
       0
       0
       0
       0
       0
       0
       1
       0
       0
       2
       1
       0
       1
       0
       0
       0
       1
       0
       1
       0
       0
       0
       0
       0
       0
       1
       2
       0
       1
       1
       0
       2
       1
       2
       0
       2
       1
       0
       0
       0
       0
       0
       0
       0
       0
       0
       1
       0
       0
       0
       0
       0
       0
       0
       0
       0
       1
       0
       0
       1
       1
       0
       1
       0
       1
       0
       2
       0
       0
       0
       0
       0
       1
       0
       1
       0
       0
       0
       0
       0
       0
       0
       0
       2
       0
       0
       1
       1
       0
       0
       0
       0
       0
       0
       0
       0
       0
       1
       0
       0
       1
       0
       1
       0
       0
       0
       0
       0
       0
       1
       0
       1
       0
       0
       0
       1
       0
       0
       0
       0
       0
       0
       0
       0
       1
       1
       2
       0
       0
       0
       0
       0
       0
       0
       0
       0
       0
       0
       0
       0
       1
       0
       1
       0
       1
       0
       0
       0
       0
       0
       0
       0
       0
       0
       0
       0
       1
       0
       0
       0
       1
       0
       0
       1
       1
       0
       1
       0
       0
       0
       2
       0
       0
       0
       0
       0
       0
       0
       0
       1
       2
       0
       0
       0
       0
       0
       0
       0
       0
       0
       0
       0
       0
       0
       0
       0
       1
       1
       0
       1
       1
       1
       3
       1
       2
       0
       0
       0
       1
       1
       2
       2
       0
       1
       0
       1
       0
       1
       0
       0
       0
       0
       0
       0
       0
       0
       0
       1
       0
       0
       1
       0
       0
       0
       0
       0
       0
       2
       0
       0
       0
       0
       0
       0
       0
       1
       0
       0
       1
       0
       0
       0
       0
       0
       1
       0
       0
       0
       0
       0
       1
       0
       0
       0
       0
       0
       0
       0
       0
       0
       0
       0
       0
       0
       0
       0
       1
       0
       0
       0
       0
       0
       0
       0
       0
       0
       0
       0
       0
       0
       0
       0
       0
       0
       0
       0
       0
       0
       0
       0
       1
       0
       0
       0
       0
       0
       0
       0
       1
       1
       0
       0
       0
       0
       1
       0
       0
       0
       0
       0
       0
       0
       1
       0
       0
       0
       1
       0
       0
       0
       0
       0
       0
       0
       0
       0
       0
       0
       0
       1
       0
       1
       0
       0
       0
       1
       0
       0
       1
       0
       0
       0
       0
       1
       0
       0
       0
       0
       0
       0
       1
       0
       1
       0
       0
       0
       0
       1
       0
       0
       0
       0
       0
       0
       0
       0
       0
       0
       0
       0
       1
       0
       0
       0
       1
       0
       0
       0
       0
       0
       0
       0
       0
       2
       0
       0
       0
       0
       0
       0
       1
       0
       1
       0
       0
       0
       0
       0
       0
       0
       0
       1
       0
       0
       0
       1
       2
       2
       0
       0
       0
       0
       0
       0
       0
       0
       0
       0
       0
       0
       0
       1
       0
       1
       0
       0
       0
       0
       0
       0
       0
       1
       0
       1
       1
       0
       0
       1
       1
       0
       0
       0
       0
       0
       0
       1
       0
       0
       0
       1
       0
       0
       0
       0
       0
       0
       0
       0
       0
       1
       0
       0
       0
       0
       0
       0
       0
       0
       0
       1
       1
       0
       0
       0
       0
       0
       0
       0
       0
       0
       0
       0
       0
       1
       0
       0
       0
       0
       0
       0
       0
       0
       0
       0
       0
       0
       0
       0
       0
       0
       0
       1
       0
       0
       0
       0
       0
       0
       0
       0
       0
       0
       0
       0
       0
       0
       0
       0
       0
       0
       0
       0
       0
       0
       0
       0
       0
       0
       0
       0
       0
       0
       0
       0
       1
       0
       0
       0
       0
       0
       0
       1
       0
       0
       0
       0
       0
       0
       1
       0
       0
       0
       0
       1
       0
       0
       0
       0
       0
       0
       0
       0
       0
       0
       0
       0
       0
       0
       0
       0
       0
       0
       0
       0
       0
       0
       0
       0
       0
       0
       0
       0
       0
       0
       1
       0
       1
       0
       0
       0
       0
       0
       0
       0
       0
       0
       0
       0
       1
       0
       0
       0
       0
       0
       0
       1
       0
       0
       0
       0
       0
       0
       0
       0
       0
       0
       0
       0
       0
       0
       0
       0
       0
       0
       1
       0
       0
       0
       0
       0
       0
       1
       0
       0
       0
       0
       0
       1
       0
       0
       0
       0
       0
       0
       0
       0
       0
       0
       0
       0
       0
       0
       0
       1
       0
       0
       0
       0
       0
       0
       0
       0
       0
       1
       0
       1
       0
       0
       0
       1
       1
       1
       0
       1
       0
       0
       0
       0
       0
       0
       1
       0
       0
       1
       0
       0
       0
       0
       0
       0
       0
       0
       0
       0
       0
       0
       0
       1
       0
       0
       1
       0
       0
       0
       0
       0
       0
       1
       0
       0
       0
       0
       0
       0
       0
       0
       0
       0
       1
       0
       0
       0
       0
       0
       0
       1
       0
       0
       0
       0
       0
       0
       0
       0
       1
       0
       0
       0
       0
       0
       0
       0
       0
       0
       0
       0
       0
       0
       0
       0
       0
       0
       0
       1
       0
       0
       0
       0
       0
       0
       0
       0
       0
       0
       0
       2
       1
       0
       0
       0
       0
       0
       0
       0
       0
       0
       1
       0
       0
       0
       0
       0
       0
       0
       1
       0
       0
       1
       1
       0
       0
       0
       0
       0
       1
       0
       0
       0
       0
       0
       0
       0
       0
       0
       0
       0
       0
       0
       0
       1
       0
       1
       0
       0
       0
       0
       0
       0
       0
       0
       0
       0
       0
       0
       0
       0
       1
       0
       0
       0
       0
       1
       0
       1
       0
       0
       0
       0
       1
       0
       0
       0
       0
       0
       0
       2
       0
       0
       0
       0
       0
       0
       0
       0
       0
       0
       1
       0
       0
       0
       0
       0
       0
       0
       0
       0
       0
       0
       0
       0
       0
       0
       0
       0
       0
       1
       0
       0
       0
       1
       0
       0
       0
       0
       0
       0
       0
       0
       0
       0
       0
       0
       0
       0
       0
       0
       0
       0
       0
       0
       0
       0
       0
       0
       0
       0
       0
       0
       0
       0
       1
       1
       0
       0
       0
       0
       0
       0
       0
       0
       0
       1
       0
       1
       0
       1
       1
       4
       0
       0
       0
       0
       0
       0
       0
       0
       0
       0
       1
       0
       0
       0
       0
       0
       0
       0
       0
       0
       0
       0
       0
       1
       0
       0
       0
       0
       0
       0
       0
       0
       0
       0
       0
       0
       0
       0
       0
       0
       0
       1
       0
       0
       0
       0
       0
       0
       0
       0
       0
       0
       0
       0
       1
       0
       0
       0
       0
       0
       0
       0
       0
       0
       0
       1
       0
       0
       1
       0
       0
       0
       1
       0
       0
       0
       0
       0
       0
       0
       0
       0
       0
       0
       0
       0
       1
       0
       0
       0
       0
       0
       0
       0
       0
       0
       0
       0
       0
       1
       1
       0
       0
       0
       0
       0
       0
       0
       0
       0
       0
       0
       0
       0
       0
       0
       0
       0
       0
       0
       1
       2
       0
       0
       0
       0
       0
       0
       0
       1
       0
       0
       0
       0
       0
       0
       0
       0
       0
       0
       0
       0
       0
       0
       0
       0
       0
       0
       0
       0
       0
       0
       0
       0
       0
       0
       0
       0
       0
       0
       0
       0
       0
       0
       0
       0
       0
       1
       0
       0
       0
       0
       0
       0
       0
       0
       0
       0
       0
       0
       0
       0
       0
       0
       0
       0
       0
       0
       0
       0
       0
       0
       1
       0
       0
       1
       0
       0
       1
       0
       0
       0
       0
       0
       0
       0
       1
       0
       0
       1
       0
       0
       0
       0
       1
       0
       0
       0
       0
       1
       0
       0
       0
       0
       1
       2
       0
       0
       1
       0
       0
       0
       0
       0
       0
       0
       0
       0
       0
       0
       0
       0
       0
       0
       0
       0
       0
       1
       0
       0
       0
       0
       0
       0
       0
       0
       0
       1
       0
       0
       0
       0
       1
       0
       0
       0
       0
       0
       0
       0
       0
       0
       0
       0
       0
       0
       0
       0
       0
       0
       0
       0
       0
       0
       0
       0
       1
       0
       0
       0
       0
       0
       0
       0
       0
       0
       0
       0
       0
       2
       0
       0
       0
       0
       0
       0
       0
       0
       0
       0
       0
       1
       0
       1
       0
       0
       0
       0
       0
       0
       0
       1
       0
       0
       0
       0
       0
       0
       0
       1
       2
       0
       0
       0
       0
       0
       0
       0
       0
       0
       0
       0
       0
       1
       0
       0
       0
       0
       0
       0
       0
       0
       0
       0
       0
       0
       0
       0
       0
       0
       0
       0
       1
       0
       0
       0
       0
       0
       1
       0
       0
       0
       0
       0
       0
       0
       0
       0
       0
       0
       1
       0
       0
       0
       0
       0
       0
       0
       0
       2
       0
       0
       0
       0
       0
       0
       0
       0
       1
       0
       0
       0
       0
       0
       0
       0
       0
       0
       0
       0
       0
       0
       0
       0
       0
       0
       0
       0
       0
       0
       0
       0
       0
       0
       0
       0
       0
       0
       0
       0
       0
       0
       0
       0
       0
       0
       0
       0
       0
       1
       0
       0
       1
       0
       0
       0
       0
       0
       0
       0
       0
       0
       0
       0
       0
       0
       0
       0
       0
       0
       0
       0
       0
       0
       0
       0
       0
       0
       0
       1
       0
       0
       1
       0
       1
       0
       0
       0
       0
       0
       0
       0
       0
       0
       0
       0
       0
       0
       0
       0
       1
       0
       0
       0
       0
       0
       0
       0
       0
       0
       0
       0
       0
       0
       0
       0
       0
       1
       0
       0
       0
       1
       0
       0
       0
       1
       0
       0
       0
       0
       1
       0
       0
       0
       0
       0
       0
       0
       0
       0
       0
       0
       1
       0
       0
       0
       0
       1
       0
       0
       0
       0
       0
       0
       0
       0
       0
       0
       1
       0
       0
       0
       0
       0
       0
       0
       0
       0
       0
       0
       0
       0
       0
       0
       0
       0
       0
       0
       0
       0
       1
       0
       0
       0
       0
       0
       0
       0
       0
       0
       0
       0
       0
       0
       0
       0
       0
       0
       0
       0
       0
       0
       0
       0
       0
       0
       0
       0
       0
       0
       1
       0
       0
       0
       0
       0
       0
       1
       0
       1
       0
       0
       0
       1
       0
       1
       0
       0
       1
       0
       0
       0
       0
       0
       0
       0
       0
       0
       0
       0
       0
       0
       0
       0
       1
       0
       0
       0
       0
       0
       0
       0
       0
       0
       0
       1
       0
       0
       0
       0
       0
       0
       0
       0
       0
       0
       0
       1
       1
       0
       0
       0
       0
       0
       0
       0
       0
       1
       0
       0
       0
       0
       0
       0
       0
       0
       0
       0
       0
       0
       0
       1
       0
       0
       0
       1
       0
       0
       0
       0
       0
       0
       0
       0
       0
       0
       0
       0
       0
       0
       0
       0
       0
       0
       0
       0
       0
       0
       0
       0
       0
       0
       0
       0
       0
       0
       0
       0
       0
       0
       0
       0
       0
       0
       0
       0
       0
       0
       0
       0
       0
       0
       0
       0
       0
       0
       0
       0
       0
       0
       0
       0
       0
       0
       0
       0
       0
       0
       0
       0
       0
       0
       0
       0
       0
       0
       0
       0
       0
       0
       0
       0
       0
       0
       0
       0
       0
       0
       0
       0
       0
       0
       0
       0
       1
       0
       1
       0
       0
       0
       0
       0
       0
       0
       1
       0
       0
       0
       0
       0
       0
       0
       0
       0
       0
       0
       0
       0
       0
       0
       0
       0
       0
       0
       0
       0
       0
       1
       0
       0
       2
       0
       0
       1
       0
       0
       0
       0
       0
       0
       0
       0
       0
       0
       0
       0
       0
       0
       0
       0
       0
       0
       0
       0
       0
       0
       0
       0
       0
       0
       0
       0
       0
       0
       0
       0
       0
       0
       0
       0
       0
       0
       0
       0
       0
       0
       0
       0
       0
       0
       0
       0
       0
       0
       0
       0
       0
       0
       0
       0
       0
       0
       0
       0
       0
       0
       0
       0
       0
       0
       0
       0
       0
       0
       0
       0
       0
       0
       0
       0
       0
       0
       0
       0
       0
       0
       0
       0
       0
       0
       0
       0
       0
       0
       0
       0
       0
       0
       0
       0
       0
       0
       1
       0
       0
       1
       0
       0
       0
       0
       0
       0
       0
       0
       0
       0
       0
       0
       0
       0
       0
       0
       0
       0
       0
       0
       0
       0
       0
       0
       0
       0
       0
       0
       0
       0
       0
       1
       0
       0
       0
       0
       0
       0
       0
       0
       0
       0
       0
       0
       0
       0
       0
       0
       0
       0
       0
       0
       0
       0
       0
       0
       0
       0
       0
       0
       0
       0
       0
       0
       0
       0
       0
       0
       0
       0
       0
       0
       0
       0
       0
       0
       0
       0
       0
       0
       0
       0
       0
       0
       0
       0
       0
       0
       0
       0
       0
       0
       0
       0
       0
       0
       0
       0
       0
       0
       0
       0
       0
       0
       0
       0
       0
       0
       0
       0
       0
       1
       0
       0
       1
       0
       0
       0
       0
       0
       0
       0
       0
       0
       0
       0
       0
       0
       2
       1
       5
       3
       3
       2
       0
       1
       0
       0
       0
       0
       0
       0
       0
       0
       0
       0
       0
       0
       0
       0
       0
       0
       0
       0
       0
       0
       0
       0
       0
       0
       0
       0
       1
       0
       0
       0
       0
       0
       0
       0
       0
       0
       0
       0
       0
       0
       0
       0
       0
       0
       0
       0
       0
       0
       0
       0
       0
       0
       0
       0
       0
       0
       0
       0
       0
       0
       0
       0
       0
       0
       0
       0
       0
       0
       0
       0
       0
       0
       0
       0
       0
       0
       0
       0
       0
       0
       0
       0
       0
       0
       0
       0
       0
       0
       0
       0
       0
       0
       0
       0
       0
       0
       0
       0
       0
       0
       0
       0
       0
       0
       0
       0
       0
       0
       0
       0
       0
       0
       0
       0
       0
       0
       0
       0
       0
       0
       0
       0
       0
       0
       0
       0
       0
       0
       0
       0
       0
       0
       0
       0
       0
       0
       0
       0
       0
       0
       0
       0
       0
       0
       0
       0
       0
       0
       0
       0
       0
       0
       0
       0
       0
       0
       0
       0
       0
       0
       0
       0
       0
       0
       0
       0
       0
       0
       0
       0
       0
       0
       0
       0
       0
       0
       0
       0
       0
       0
       0
       0
       0
       0
       0
       0
       0
       0
       0
       0
       0
       0
       0
       0
       0
       0
       0
       0
       1
       0
       0
       0
       0
       0
       0
       0
       0
       0
       0
       0
       0
       0
       0
       0
       0
       0
       0
       0
       0
       0
       0
       0
       0
       0
       0
       0
       0
       0
       0
       0
       0
       0
       0
       0
       0
       0
       0
       0
       0
       0
       0
       0
       0
       0
       0
       0
       0
       0
       0
       0
       0
       0
       0
       0
       0
       0
       0
       0
       0
       0
       0
       0
       0
       0
       0
       0
       0
       0
       0
       0
       0
       0
       0
       0
       0
       0
       0
       0
       0
       0
       0
       0
       0
       0
       0
       0
       0
       0
       0
       0
       0
       0
       0
       0
       0
       0
       0
       0
       0
       0
       0
       0
       0
       0
       0
       0
       0
       0
       0
       0
       0
       1
       0
       0
       0
       0
       0
       0
       0
       0
       0
       0
       0
       0
       0
       0
       0
       0
       0
       0
       0
       0
       0
       0
       0
       0
       0
       0
       0
       0
       0
       0
       0
       0
       0
       0
       0
       0
       0
       0
       0
       0
       0
       0
       0
       0
       0
       0
       0
       0
       0
       0
       0
       0
       0
       0
       0
       0
       0
       0
       0
       0
       0
       0
       0
       0
       0
       0
       0
       0
       0
       0
       0
       0
       0
       0
       0
       0
       0
       0
       0
       0
       0
       0
       0
       0
       0
       0
       0
       0
       0
       0
       1
       0
       0
       0
       0
       0
       0
       0
       0
       0
       0
       0
       0
       0
       0
       0
       0
       0
       0
       0
       0
       0
       0
       0
       0
       0
       0
       0
       0
       0
       0
       0
       1
       0
       0
       0
       0
       0
       0
       0
       0
       0
       0
       0
       0
       0
       0
       0
       0
       0
       0
       0
       0
       0
       0
       0
       0
       0
       0
       0
       0
       0
       0
       0
       0
       0
       0
       0
       0
       0
       0
       0
       0
       0
       0
       0
       0
       0
       0
       0
       0
       0
       0
       0
       0
       0
       0
       0
       0
       0
       0
       0
       0
       0
       0
       0
       0
       0
       0
       0
       0
       0
       0
       0
       0
       0
       0
       0
       0
       0
       0
       0
       0
       0
       0
       0
       0
       0
       0
       0
       0
       0
       0
       0
       0
       0
       0
       0
       0
       0
       0
       0
       0
       0
       0
       0
       0
       0
       0
       0
       0
       0
       0
       0
       0
       0
       0
       0
       0
       0
       0
       0
       0
       0
       0
       0
       0
       0
       0
       0
       0
       0
       0
       0
       0
       0
       0
       0
       0
       0
       0
       0
       0
       0
       0
       0
       0
       0
       0
       0
       0
       0
       0
       0
       0
       0
       0
       0
       0
       0
       0
       0
       0
       0
       0
       0
       0
       0
       0
       0
       0
       0
       0
       0
       0
       0
       0
       0
       0
       0
       0
       0
       0
       0
       0
       0
       0
       0
       0
       0
       0
       0
       0
       0
       0
       0
       0
       0
       0
       0
       0
       0
       0
       0
       0
       1
       0
       0
       0
       0
       0
       0
       0
       0
       0
       0
       0
       0
       0
       0
       0
       0
       0
       0
       0
       0
       0
       0
       0
       0
       0
       0
       0
       0
       0
       0
       0
       0
       0
       0
       0
       0
       0
       0
       0
       0
       0
       0
       0
       0
       0
       0
       0
       0
       0
       0
       0
       0
       0
       0
       0
       0
       0
       0
       0
       0
       0
       0
       0
       0
       0
       0
       0
       0
       0
       0
       0
       0
       1
       0
       0
       0
       0
       0
       0
       0
       0
       0
       0
       0
       0
       0
       0
       0
       0
       0
       0
       0
       0
       0
       0
       0
       0
       0
       0
       0
       0
       0
       0
       0
       0
       0
       0
       0
       0
       0
       0
       0
       0
       0
       0
       0
       0
       0
       0
       0
       0
       0
       0
       0
       0
       0
       0
       0
       0
       0
       0
       0
       0
       0
       0
       0
       0
       0
       0
       0
       0
       0
       0
       0
       0
       0
       0
       0
       0
       0
       0
       0
       0
       0
       0
       0
       0
       0
       0
       0
       0
       0
       0
       0
       0
       0
       0
       0
       0
       0
       0
       0
       0
       0
       0
       0
       0
       0
       0
       0
       0
       0
       0
       0
       0
       0
       0
       0
       0
       0
       0
       0
       0
       0
       0
       0
       0
       0
       0
       0
       0
       0
       0
       0
       0
       0
       0
       0
       0
       0
       0
       0
       0
       0
       0
       0
       0
       0
       0
       0
       0
       0
       0
       0
       0
       0
       0
       0
       0
       0
       0
       0
       0
       0
       0
       0
       0
       0
       0
       0
       0
       0
       0
       0
       0
       0
       0
       0
       0
       0
       0
       0
       0
       0
       0
       0
       0
       0
       0
       0
       0
       0
       0
       0
       0
       0
       1
       0
       1
       0
       0
       0
       0
       0
       0
       0
       0
       0
       0
       0
       0
       0
       0
       0
       0
       0
       0
       0
       0
       0
       0
       0
       0
       0
       0
       0
       0
       0
       0
       0
       0
       0
       0
       0
       0
       0
       0
       0
       0
       0
       0
       0
       0
       0
       0
       0
       0
       0
       0
       0
       0
       0
       0
       0
       0
       0
       0
       0
       0
       0
       0
       0
       0
       0
       0
       0
       0
       0
       0
       0
       0
       0
       0
       0
       0
       0
       0
       0
       0
       0
       0
       0
       0
       0
       0
       0
       0
       0
       0
       0
       0
       0
       0
       0
       0
       0
       0
       0
       0
       0
       0
       0
       0
       0
       0
       0
       0
       0
       0
       0
       0
       0
       0
       0
       0
       0
       0
       0
       0
       0
       0
       0
       0
       0
       0
       0
       0
       0
       0
       0
       0
       0
       0
       0
       0
       0
       0
       0
       0
       0
       0
       0
       0
       0
       0
       0
       0
       0
       0
       0
       0
       0
       0
       0
       0
       0
       0
       0
       0
       0
       0
       0
       0
       0
       0
       0
       0
       0
       0
       0
       0
       0
       0
       0
       0
       0
       0
       0
       0
       0
       0
       0
       0
       0
       0
       0
       0
       0
       0
       0
       0
       0
       0
       0
       0
       0
       0
       0
       0
       0
       0
       0
       0
       0
       0
       0
       0
       0
       0
       0
       0
       0
       0
       0
       0
       0
       0
       0
       0
       0
       0
       0
       0
       0
       0
       0
       0
       0
       0
       0
       0
       0
       0
       0
       0
       0
       0
       0
       0
       0
       0
       0
       0
       0
       0
       0
       0
       0
       0
       0
       0
       0
       0
       1
       0
       0
       0
       0
       0
       0
       0
       0
       0
       0
       0
       0
       0
       0
       0
       0
       0
       0
       0
       0
       0
       0
       0
       0
       0
       0
       0
       0
       0
       0
       0
       0
       0
       0
       0
       0
       0
       0
       0
       0
       0
       0
       0
       0
       0
       0
       0
       0
       0
       0
       0
       0
       0
       0
       0
       0
       0
       0
       0
       0
       0
       0
       0
       0
       0
       0
       0
       0
       0
       0
       0
       0
       0
       0
       0
       0
       0
       0
       0
       0
       0
       0
       0
       0
       0
       0
       0
       0
       0
       0
       0
       0
       0
       0
       0
       0
       0
       0
       0
       0
       0
       0
       0
       0
       0
       0
       0
       0
       0
       0
       0
       0
       0
       0
       0
       0
       0
       0
       0
       0
       0
       0
       0
       0
       0
       0
       0
       0
       0
       0
       0
       0
       0
       0
       0
       0
       0
       0
       0
       0
       0
       0
       0
       0
       0
       0
       0
       0
       0
       0
       0
       0
       0
       0
       0
       0
       0
       0
       0
       0
       0
       0
       0
       0
       0
       0
       0
       0
       0
       0
       0
       0
       0
       0
       0
       0
       0
       0
       0
       0
       0
       0
       0
       0
       0
       0
       0
       0
       0
       0
       0
       0
       0
       0
       0
       0
       0
       0
       0
       0
       0
       0
       0
       0
       0
       0
       0
       0
       0
       0
       0
       0
       0
       0
       0
       0
       0
       0
       0
       0
       0
       0
       0
       0
       0
       0
       0
       0
       0
       0
       0
       0
       0
       0
       0
       0
       0
       0
       0
       0
       0
       0
       0
       0
       0
       0
       0
       0
       0
       0
       0
       0
       0
       0
       0
       0
       0
       0
       0
       0
       0
       0
       0
       0
       0
       0
       0
       0
       0
       0
       0
       0
       0
       0
       0
       0
       0
       0
       0
       0
       0
       0
       0
       0
       0
       0
       0
       0
       0
       0
       0
       0
       0
       0
       0
       0
       0
       0
       0
       0
       0
       0
       0
       0
       0
       0
       0
       0
       0
       0
       0
       0
       0
       0
       0
       0
       0
       0
       0
       0
       0
       0
       0
       0
       0
       0
       0
       0
       0
       0
       0
       0
$ROI:
0
$PRESETS:
Real Time
180
0
$ENER_FIT:
0.888569 0.390988
$MCA_CAL:
3
8.885689E-001 3.909876E-001 3.191953E-008 keV
$SHAPE_CAL:
3
0.000000E+000 0.000000E+000 0.000000E+000
