$SPEC_ID:
1
$SPEC_REM:
DET# 2
DETDESC# MCB 130 Normal
AP# Maestro Version 7.01
$DATE_MEA:
10/03/2019 13:28:03
$MEAS_TIM:
172 180
$DATA:
0 8191
       0
       0
       0
       0
       0
       0
       0
       0
       0
       0
       0
       0
       0
       0
       0
       0
       0
       0
       0
       0
       0
       0
       0
       0
       0
       0
      38
    1306
     424
     214
     287
     398
     470
     408
     306
     327
     358
     374
     441
     548
     529
     509
     428
     403
     375
     355
     293
     275
     313
     383
     330
     298
     267
     220
     241
     245
     222
     240
     284
     284
     275
     261
     248
     281
     336
     279
     286
     345
     426
     611
     964
     961
     713
     528
     512
     582
     684
     758
     601
     428
     487
     477
     411
     363
     338
     341
     438
     651
    1258
    1869
    1918
    1148
     513
     275
     291
     322
     350
     383
     376
     319
     424
     598
     781
     605
     477
     396
     320
     255
     244
     278
     255
     236
     266
     296
     244
     248
     256
     269
     268
     245
     264
     263
     267
     296
     395
     539
     456
     296
     255
     267
     251
     277
     257
     260
     233
     272
     224
     243
     236
     240
     252
     254
     263
     422
     719
     863
     607
     297
     226
     236
     239
     270
     252
     216
     259
     224
     269
     266
     224
     250
     257
     251
     246
     263
     262
     240
     259
     272
     246
     234
     259
     277
     258
     247
     259
     273
     290
     280
     266
     275
     262
     254
     281
     291
     300
     320
     282
     279
     286
     366
     367
     342
     281
     287
     290
     287
     292
     294
     285
     297
     302
     281
     295
     366
     526
     764
     747
     474
     314
     306
     314
     292
     314
     309
     320
     357
     301
     283
     288
     305
     290
     325
     304
     291
     285
     283
     281
     293
     295
     314
     349
     448
     396
     344
     303
     291
     325
     341
     335
     409
     545
     541
     419
     313
     337
     317
     319
     279
     359
     513
     643
     576
     410
     321
     346
     294
     298
     308
     274
     324
     362
     342
     342
     314
     305
     280
     287
     328
     304
     307
     309
     281
     302
     262
     288
     298
     297
     300
     291
     325
     338
     352
     385
     407
     437
     385
     316
     305
     309
     285
     314
     339
     293
     313
     299
     327
     301
     329
     310
     302
     275
     304
     336
     305
     299
     295
     310
     273
     270
     291
     300
     293
     297
     322
     291
     279
     300
     304
     284
     304
     279
     290
     301
     299
     300
     257
     280
     291
     317
     285
     275
     307
     269
     286
     303
     274
     269
     271
     287
     284
     291
     273
     267
     279
     301
     279
     250
     266
     266
     292
     282
     265
     272
     272
     269
     358
     831
    2126
    3159
    2255
     929
     350
     271
     237
     224
     240
     259
     221
     253
     329
     369
     408
     329
     262
     224
     249
     262
     239
     254
     260
     264
     281
     308
     277
     290
     319
     316
     278
     247
     231
     196
     210
     230
     211
     239
     195
     208
     221
     200
     219
     224
     236
     227
     247
     249
     245
     214
     210
     216
     208
     205
     238
     199
     229
     226
     259
     252
     216
     237
     186
     207
     235
     207
     220
     214
     212
     223
     225
     216
     239
     209
     167
     236
     179
     212
     215
     226
     238
     208
     211
     221
     205
     218
     198
     203
     208
     208
     191
     199
     177
     203
     210
     212
     225
     203
     183
     228
     217
     193
     216
     242
     332
     358
     339
     255
     225
     206
     221
     211
     192
     206
     187
     199
     203
     206
     195
     186
     213
     241
     188
     190
     177
     213
     189
     193
     197
     213
     213
     203
     199
     198
     191
     203
     207
     179
     183
     193
     173
     193
     176
     205
     172
     197
     187
     186
     192
     184
     184
     195
     188
     197
     218
     198
     181
     180
     189
     193
     214
     193
     174
     182
     197
     182
     184
     175
     195
     179
     195
     180
     175
     201
     177
     173
     165
     192
     190
     167
     166
     209
     165
     175
     178
     167
     182
     194
     189
     167
     176
     183
     179
     188
     185
     176
     146
     167
     152
     167
     167
     169
     181
     178
     174
     184
     217
     195
     151
     175
     150
     170
     164
     163
     154
     158
     133
     153
     172
     159
     167
     154
     151
     205
     528
    1092
    1430
    1128
     539
     239
     164
     156
     170
     187
     231
     235
     192
     162
     179
     162
     162
     150
     164
     142
     138
     171
     142
     162
     127
     125
     139
     180
     177
     190
     163
     152
     156
     182
     171
     167
     146
     144
     155
     148
     137
     145
     151
     143
     149
     131
     145
     126
     165
     135
     131
     138
     165
     174
     380
    1354
    3042
    4247
    3167
    1330
     432
     170
     124
     127
     159
     117
     141
     147
     182
     180
     164
     135
     142
     141
     136
     124
     116
     150
     138
     140
     134
     121
     149
     141
     116
     134
     158
     153
     135
     146
     138
     168
     146
     142
     119
     126
     114
     117
     128
     192
     281
     288
     253
     154
     123
     116
     149
      95
     122
     121
     136
     109
     109
     114
     124
     119
     147
     124
     124
     144
     149
     142
     137
     148
     133
     133
     128
     121
     121
     119
     100
     120
     122
      96
      91
     114
     136
     120
     118
     121
     132
     127
     100
     131
     137
     128
     140
     149
     142
     129
     122
     116
     113
     117
     138
     124
     140
     123
     128
     121
     132
     127
     101
     136
     139
     152
     334
     694
    1127
    1115
     639
     267
     139
     122
     130
     123
     129
     118
     113
     104
     113
     133
     140
     144
     115
     109
     133
     122
     103
     108
     111
     130
     108
     104
     107
     117
     115
     136
     151
     118
     145
     155
     162
     142
     104
     113
     103
     134
     123
     121
     141
     125
     124
     102
     113
     115
     113
     112
     115
     106
     123
     133
     118
     103
     123
     114
     123
     125
     133
     121
     106
     104
      93
     121
     152
     144
     164
     122
     107
     106
     115
     117
     102
     109
     125
     112
     110
     109
     100
     128
     105
     103
     127
     103
      90
     108
     105
     100
     124
     128
     119
     124
     114
     103
      93
     121
      92
     105
      94
     125
     124
     111
     108
     122
     119
      90
     119
      95
     101
     114
     111
      98
     110
     130
     119
     108
     118
     114
     131
     136
     110
     114
     118
     110
      89
     109
     110
     104
      90
     112
     111
     116
     105
     103
      99
     106
     113
     116
     118
      97
      98
     104
     108
     113
     138
     185
     163
     149
     158
     127
     116
     111
     107
      95
     104
     126
     121
     139
     133
     165
     110
      99
      94
      89
      98
      85
      96
      97
     101
      95
     108
      98
      78
     113
     102
     101
      84
      85
      97
     162
     242
     294
     236
     170
     109
     114
     103
      90
      76
      83
      82
      85
     100
      79
      84
      76
      96
      91
      75
      75
      84
      83
      88
      87
      93
      81
      94
      84
      81
      91
      86
      90
      88
      92
      82
      93
      87
      87
      81
      81
      83
      95
      96
      88
      81
      93
      75
      74
      78
      74
      92
      87
      72
      76
      78
      73
      88
      91
      85
      83
      75
      82
      77
      84
      84
      62
      94
      76
      74
      78
      80
      89
      91
      78
      93
     102
      70
      79
      86
      85
      78
      66
      71
      87
      74
      78
      64
      77
      68
      78
      77
      79
      72
      78
      81
      70
      74
      67
      85
      95
      82
      86
      90
      78
      69
      86
      87
      75
      78
      92
      76
      85
      91
      87
      84
      76
      76
      87
      82
      74
      78
      76
      69
      74
      77
      90
      79
      67
      72
      94
      75
      79
      73
      86
      81
      96
      96
     114
      92
      83
      77
      76
      68
      74
      69
      65
      87
      75
      81
      97
      73
      96
      85
      93
      71
      74
      80
      75
      88
      53
      82
      70
      64
      75
      77
      56
      67
      68
      70
      72
      67
      83
      70
      74
      69
      89
      88
      78
      73
      68
      61
      78
      89
      79
      74
      64
      81
      76
      74
      80
      83
      82
      73
      68
      79
      95
      71
      80
      68
      79
      71
      75
      76
      77
      66
      65
      64
      84
      81
      83
      83
      86
      77
      94
      81
      83
      90
      78
      97
      72
     101
      61
      66
      80
      79
      78
      93
      72
      78
      79
      61
      84
      70
      85
      92
      70
      64
      70
      75
      72
      69
      62
      81
      87
      75
      77
      75
      77
      68
      82
      70
      58
      62
      95
      86
      68
      74
      75
      74
      72
      69
      66
      80
      84
      90
      66
      78
      84
      89
      88
      66
      84
      77
      76
      81
      72
      73
      67
      70
      73
      72
      74
      76
      64
      70
      74
      79
      70
      60
      66
      64
      77
      72
      74
      69
      65
      65
      66
      67
      71
      70
      79
      63
      61
      74
      76
      59
      54
      64
      60
      57
      82
      84
      88
     112
     115
      84
      82
      66
      67
      71
      68
      82
      96
      85
      93
      64
      63
      58
      49
      59
      61
      52
      62
      73
      56
      71
      75
      69
      82
     105
      93
     104
      72
      70
      48
      53
      59
      63
      53
      65
      62
      67
      54
      52
      58
      56
      57
      63
      56
      75
      81
      80
      98
      83
     100
     109
     127
     150
     108
      83
      64
      59
      71
      83
     106
     100
      67
      70
      63
      70
      71
      65
      63
      70
      57
      50
      65
      66
      44
      59
      67
      60
      57
      48
      64
      50
      55
      52
      70
      54
      53
      54
      77
      91
     118
     164
     122
     104
      69
      45
      59
      63
      69
      87
     121
     123
     129
     104
      70
     101
     134
     411
     834
    1381
    1455
     974
     475
     184
      84
      64
      45
      63
      45
      65
      55
      55
      56
      46
      54
      51
      69
      91
     103
     106
      87
      84
      58
      49
      55
      58
      60
      57
      56
      65
      59
      50
      55
      56
      46
      60
      37
      67
      52
      54
      64
      79
     119
     100
      78
      66
      77
      53
      48
      57
      49
      57
      52
      67
      53
      43
      50
      46
      57
      50
      53
      50
     107
     218
     442
     633
     590
     381
     195
     101
      42
      49
      43
      34
      43
      43
      39
      47
      57
      47
      43
      54
      55
      31
      44
      41
      42
      49
      31
      52
      40
      51
      46
      39
      38
      48
      30
      45
      42
      58
      41
      46
      48
      37
      32
      37
      38
      38
      43
      39
      33
      42
      37
      41
      50
      36
      43
      46
      47
      36
      42
      39
      33
      35
      43
      40
      34
      36
      38
      40
      33
      53
      39
      41
      47
      49
      31
      44
      41
      40
      41
      30
      29
      37
      33
      47
      48
      41
      36
      30
      42
      44
      41
      37
      35
      29
      40
      36
      42
      33
      37
      32
      34
      32
      35
      39
      38
      25
      30
      31
      22
      37
      30
      44
      33
      32
      40
      22
      31
      44
      32
      39
      33
      52
      34
      57
      54
      51
      38
      44
      49
      46
      40
      43
      37
      30
      30
      41
      62
      59
     110
      57
      65
      59
      47
      43
      37
      38
      37
      41
      41
      36
      32
      25
      29
      43
      28
      28
      27
      23
      41
      34
      30
      32
      47
      43
      41
      31
      39
      53
      49
      60
      55
      47
      49
      28
      27
      33
      26
      23
      35
      32
      32
      44
      19
      28
      30
      27
      23
      32
      35
      32
      40
      25
      56
      69
      90
      94
      75
      57
      44
      32
      27
      34
      24
      43
      23
      25
      26
      30
      39
      38
      31
      45
      40
      37
      32
      27
      22
      35
      40
      27
      29
      29
      35
      33
      27
      28
      24
      23
      21
      29
      31
      27
      36
      30
      39
      23
      33
      27
      27
      25
      27
      31
      42
      18
      31
      31
      40
      42
      46
      47
      41
      77
     102
     123
      99
      62
      34
      28
      26
      35
      32
      31
      80
     211
     476
     954
    1175
    1043
     641
     257
      73
      40
      24
      19
      23
      20
      31
      35
      21
      26
      48
      71
      68
      74
      76
      57
      53
      39
     160
     287
     445
     421
     301
     189
      75
      39
      54
      34
      45
      33
      34
      39
      37
      32
      27
      26
      23
      26
      16
      25
      27
      22
      39
      32
      21
      26
      15
      24
      20
      20
      32
      31
      36
      31
      33
      31
      28
      23
      29
      16
      23
      18
      26
      20
      16
      25
      30
      22
      22
      21
      16
      14
      17
      23
      24
      26
      21
      26
      28
      23
      32
      25
      24
      25
      16
      24
      19
      18
      26
      24
      22
      24
      26
      24
      24
      20
      14
      21
      22
      14
      22
      21
      20
      26
      24
      29
      14
      13
      29
      20
      11
      24
      34
      26
      32
      34
      22
      24
      24
      33
      42
      38
      30
      24
      19
      30
      22
      18
      28
      29
      16
      17
      17
      24
      19
      21
      29
      24
      23
      16
      12
      21
      22
      21
      24
      30
      28
      15
      18
      14
      20
      24
      30
      23
      14
      17
      19
      34
      57
      66
      58
      57
      33
      37
      38
      37
      55
      30
      41
      31
      29
      42
      46
      52
      47
      34
      27
      25
      25
      30
      20
      22
      28
      15
      26
      24
      22
      27
      33
      13
      18
      17
      17
      20
      19
      22
      18
      23
      28
      25
      21
      22
      45
      80
      84
      83
      62
      41
      27
      27
      47
     124
     349
     620
     838
     848
     590
     288
     117
      35
      14
      22
      15
      20
      15
      24
      21
      35
      60
     112
     168
     160
     131
      83
      40
      37
      30
      31
      19
      17
      21
      21
      20
       7
      22
      29
      26
      22
      34
      35
      36
      34
      25
      22
      13
      16
      21
      23
      20
      17
      23
      26
      25
      16
      27
      22
      22
      18
      16
      34
      20
      20
      30
      26
      22
      20
      27
      19
      27
      26
      21
      20
      19
      19
      16
      21
      56
     115
     203
     299
     286
     220
     144
      62
      49
      23
      16
      16
      13
       9
      20
      23
      33
      54
      33
      25
      21
      25
      16
      12
      20
      18
      30
      19
      29
      22
      19
      28
      19
      17
      16
      16
      17
      19
      19
      20
      15
      13
      12
      18
      15
      14
      11
      12
      22
      12
      15
      20
      21
      18
      34
      24
      19
      25
      16
      20
      24
      16
      19
      23
      21
      21
      19
      17
      11
      22
      16
      25
      16
      17
      18
      17
      17
      17
      20
      12
      19
       8
      18
      13
      18
      19
      17
      24
      12
      12
      24
      24
      17
      26
      13
      21
      15
      21
      24
      28
      34
      20
      28
      27
      36
      30
      34
      38
      22
      21
      13
      28
      27
      21
      31
      27
      19
      26
      12
      23
      19
       8
      16
      15
      17
      23
      21
      12
      10
      12
      15
      16
      21
      22
      19
      15
      24
      15
      17
      12
      17
      20
      14
      17
      13
      23
      19
      10
      22
      23
       9
      15
      25
      23
      16
      13
      18
      12
      10
      11
      16
      15
      19
      25
      19
      23
      35
      36
      34
      31
      22
      17
      20
      13
      13
      10
      22
      15
      10
      12
      12
      15
      12
      16
      23
      22
      20
      13
      10
      10
       9
      13
      13
      14
       9
      20
      11
      14
       9
      11
      19
      11
      19
      18
      16
      21
      23
      36
      19
      25
      17
      14
      20
      17
      21
      23
      12
      16
      28
      30
      18
      23
      14
      20
      11
      16
      14
      13
       6
      15
      11
      18
      14
      14
      19
      14
      20
      20
      16
      12
      20
      13
      12
       9
      17
      19
       9
      21
      18
      11
      17
      11
      11
      17
      12
      13
      22
      11
       9
      12
       8
      12
      11
      18
      29
      47
      60
      63
      45
      23
      34
      20
      20
      17
      11
      28
      24
      32
      22
      25
      17
      17
      14
      15
      11
       7
      16
      19
      13
      12
      11
       8
      14
      17
       9
      11
      18
      15
      12
       7
      18
      16
      19
      16
      21
      12
      12
      16
      14
      12
      15
      11
      16
      14
       8
      10
      18
      13
      12
      14
       8
      16
      18
      14
      11
      13
      12
      13
      13
      13
      10
      15
      16
      13
       9
      11
       7
      21
      18
      11
      12
      18
      11
      16
       8
      12
       9
       8
      13
      20
       9
      10
      14
      22
      25
      19
      20
      21
      24
      12
      17
      13
       8
      15
       9
      11
      14
      11
      12
      13
      16
      13
      14
      18
      11
      13
      14
      15
      12
      11
      13
      23
      12
      10
      15
      14
       7
      17
      17
      11
      15
      10
       9
      18
      27
      40
      33
      24
      26
      21
      20
      15
      11
      10
      10
       9
      12
      14
      11
       8
      15
      12
      16
      15
      11
      20
      26
      29
      40
      26
      30
      15
       9
      11
       9
      17
      11
      10
      11
      15
       6
       6
      10
      14
       8
       7
      12
      12
      15
       8
      13
      11
      10
      11
       8
      16
      15
      16
      14
      20
      26
      10
      20
      14
      11
      10
      11
      12
      14
      10
      15
      14
      11
      11
       8
      10
      17
      31
      46
      57
      59
      52
      34
      25
      13
       7
      13
      16
       6
      12
       9
      13
       8
      16
       8
      10
      13
      15
      10
      20
      19
      15
       8
      14
       8
      12
      12
      20
      17
      17
      24
       9
      17
      16
      12
      12
      18
      10
      15
      13
      11
      17
      17
      17
      12
      18
      19
      13
      15
       9
      10
      17
       9
      15
      10
      11
       8
      11
       7
       6
      10
       6
      12
       9
      10
       9
      16
      12
      15
      10
      11
       5
      11
       7
      13
       8
      12
      14
      14
      14
       9
      14
       9
      10
       8
      16
      11
      10
       8
       8
      10
      12
      11
      10
      12
      14
      12
      16
       7
      15
       7
       9
      12
       9
       8
       9
      11
      12
       5
       9
      15
       5
       9
      18
      14
      15
      11
      11
      16
      10
      13
      11
       5
      12
      13
       7
       9
       5
      13
       6
      13
      10
       7
       6
      14
      10
      13
       9
      12
      12
       7
       7
       8
      11
      13
      11
       8
       7
      16
       6
      10
      10
      11
       9
      13
      12
       6
       9
       7
       9
      12
      10
      14
      20
      11
       9
      16
      13
      17
      19
      16
      13
      13
      16
      47
      41
     103
     149
     184
     138
     115
      57
      28
      16
      11
       3
      13
      13
       6
      10
      10
       8
       9
      12
      11
       7
      11
       8
       8
       6
       8
      20
      13
      12
      12
       9
      10
      10
       9
      13
       9
      19
      14
      28
      28
      33
      34
      25
      15
      11
       6
      13
       9
      11
      10
      11
       8
       6
      13
       9
      13
      10
       8
      10
      12
       8
       9
       5
       8
       9
      14
       6
      11
      11
       9
      11
       7
      12
       8
      12
      10
      15
      12
      12
       4
      11
      11
       9
       8
      14
       7
      13
      10
      12
       9
       8
      10
       9
       9
       8
       6
       7
       5
       6
       5
       8
       8
       6
       6
      15
      11
       7
       6
       9
       8
      14
      14
      11
       7
      13
       9
      14
       4
      14
       3
      12
       6
      13
       7
      15
       8
       8
      16
       9
       6
       4
      12
       8
       8
      18
      10
       8
       4
      10
      11
      10
       4
       8
      15
      10
       8
       9
       7
       7
       8
       9
       6
      12
      10
      13
      10
      11
       6
       4
       7
       7
       5
      10
       9
       8
      10
       8
       6
       9
       3
      13
      15
       5
      10
      17
       6
       6
       9
       8
       6
       7
      10
       6
       4
       4
      15
      12
      12
      11
       7
       9
       8
       5
       5
       7
      11
       3
      10
      10
      13
      19
      14
      12
       8
      10
       7
       9
       7
       7
      13
       7
       4
       6
      11
       5
       5
       9
       3
      13
       4
       5
      10
      10
       9
       9
       9
       7
       6
      15
      14
      12
      10
       8
       8
       7
       4
       6
       9
       3
       8
      13
       6
      12
       9
       6
       9
       9
      13
      16
      17
      12
      19
       9
      11
      10
       7
      11
      18
      15
      13
      10
      12
      19
      16
       9
       8
       9
       5
      12
      12
       5
      11
       3
       8
      15
      25
      50
      57
      63
      46
      37
      24
      12
       6
       8
       7
      15
      11
      11
      19
      13
       9
       5
       3
       7
       9
       7
       5
       7
       7
       6
       9
       9
       8
       7
       9
       9
      10
      16
       7
      13
       8
       2
      12
       7
       7
      15
      10
      18
      25
      29
      22
      14
      12
       8
      10
      13
       9
      11
       6
      11
       7
       3
       7
       7
       9
       5
       8
       7
       7
       4
       6
       5
       5
       6
       9
       9
       7
      10
       6
      12
       5
       3
      11
       6
       6
      10
       9
       9
       8
       4
       4
       6
       8
       5
       9
       5
       4
       5
       5
       8
       4
       8
       8
      15
      15
      10
       8
      11
      10
       6
      12
      13
      14
       9
      16
      11
       6
      10
       7
       6
       4
      10
       7
       4
       8
      12
      10
       5
       5
       9
      11
       6
      10
       7
       2
       9
       7
       7
       7
       9
      10
       6
       7
      10
      13
       7
       6
      14
       7
       4
      10
       8
       5
       8
       9
      10
       4
       8
       5
       7
       5
       5
       2
      11
      10
       7
       4
       6
       5
       8
       4
       7
       3
       6
       3
       9
       9
       6
       7
       8
       7
       5
       6
       3
       8
      13
      11
       7
       8
       9
       9
       5
       7
       4
       8
       6
       5
       7
       9
       6
      14
      10
      13
       6
       7
      10
       3
       3
       7
       4
       9
       9
       9
       3
       9
       6
       6
       6
       9
       4
       3
       7
       1
       8
       6
       8
       3
       7
       7
       9
       4
       3
       8
       6
       4
      10
       7
      11
      10
       5
       7
       6
      14
       5
       6
       9
       9
       8
       5
       7
       7
       6
       8
       3
       6
       6
       9
      10
       7
       4
       6
       5
       7
       5
      14
       6
       8
       5
       7
       8
       5
       9
       8
      13
      10
      13
      10
      12
       8
       3
      11
      13
       6
       5
       8
       3
      12
      12
       9
       6
       4
       5
       6
       9
       5
       6
       8
       1
       4
       6
       4
       6
       6
       3
       5
      10
      10
       9
       2
       6
       6
       3
       4
       8
       4
       9
       6
       5
       4
       5
       4
       3
       7
       6
       9
       4
       5
       8
      11
       9
       6
       7
       9
      20
      32
      47
      62
      49
      71
      33
      26
       9
       5
       4
       5
       6
       5
       3
       4
       8
       3
       2
       4
       7
       5
       8
       8
       3
       5
       3
       7
       5
       6
       4
      11
       7
       7
      11
       4
       4
       7
       1
      10
       8
      13
       8
       4
      12
       6
       7
       7
       3
       5
       5
       4
       7
       8
       4
      12
      15
      12
       4
      11
       3
       6
       4
       8
       7
       5
       3
       7
       5
       6
       5
       8
       5
       5
       6
       4
       5
       5
       5
       8
       8
       3
       7
       4
      10
       4
       9
       4
       8
       4
       9
       7
       5
       7
       8
      12
       6
       8
      14
       8
      14
      18
      15
       7
      15
       8
       9
       5
       5
       6
       3
       7
       3
       5
       5
       4
      11
       3
       3
       4
       3
       7
       3
       3
       3
       1
       6
       8
       2
       6
       4
       5
       5
       6
       8
       5
       6
       4
       5
       5
       2
       2
       1
       2
       7
       8
       4
       9
       4
       5
       6
       5
       4
       4
       7
       1
       2
       0
       3
       4
      10
       5
       2
       3
       1
       7
       4
       5
       3
       3
       3
       6
       5
       8
       2
       4
       3
       2
       8
       8
       7
       3
       7
       4
       3
       1
       7
       4
      11
      12
       4
       6
       2
       7
       4
       6
       3
       2
       7
       5
       7
       4
       5
       4
       4
       7
       5
       4
       6
       6
       5
       4
       4
       6
       4
       3
       3
       2
       1
       2
       4
       5
       4
       2
       2
       7
       3
       6
       2
       4
       7
       5
       8
       6
       8
       8
       4
       1
       7
       6
       8
       5
       6
       4
       6
       1
       2
       4
       3
       5
       6
       4
       3
       8
       5
       4
       6
       8
       4
       5
       3
       7
       5
       9
       8
      10
      13
       6
       7
       9
       3
       4
       4
       5
       2
       6
       5
       5
       2
       4
       8
       6
       8
       4
       4
       7
       7
       6
       9
       6
       3
       5
      11
       8
       7
       3
       1
       7
       4
       5
       1
       7
       3
       5
       8
       7
       8
       7
       3
       7
       0
       5
       5
       4
       1
       1
       5
       4
       4
       7
       8
      11
       7
      10
       8
       1
       3
       8
       3
       8
       5
       3
       2
       7
       4
       5
       2
       4
       5
       5
       2
       3
       4
       5
       5
       4
       1
       6
       0
       4
       4
       6
       9
       6
       5
      12
      17
      10
      16
       8
       8
      12
       7
       5
       4
       3
       5
       5
       5
       3
       3
       4
       5
       5
       5
       4
      11
      13
       8
       4
       4
      10
       5
       1
       3
       5
       3
       8
       4
       9
       5
       5
       5
       4
       4
       5
       7
       8
       3
       4
       9
       3
       5
       3
       2
       2
       1
       5
       0
       3
       3
       4
       6
       1
       1
       1
       6
       4
       3
       2
       6
       5
       3
       8
       2
       2
       5
       6
       4
       4
       2
       2
       6
       5
       3
       2
       4
       3
       8
       3
       0
       5
       2
       6
       0
       1
       4
       6
       5
       3
       0
       4
       2
       1
       7
       1
       0
       6
       4
       2
       5
       3
       4
       3
       2
       1
       7
       4
       9
       3
       6
       6
       9
       6
       5
       3
       3
       7
       4
       1
       5
       3
       4
       4
       2
       6
       3
       6
       4
       5
       6
       5
       8
       3
       2
       7
       2
       4
       4
       7
       5
       2
       3
       4
       2
       6
      11
      11
      13
      18
      13
      11
      10
      10
       8
      21
      22
      26
      30
      10
      13
       9
       2
       4
       3
       7
       3
       3
       4
       3
       1
       2
       2
       4
       4
       4
       6
       2
       5
       2
       3
       4
       8
       6
       4
       2
       2
       2
       2
       7
       3
       1
       6
       1
       1
       4
       3
       1
       2
       3
       4
       3
       1
       3
       4
       7
       6
       4
       5
       1
       3
       5
       8
       2
       3
       7
       1
       2
       5
       1
       1
       2
       2
       2
       4
       3
       4
       1
       1
       2
       7
       3
       4
       2
       3
       2
       4
       1
       6
       4
       2
       5
       3
       3
       4
       2
       0
       4
       4
       4
       3
       3
       5
       2
       3
       5
       3
       3
       3
       4
       2
       2
       3
       6
      10
       5
       0
       3
       5
       5
       2
       3
       1
       4
       2
       2
       2
       2
       0
       5
       2
       4
       4
       6
       5
       4
       3
       6
       3
       2
       3
       3
       6
       3
       5
       5
       6
       2
       3
       2
       3
       2
       3
       0
       1
       3
       4
       5
       6
       2
       4
       2
       0
       3
       3
       4
       5
       2
       3
       2
       1
       5
       5
       2
       6
       5
       1
       3
       0
       3
       2
       2
       1
       3
       5
       6
       6
       4
       0
       1
       3
       4
       3
       0
       0
       1
       2
       2
       3
       6
       3
       2
       2
       3
       1
       2
       3
       3
       1
       5
       1
       3
       6
       2
       3
       1
       2
       4
       1
       3
       3
       2
       4
       1
       3
       3
       3
       8
       2
       2
       1
       2
       1
       3
       3
       4
       3
       2
       4
       2
       3
       3
       2
       3
       2
       2
       5
       3
       0
       2
       2
       2
       4
       4
       4
       7
       5
       2
       3
       2
       3
       3
       3
       3
       3
       2
       3
       0
       2
       0
       2
       0
       4
       3
       3
       5
       3
       6
       3
       4
       3
       2
       2
       1
       2
       3
       2
       0
       3
       2
       2
       4
       1
       1
       3
       4
       3
       2
       1
       1
       3
       0
       1
       2
       2
       2
       2
       0
       3
       6
       2
       4
       2
       1
       0
       4
       5
       0
       1
       4
       5
       0
       2
       7
       2
       2
       3
       2
       2
       2
       3
       4
       3
       1
       4
       1
       2
       1
       3
       3
       1
       3
       0
       4
       2
       1
       2
       3
       2
       4
       5
      18
      21
      28
      25
      22
      18
       5
       6
       1
       4
       3
       0
       2
       3
       1
       5
       4
       1
       2
       0
       2
       6
       3
       4
       1
       4
       3
       1
       2
       2
       1
       2
       4
       1
       2
       1
       3
       4
       0
       3
       1
       3
       0
       1
       2
       1
       0
       2
       5
       5
       5
       0
       1
       1
       2
       1
       3
       2
       2
       3
       2
       0
       3
       1
       2
       3
       3
       0
       2
       2
       2
       1
       2
       2
       1
       1
       0
       6
       4
       2
       1
       2
       1
       2
       1
       4
       4
       3
       4
       3
       3
       2
       5
       4
       0
       2
       3
       1
       4
       0
       1
       1
       3
       2
       2
       2
       1
       4
       2
       2
       0
       3
       1
       1
       2
       3
       6
       2
       1
       4
       0
       2
       0
       2
       2
       0
       2
       4
       3
       0
       4
       4
       1
       2
       2
       1
       5
       2
       1
       3
       3
       4
       0
       2
       2
       0
       3
       3
       4
       1
       3
       0
       0
       1
       1
       1
       1
       2
       3
       1
       4
       1
       2
       1
       1
       4
       0
       0
       4
       3
       1
       3
       2
       2
       5
       2
       0
       0
       2
       2
       2
       1
       1
       2
       0
       3
       2
       1
       3
       1
       1
       1
       1
       0
       2
       3
       4
       0
       2
       3
       2
       1
       4
       0
       1
       3
       1
       6
       4
      10
      11
      11
      17
      11
      13
      10
       5
       5
       1
       1
       2
       1
       4
       2
       1
       0
       1
       1
       0
       0
       2
       3
       0
       1
       0
       0
       2
       3
       2
       3
       0
       1
       3
       3
       0
       2
       0
       4
       4
       1
       3
       4
       1
       0
       2
       3
       3
       2
       1
       2
       2
       1
       1
       0
       2
       2
       1
       2
       1
       2
       0
       1
       2
       2
       3
       0
       0
       0
       0
       4
       4
       2
       1
       4
       5
       6
       8
       7
       3
       7
       2
       1
       1
       3
       2
       0
       1
       2
       0
       0
       1
       0
       1
       1
       1
       1
       1
       2
       1
       0
       3
       3
       5
       2
       2
       2
       2
       0
       2
       4
       1
       1
       1
       1
       7
       0
       4
       1
       1
       0
       0
       2
       3
       2
       1
       3
       1
       3
       1
       0
       0
       2
       4
       2
       2
       3
       4
       0
       0
       1
       2
       1
       1
       0
       0
       0
       2
       1
       2
       3
       1
       0
       2
       1
       3
       3
       1
       1
       1
       3
       2
       1
       1
       0
       2
       1
       2
       1
       2
       0
       2
       0
       5
       1
       1
       2
       1
       4
       1
       0
       0
       1
       2
       0
       1
       7
       2
       2
       4
       3
       3
       4
       1
       1
       2
       0
       1
       1
       1
       2
       3
       1
       2
       1
       0
       1
       2
       0
       1
       1
       0
       1
       1
       1
       1
       1
       1
       3
       1
       2
       3
       3
      11
       0
       4
       3
       0
       2
       3
       1
       3
       0
       2
       2
       1
       0
       0
       0
       1
       0
       0
       1
       1
       2
       1
       1
       1
       1
       2
       2
       1
       2
       0
       0
       2
       1
       2
       2
       1
       1
       2
       0
       3
       1
       2
       1
       4
       2
       3
       3
       0
       3
       2
       0
       1
       1
       0
       2
       2
       1
       0
       1
       0
       0
       1
       1
       2
       4
       0
      11
       9
       9
      12
       9
       6
       7
       8
       3
       0
       3
       0
       0
       0
       1
       4
       2
       2
       3
       2
       0
       2
       0
       1
       1
       3
       2
       2
       0
       0
       0
       2
       0
       0
       3
       0
       0
       0
       2
       2
       3
       1
       1
       1
       1
       1
       0
       3
       1
       1
       1
       0
       1
       3
       1
       0
       2
       2
       2
       0
       1
       2
       2
       0
       0
       4
       1
       0
       0
       2
       2
       0
       4
       0
       0
       2
       0
       1
       1
       2
       0
       1
       1
       0
       0
       1
       0
       1
       0
       3
       2
       0
       2
       1
       1
       0
       0
       3
       0
       1
       4
       1
       2
       1
       1
       2
       1
       1
       2
       1
       1
       0
       0
       1
       2
       1
       1
       3
       2
       0
       2
       0
       3
       2
       0
       2
       0
       1
       0
       0
       1
       3
       0
       1
       2
       0
       0
       1
       0
       0
       0
       1
       2
       0
       1
       1
       0
       0
       3
       0
       0
       1
       2
       0
       0
       2
       0
       2
       3
       1
       0
       2
       0
       1
       1
       2
       1
       1
       0
       0
       1
       0
       1
       1
       2
       2
       2
       0
       0
       2
       0
       0
       3
       1
       0
       1
       0
       0
       0
       1
       3
       1
       1
       0
       1
       0
       1
       1
       0
       0
       1
       1
       0
       0
       0
       1
       0
       1
       0
       0
       0
       1
       2
       1
       1
       0
       0
       1
       1
       2
       1
       0
       0
       0
       0
       0
       0
       0
       0
       1
       3
       1
       2
       0
       0
       1
       2
       1
       2
       0
       0
       1
       0
       1
       0
       1
       1
       2
       2
       1
       1
       0
       0
       0
       0
       0
       0
       0
       0
       0
       2
       1
       3
       0
       0
       0
       0
       0
       1
       1
       1
       1
       0
       1
       0
       2
       1
       0
       0
       1
       1
       2
       1
       0
       1
       0
       1
       1
       1
       1
       0
       2
       0
       0
       1
       1
       0
       0
       0
       1
       0
       1
       0
       0
       0
       2
       2
       1
       1
       1
       1
       0
       0
       3
       1
       2
       2
       0
       0
       1
       0
       0
       1
       3
       4
       5
       4
       5
       7
       6
       2
       2
       4
       2
       4
       0
       1
       0
       3
       2
       1
       0
       1
       1
       0
       0
       0
       1
       0
       0
       0
       1
       0
       2
       0
       2
       1
       0
       2
       0
       0
       1
       0
       0
       0
       0
       1
       0
       0
       1
       0
       1
       1
       1
       1
       3
       0
       0
       2
       0
       0
       0
       0
       0
       1
       0
       2
       2
       2
       0
       0
       0
       1
       1
       0
       1
       0
       0
       0
       0
       1
       0
       1
       0
       0
       0
       1
       0
       1
       1
       0
       1
       0
       0
       0
       0
       1
       0
       0
       1
       0
       1
       0
       0
       0
       0
       0
       0
       0
       0
       0
       1
       0
       1
       1
       1
       1
       0
       1
       1
       0
       1
       0
       1
       0
       2
       0
       1
       0
       0
       1
       0
       0
       2
       3
       2
       0
       1
       0
       0
       1
       0
       1
       0
       0
       1
       2
       0
       1
       0
       1
       0
       0
       1
       1
       0
       1
       2
       0
       0
       0
       0
       0
       3
       0
       1
       1
       0
       0
       0
       1
       0
       0
       0
       2
       0
       1
       1
       0
       0
       1
       0
       0
       1
       1
       0
       2
       1
       1
       0
       0
       0
       0
       0
       2
       2
       1
       1
       2
       1
       0
       0
       1
       0
       0
       0
       2
       0
       0
       0
       1
       0
       3
       2
       0
       0
       2
       1
       0
       0
       3
       2
       2
       0
       1
       0
       1
       2
       1
       0
       0
       1
       1
       1
       0
       0
       1
       0
       0
       0
       0
       1
       2
       1
       0
       1
       0
       0
       1
       0
       0
       1
       0
       0
       0
       0
       0
       0
       0
       0
       1
       1
       1
       2
       1
       0
       2
       0
       0
       0
       0
       0
       2
       0
       1
       0
       0
       0
       0
       0
       0
       0
       1
       0
       1
       1
       0
       1
       1
       0
       1
       0
       1
       0
       0
       1
       0
       0
       1
       0
       0
       0
       0
       0
       2
       0
       0
       0
       0
       1
       0
       1
       1
       0
       1
       1
       1
       0
       1
       1
       0
       1
       0
       0
       1
       0
       1
       0
       1
       0
       0
       1
       2
       0
       1
       1
       2
       0
       2
       1
       1
       0
       1
       1
       1
       1
       0
       1
       0
       0
       0
       0
       2
       0
       0
       0
       0
       0
       0
       0
       0
       1
       0
       0
       0
       0
       0
       0
       1
       0
       0
       0
       0
       0
       0
       0
       0
       2
       1
       1
       0
       2
       0
       1
       0
       2
       0
       1
       0
       0
       0
       0
       0
       0
       0
       0
       1
       0
       1
       0
       0
       0
       0
       0
       1
       1
       0
       0
       0
       1
       2
       3
       0
       1
       1
       1
       0
       0
       0
       0
       1
       0
       0
       0
       1
       1
       1
       1
       0
       1
       0
       0
       0
       0
       0
       0
       1
       1
       1
       0
       2
       1
       1
       1
       1
       0
       1
       0
       0
       0
       0
       0
       0
       1
       0
       0
       1
       0
       0
       1
       0
       3
       0
       0
       0
       0
       0
       1
       0
       0
       0
       0
       0
       0
       2
       0
       0
       0
       0
       2
       1
       1
       1
       0
       2
       2
       0
       0
       0
       1
       0
       1
       0
       0
       0
       0
       0
       0
       1
       1
       0
       0
       1
       0
       1
       2
       0
       0
       1
       0
       0
       0
       0
       1
       0
       1
       0
       1
       1
       1
       0
       0
       0
       0
       0
       0
       0
       0
       1
       1
       0
       0
       0
       0
       1
       0
       0
       0
       0
       0
       0
       0
       1
       0
       0
       1
       0
       1
       0
       0
       0
       0
       0
       0
       0
       0
       0
       0
       2
       1
       0
       0
       0
       0
       0
       0
       0
       1
       0
       0
       1
       0
       1
       0
       1
       1
       0
       0
       0
       1
       0
       0
       0
       3
       0
       0
       0
       0
       0
       1
       1
       1
       0
       0
       0
       0
       1
       0
       0
       0
       0
       1
       0
       0
       0
       0
       1
       2
       0
       1
       0
       0
       0
       0
       0
       1
       0
       0
       0
       0
       1
       0
       1
       2
       0
       0
       2
       0
       1
       0
       2
       1
       2
       1
       0
       0
       1
       0
       1
       0
       1
       0
       0
       0
       0
       1
       0
       0
       0
       0
       1
       1
       0
       0
       0
       0
       0
       0
       0
       1
       0
       0
       0
       0
       0
       0
       2
       0
       1
       1
       0
       0
       0
       0
       0
       0
       0
       0
       0
       1
       0
       0
       0
       1
       0
       1
       0
       0
       0
       0
       1
       0
       0
       0
       1
       0
       1
       0
       0
       1
       1
       0
       1
       0
       0
       1
       1
       0
       0
       1
       0
       1
       0
       0
       0
       0
       0
       0
       1
       1
       0
       0
       1
       0
       0
       0
       1
       0
       0
       1
       0
       1
       0
       0
       0
       0
       0
       2
       0
       0
       0
       1
       0
       0
       2
       1
       0
       0
       0
       0
       0
       0
       0
       0
       0
       1
       1
       0
       1
       0
       0
       1
       0
       0
       0
       0
       0
       1
       0
       1
       0
       0
       3
       0
       1
       0
       0
       0
       0
       1
       0
       0
       0
       0
       1
       0
       1
       0
       1
       0
       0
       0
       1
       0
       1
       0
       0
       1
       0
       0
       0
       0
       0
       0
       1
       0
       0
       1
       1
       1
       0
       0
       0
       0
       0
       0
       0
       1
       0
       1
       0
       1
       1
       1
       1
       0
       0
       1
       0
       0
       0
       0
       0
       0
       0
       0
       1
       0
       0
       0
       1
       0
       0
       0
       0
       0
       0
       0
       0
       1
       0
       0
       1
       1
       1
       0
       0
       0
       0
       0
       1
       1
       0
       0
       0
       0
       0
       1
       1
       0
       0
       0
       0
       0
       0
       0
       0
       0
       0
       1
       0
       0
       0
       1
       1
       1
       1
       0
       0
       0
       0
       0
       0
       0
       0
       0
       0
       1
       0
       0
       0
       0
       0
       0
       1
       0
       0
       0
       0
       0
       0
       0
       1
       0
       1
       0
       2
       1
       0
       0
       1
       0
       0
       0
       0
       0
       0
       0
       0
       0
       0
       0
       0
       1
       0
       1
       0
       1
       0
       0
       0
       0
       0
       0
       0
       0
       0
       0
       0
       0
       0
       0
       0
       0
       1
       1
       0
       0
       0
       0
       0
       0
       1
       0
       0
       0
       0
       1
       2
       0
       0
       0
       0
       0
       0
       0
       0
       0
       3
       1
       0
       0
       0
       2
       1
       0
       0
       0
       2
       0
       0
       0
       0
       0
       0
       0
       0
       0
       0
       1
       1
       0
       0
       0
       0
       2
       0
       0
       1
       1
       1
       0
       0
       0
       1
       0
       0
       0
       0
       1
       0
       0
       0
       0
       0
       0
       0
       0
       0
       0
       0
       1
       1
       1
       0
       0
       0
       0
       1
       0
       0
       2
       1
       1
       0
       0
       0
       0
       0
       0
       0
       1
       0
       0
       0
       0
       0
       0
       1
       0
       0
       0
       0
       0
       0
       0
       0
       1
       0
       0
       0
       0
       0
       0
       0
       0
       0
       0
       0
       0
       0
       0
       0
       0
       0
       0
       0
       0
       0
       0
       0
       0
       0
       0
       0
       0
       0
       0
       0
       0
       1
       0
       1
       2
       0
       0
       0
       1
       0
       0
       0
       1
       0
       0
       0
       1
       0
       0
       0
       0
       0
       1
       1
       2
       0
       0
       0
       0
       0
       0
       0
       1
       0
       0
       0
       2
       0
       0
       0
       0
       0
       0
       0
       0
       0
       0
       0
       0
       0
       0
       0
       0
       0
       0
       0
       0
       0
       0
       0
       0
       1
       0
       0
       1
       0
       1
       0
       0
       0
       0
       0
       3
       2
       0
       0
       0
       0
       0
       1
       0
       0
       0
       1
       1
       0
       0
       0
       0
       1
       1
       1
       0
       1
       0
       0
       0
       1
       0
       0
       0
       1
       0
       0
       0
       0
       0
       0
       0
       0
       0
       0
       0
       1
       0
       1
       1
       0
       0
       0
       1
       0
       1
       2
       2
       1
       0
       0
       0
       0
       1
       0
       0
       0
       0
       0
       0
       0
       0
       0
       0
       1
       0
       0
       0
       0
       0
       0
       1
       0
       0
       0
       0
       0
       0
       0
       0
       0
       0
       0
       2
       1
       1
       1
       0
       1
       1
       0
       1
       1
       0
       0
       0
       0
       1
       0
       2
       0
       0
       0
       0
       0
       0
       0
       0
       0
       0
       0
       0
       0
       0
       0
       0
       0
       0
       0
       0
       0
       0
       0
       0
       1
       0
       0
       0
       0
       0
       1
       1
       0
       0
       0
       0
       0
       0
       0
       0
       0
       0
       0
       0
       0
       0
       0
       0
       0
       0
       0
       0
       1
       1
       0
       1
       0
       0
       0
       0
       0
       0
       1
       0
       0
       0
       0
       0
       0
       0
       0
       0
       0
       1
       0
       0
       1
       0
       0
       0
       0
       0
       0
       0
       0
       0
       0
       1
       2
       0
       1
       0
       0
       0
       0
       0
       0
       0
       0
       0
       0
       0
       0
       0
       0
       0
       0
       0
       0
       0
       0
       0
       0
       0
       0
       0
       0
       0
       0
       0
       0
       0
       0
       0
       0
       0
       0
       0
       0
       0
       1
       0
       0
       1
       1
       0
       0
       0
       0
       1
       0
       0
       0
       0
       0
       1
       0
       0
       1
       0
       0
       0
       0
       0
       0
       0
       0
       0
       0
       0
       0
       0
       0
       0
       0
       0
       0
       0
       0
       0
       0
       1
       0
       0
       0
       0
       0
       0
       0
       0
       0
       0
       0
       0
       0
       0
       0
       0
       0
       1
       0
       0
       0
       0
       0
       0
       1
       1
       0
       0
       0
       0
       0
       0
       2
       0
       0
       0
       0
       0
       1
       0
       0
       0
       0
       0
       1
       0
       0
       0
       0
       1
       0
       0
       0
       0
       0
       1
       0
       0
       0
       0
       0
       0
       0
       0
       0
       0
       0
       0
       0
       0
       0
       0
       0
       0
       0
       0
       0
       1
       0
       0
       1
       0
       0
       0
       0
       2
       0
       0
       0
       1
       0
       0
       0
       0
       0
       0
       0
       0
       0
       0
       0
       0
       0
       1
       0
       1
       0
       1
       0
       0
       0
       0
       1
       0
       0
       0
       0
       1
       1
       0
       0
       0
       0
       0
       0
       0
       0
       0
       1
       0
       1
       0
       1
       0
       0
       0
       0
       0
       0
       0
       0
       0
       0
       0
       0
       0
       0
       0
       0
       0
       0
       0
       0
       0
       0
       0
       0
       0
       0
       0
       0
       0
       0
       0
       0
       1
       0
       0
       0
       0
       0
       0
       0
       0
       0
       0
       0
       0
       0
       0
       1
       0
       0
       1
       0
       1
       0
       1
       0
       0
       1
       0
       0
       0
       0
       0
       0
       0
       0
       0
       0
       0
       0
       0
       2
       0
       0
       0
       0
       0
       0
       0
       0
       0
       0
       0
       0
       0
       0
       0
       0
       0
       0
       0
       0
       0
       0
       0
       0
       0
       0
       0
       0
       0
       1
       0
       0
       0
       0
       0
       0
       1
       0
       1
       0
       1
       0
       0
       0
       0
       0
       1
       0
       0
       1
       0
       0
       0
       0
       0
       0
       0
       0
       0
       0
       0
       0
       0
       0
       0
       0
       0
       0
       0
       0
       0
       0
       0
       0
       0
       0
       0
       0
       0
       0
       1
       0
       0
       0
       1
       0
       0
       0
       0
       0
       0
       0
       0
       0
       0
       0
       0
       0
       0
       0
       0
       0
       0
       0
       0
       0
       0
       0
       0
       0
       0
       0
       0
       0
       0
       0
       0
       0
       0
       0
       0
       0
       0
       0
       0
       0
       0
       0
       0
       0
       0
       0
       0
       1
       1
       0
       3
       1
       0
       3
       3
       1
       2
       0
       1
       0
       0
       0
       0
       2
       0
       1
       0
       0
       0
       0
       0
       0
       0
       0
       0
       0
       0
       0
       0
       0
       0
       0
       0
       0
       0
       0
       0
       0
       0
       0
       0
       0
       0
       0
       1
       0
       0
       0
       0
       0
       0
       0
       0
       0
       0
       0
       0
       0
       0
       0
       0
       0
       0
       0
       0
       0
       1
       0
       0
       0
       0
       0
       0
       0
       0
       0
       0
       0
       0
       0
       0
       0
       0
       0
       0
       0
       0
       0
       0
       0
       0
       0
       0
       0
       0
       0
       0
       0
       0
       0
       1
       0
       0
       0
       0
       0
       0
       0
       1
       0
       1
       0
       0
       0
       0
       0
       0
       0
       0
       0
       0
       0
       0
       0
       0
       0
       0
       0
       0
       0
       0
       0
       0
       0
       0
       0
       0
       0
       0
       0
       0
       0
       1
       0
       0
       0
       0
       0
       0
       0
       0
       0
       0
       0
       0
       0
       0
       0
       0
       0
       0
       0
       0
       0
       0
       0
       0
       0
       0
       0
       0
       0
       0
       0
       0
       0
       0
       0
       0
       0
       0
       0
       0
       0
       1
       0
       0
       0
       0
       0
       0
       0
       0
       0
       0
       0
       0
       0
       0
       0
       0
       0
       0
       0
       0
       0
       0
       0
       0
       0
       1
       0
       0
       0
       0
       0
       0
       0
       0
       0
       0
       0
       0
       0
       0
       0
       0
       0
       0
       0
       0
       0
       0
       0
       0
       0
       0
       0
       0
       0
       0
       0
       0
       0
       0
       0
       0
       0
       0
       0
       0
       0
       0
       0
       0
       0
       0
       0
       0
       0
       0
       0
       0
       0
       0
       0
       0
       0
       0
       0
       0
       0
       1
       0
       0
       0
       0
       0
       0
       0
       0
       0
       0
       1
       0
       0
       0
       1
       0
       1
       0
       0
       0
       0
       0
       0
       0
       0
       0
       0
       0
       0
       0
       0
       0
       0
       0
       0
       0
       0
       0
       0
       0
       0
       0
       0
       0
       0
       0
       1
       0
       0
       0
       0
       0
       1
       1
       0
       0
       0
       0
       0
       0
       0
       0
       0
       0
       0
       0
       0
       0
       0
       0
       0
       0
       0
       0
       0
       0
       1
       0
       0
       0
       0
       0
       0
       0
       0
       0
       0
       0
       0
       0
       0
       0
       0
       0
       0
       0
       0
       0
       0
       0
       0
       0
       0
       0
       0
       0
       0
       0
       0
       0
       0
       0
       0
       0
       0
       0
       0
       0
       0
       0
       0
       0
       0
       0
       0
       1
       0
       1
       0
       0
       0
       1
       0
       0
       0
       0
       0
       0
       0
       0
       0
       0
       0
       0
       0
       0
       0
       0
       0
       0
       0
       0
       0
       0
       0
       0
       0
       0
       0
       0
       0
       0
       0
       0
       0
       0
       0
       0
       0
       0
       0
       0
       0
       0
       0
       0
       0
       0
       0
       0
       0
       0
       0
       0
       0
       0
       0
       0
       0
       0
       0
       2
       0
       0
       0
       0
       0
       0
       0
       0
       0
       0
       0
       0
       1
       0
       0
       0
       0
       0
       0
       0
       0
       0
       0
       0
       0
       0
       0
       0
       0
       0
       0
       0
       0
       0
       1
       0
       0
       0
       0
       0
       0
       0
       0
       0
       0
       0
       0
       0
       0
       0
       0
       0
       0
       0
       0
       0
       0
       0
       0
       0
       0
       0
       0
       0
       0
       0
       0
       0
       0
       0
       0
       0
       0
       0
       0
       0
       0
       0
       0
       0
       0
       0
       0
       0
       0
       0
       0
       0
       0
       0
       0
       0
       0
       0
       0
       0
       0
       0
       0
       0
       0
       0
       0
       0
       0
       0
       0
       0
       0
       1
       0
       0
       0
       0
       0
       0
       0
       0
       0
       0
       0
       0
       0
       0
       0
       0
       0
       0
       0
       0
       0
       0
       0
       0
       0
       0
       0
       0
       0
       0
       0
       0
       0
       0
       1
       1
       0
       0
       0
       0
       0
       0
       0
       0
       0
       0
       0
       0
       0
       0
       0
       0
       0
       0
       0
       1
       0
       0
       0
       0
       0
       0
       0
       0
       0
       0
       0
       0
       0
       0
       0
       0
       0
       0
       0
       0
       0
       0
       0
       0
       0
       0
       0
       0
       0
       1
       0
       0
       0
       0
       0
       0
       1
       0
       0
       0
       0
       0
       0
       0
       0
       0
       0
       0
       0
       0
       1
       0
       0
       0
       0
       0
       0
       0
       0
       0
       0
       0
       0
       0
       0
       0
       0
       0
       0
       0
       0
       0
       0
       0
       0
       0
       0
       0
       0
       0
       0
       0
       0
       0
       0
       0
       0
       0
       0
       0
       0
       0
       0
       0
       0
       0
       0
       1
       0
       0
       0
       0
       0
       0
       0
       0
       0
       0
       0
       0
       0
       0
       0
       0
       0
       0
       0
       0
       0
       0
       0
       1
       0
       0
       0
       0
       0
       0
       0
       0
       0
       0
       0
       0
       0
       0
       0
       0
       0
       0
       0
       0
       0
       0
       0
       0
       0
       0
       0
       0
       0
       0
       0
       0
       0
       0
       0
       0
       0
       0
       0
       0
       0
       0
       0
       0
       0
       0
       0
       0
       0
       0
       0
       0
       0
       0
       0
       0
       0
       0
       0
       0
       0
       0
       0
       0
       0
       0
       0
       0
       0
       1
       0
       0
       0
       0
       0
       0
       0
       0
       0
       0
       0
       0
       0
       0
       0
       1
       0
       0
       0
       0
       0
       0
       0
       0
       0
       0
       0
       0
       0
       0
       0
       0
       0
       0
       0
       0
       0
       0
       0
       0
       0
       0
       0
       0
       0
       0
       0
       0
       0
       0
       1
       0
       0
       0
       0
       0
       0
       0
       0
       0
       0
       0
       0
       0
       0
       0
       0
       0
       0
       0
       0
       0
       0
       0
       0
       0
       0
       0
       0
       0
       0
       0
       0
       0
       0
       0
       0
       0
       0
       0
       1
       0
       0
       0
       0
       0
       0
       0
       0
       0
       0
       0
       0
       0
       0
       0
       0
       0
       0
       0
       0
       0
       0
       0
       0
       0
       0
       1
       0
       0
       0
       0
       0
       0
       0
       0
       0
       0
       0
       0
       0
       0
       0
       0
       0
       0
       1
       0
       0
       0
       0
       0
       0
       0
       0
       0
       0
       0
       1
       0
       1
       0
       0
       0
       0
       0
       0
       0
       0
       0
       0
       0
       0
       0
       0
       0
       0
       0
       0
       0
       0
       0
       0
       0
       0
       0
       0
       0
       0
       0
       0
       0
       0
       0
       0
       0
       0
       0
       0
       0
       0
       0
       0
       0
       0
       0
       0
       0
       0
       0
       0
       0
       0
       0
       0
       0
       0
       0
       0
       0
       0
       0
       0
       0
       1
       0
       0
       0
       0
       0
       0
       0
       0
       0
       0
       0
       0
       0
       0
       0
       0
       0
       0
       0
       0
       0
       0
       0
       0
       0
       0
       0
       0
       0
       1
       0
       0
       0
       0
       0
       0
       0
       0
       0
       0
       0
       0
       0
       0
       0
       0
       0
       0
       0
       0
       0
       0
       0
       0
       0
       0
       0
       0
       0
       0
       0
       0
       0
       0
       0
       0
       0
       0
       0
       0
       0
       0
       0
       0
       0
       0
       0
       0
       0
       0
       0
       0
       0
       0
       0
       0
       0
       0
       0
       0
       0
       0
       0
       0
       0
       0
       0
       0
       0
       0
       0
       0
       0
       0
       0
       0
       0
       0
       0
       0
       0
       0
       0
       0
       0
       0
       0
       0
       0
       0
       0
       0
       0
       0
       0
       0
       0
       0
       0
       0
       0
       0
       0
       0
       1
       0
       0
       0
       0
       0
       0
       0
       0
       0
       0
       0
       0
       0
       0
       0
       0
       0
       0
       0
       0
       0
       0
       0
       0
       0
       0
       0
       0
       0
       0
       0
       0
       0
       0
       0
       0
       0
       0
       0
       0
       0
       0
       0
       0
       0
       0
       0
       0
       0
       0
       0
       0
       0
       0
       0
       0
       0
       0
       0
       0
       0
       0
       0
       0
       0
       0
       0
       0
       0
       0
       0
       0
       0
       0
       0
       0
       1
       0
       0
       0
       0
       0
       0
       0
       0
       0
       0
       0
       0
       0
       0
       0
       0
       0
       0
       0
       0
       0
       1
       0
       0
       0
       0
       0
       0
       0
       0
       0
       0
       0
       0
       0
       0
       0
       0
       0
       0
       0
       0
       0
       0
       0
       0
       0
       0
       0
       0
       0
       0
       0
       0
       0
       0
       0
       0
       0
       0
       0
       0
       0
       0
       0
       0
       0
       0
       0
       0
       0
       0
       0
       0
       0
       0
       0
       0
       0
       0
       0
       0
       0
       0
       0
       0
       0
       0
       0
       0
       0
       0
       0
       0
       0
       0
       0
       0
       0
       0
       0
       0
       1
       0
       0
       0
       0
       0
       0
       0
       0
       0
       0
       0
       0
       0
       0
       0
       0
       0
       0
       0
       0
       0
       0
       0
       0
       0
       0
       0
       0
       0
       0
       0
       0
       0
       0
       0
       0
       0
       0
       0
       0
       0
       0
       0
       0
       0
       0
       0
       0
       0
       0
       0
       0
       0
       0
       0
       0
       0
       0
       0
       0
       0
       0
       0
       0
       0
       0
       0
       0
       0
       0
       0
       0
       0
       0
       0
       0
       0
       0
       0
       0
       0
       0
       0
       0
       0
       0
       0
       0
       0
       0
       0
       0
       0
       0
       0
       0
       0
       0
       0
       0
       0
       0
       0
       0
       0
       0
       0
       0
       0
       0
       0
       0
       0
       0
       0
       0
       0
       0
       0
       0
       0
       0
       0
       0
       0
       0
       0
       0
       0
       0
       0
       0
       0
       0
       0
       0
       0
       0
       0
       0
       0
       0
       0
       0
       0
       0
       0
$ROI:
0
$PRESETS:
Real Time
180
0
$ENER_FIT:
0.888569 0.390988
$MCA_CAL:
3
8.885689E-001 3.909876E-001 3.191953E-008 keV
$SHAPE_CAL:
3
0.000000E+000 0.000000E+000 0.000000E+000
