$SPEC_ID:
1
$SPEC_REM:
DET# 2
DETDESC# MCB 130 Normal
AP# Maestro Version 7.01
$DATE_MEA:
10/03/2019 06:03:21
$MEAS_TIM:
170 180
$DATA:
0 8191
       0
       0
       0
       0
       0
       0
       0
       0
       0
       0
       0
       0
       0
       0
       0
       0
       0
       0
       0
       0
       0
       0
       0
       0
       0
       0
      66
    1727
     495
     301
     404
     533
     575
     565
     476
     409
     461
     493
     599
     722
     708
     646
     532
     481
     498
     436
     394
     376
     469
     460
     450
     406
     353
     344
     353
     295
     347
     332
     361
     377
     379
     363
     354
     391
     378
     355
     399
     408
     529
     712
    1112
    1153
     804
     671
     677
     703
     789
     866
     686
     508
     596
     590
     489
     454
     438
     474
     579
     849
    1434
    2195
    2196
    1401
     634
     402
     382
     400
     428
     437
     453
     472
     531
     752
     898
     826
     588
     479
     429
     348
     357
     347
     354
     341
     347
     343
     348
     337
     349
     357
     341
     362
     360
     352
     351
     384
     478
     648
     569
     409
     331
     360
     307
     328
     292
     340
     315
     353
     323
     285
     324
     337
     303
     351
     364
     503
     869
    1030
     646
     385
     362
     329
     344
     359
     296
     344
     321
     298
     327
     308
     302
     344
     312
     334
     347
     349
     340
     323
     330
     337
     331
     355
     320
     376
     320
     352
     317
     344
     332
     316
     333
     352
     356
     345
     364
     374
     381
     395
     354
     337
     369
     448
     430
     423
     373
     364
     377
     359
     356
     330
     377
     347
     392
     383
     370
     424
     554
     779
     858
     499
     398
     342
     356
     356
     362
     385
     411
     375
     375
     366
     377
     361
     374
     417
     383
     370
     342
     339
     359
     386
     417
     350
     464
     477
     478
     449
     401
     387
     381
     408
     432
     514
     619
     649
     483
     398
     398
     398
     403
     389
     449
     635
     884
     746
     519
     401
     375
     379
     358
     373
     370
     393
     427
     406
     389
     406
     392
     405
     377
     396
     367
     340
     350
     396
     396
     336
     359
     358
     391
     360
     394
     408
     383
     481
     486
     543
     474
     415
     387
     413
     376
     399
     391
     469
     441
     387
     416
     433
     416
     389
     391
     391
     382
     387
     377
     397
     385
     368
     368
     356
     399
     358
     382
     387
     401
     352
     395
     369
     365
     381
     373
     361
     391
     392
     376
     354
     379
     370
     357
     404
     338
     380
     429
     376
     335
     319
     368
     372
     371
     354
     323
     367
     357
     349
     349
     368
     371
     382
     360
     340
     353
     308
     346
     343
     345
     325
     361
     419
     918
    2224
    3128
    2317
    1047
     471
     305
     319
     311
     302
     338
     316
     319
     319
     431
     452
     393
     343
     319
     290
     295
     331
     328
     304
     303
     368
     388
     406
     478
     579
     561
     406
     311
     307
     315
     287
     299
     265
     283
     274
     293
     287
     271
     289
     259
     281
     291
     320
     281
     292
     279
     260
     283
     256
     263
     291
     284
     331
     332
     387
     324
     250
     284
     293
     283
     278
     288
     277
     269
     302
     283
     300
     287
     313
     294
     260
     270
     303
     284
     284
     283
     273
     294
     275
     275
     261
     289
     291
     263
     287
     267
     303
     289
     274
     286
     275
     314
     278
     289
     265
     280
     282
     268
     256
     308
     426
     452
     411
     300
     295
     283
     271
     249
     303
     267
     283
     259
     281
     260
     275
     252
     267
     277
     263
     232
     284
     255
     280
     268
     268
     258
     263
     282
     254
     266
     246
     248
     243
     276
     258
     269
     275
     256
     266
     259
     323
     272
     274
     249
     240
     234
     265
     229
     243
     279
     280
     276
     242
     248
     277
     254
     247
     245
     249
     269
     232
     237
     255
     257
     248
     233
     219
     235
     235
     237
     248
     239
     231
     225
     232
     255
     235
     249
     206
     214
     237
     226
     215
     233
     208
     244
     226
     219
     223
     235
     220
     249
     230
     241
     224
     234
     221
     257
     262
     245
     254
     286
     287
     256
     211
     258
     196
     209
     195
     215
     241
     238
     217
     199
     227
     209
     214
     190
     209
     285
     514
    1161
    1587
    1278
     616
     325
     243
     218
     234
     247
     280
     248
     271
     271
     208
     217
     223
     226
     226
     201
     233
     222
     209
     205
     205
     242
     230
     258
     198
     224
     221
     206
     222
     199
     235
     217
     208
     245
     199
     214
     186
     175
     180
     204
     211
     183
     172
     169
     195
     188
     203
     172
     202
     244
     577
    1931
    4560
    6164
    4451
    1852
     537
     221
     183
     179
     160
     212
     180
     207
     236
     241
     210
     172
     192
     176
     179
     199
     168
     182
     185
     156
     199
     166
     187
     170
     172
     182
     205
     173
     198
     208
     216
     232
     195
     203
     196
     193
     173
     177
     200
     271
     387
     421
     314
     221
     173
     192
     166
     177
     174
     169
     186
     177
     152
     168
     178
     177
     192
     191
     162
     168
     186
     215
     234
     188
     155
     170
     191
     176
     166
     166
     163
     170
     155
     173
     150
     173
     171
     148
     161
     185
     185
     138
     181
     181
     175
     182
     183
     183
     168
     181
     131
     166
     136
     155
     176
     205
     274
     215
     188
     166
     151
     175
     196
     157
     164
     199
     406
     834
    1289
    1291
     814
     341
     205
     193
     159
     160
     163
     155
     154
     181
     161
     175
     194
     179
     162
     174
     119
     146
     142
     169
     149
     168
     157
     150
     145
     149
     150
     152
     221
     219
     202
     174
     187
     179
     158
     135
     156
     160
     151
     154
     167
     168
     157
     172
     151
     199
     158
     159
     160
     143
     138
     173
     151
     143
     147
     142
     180
     185
     185
     214
     167
     156
     185
     185
     213
     222
     198
     206
     186
     123
     143
     164
     138
     154
     159
     155
     153
     166
     148
     148
     154
     159
     157
     152
     142
     165
     147
     156
     173
     169
     204
     159
     172
     163
     137
     142
     136
     154
     151
     151
     155
     147
     144
     178
     182
     186
     163
     169
     178
     157
     143
     159
     143
     146
     157
     145
     169
     159
     216
     182
     158
     160
     146
     131
     148
     153
     148
     161
     165
     144
     158
     144
     155
     137
     153
     141
     155
     147
     125
     143
     126
     160
     147
     172
     197
     224
     212
     208
     164
     142
     174
     163
     151
     129
     150
     156
     161
     172
     206
     202
     147
     133
     140
     138
     145
     148
     160
     155
     152
     136
     125
     143
     143
     136
     129
     137
     138
     138
     169
     225
     315
     347
     269
     193
     153
     154
     133
     131
     134
     139
     129
     119
     125
     118
     139
     123
     118
     112
     126
     145
     111
     129
     126
     135
     134
     135
     122
     126
     125
     140
     142
     125
     128
     128
     123
      98
     120
     124
     138
     119
     124
     133
     133
     123
     142
     101
     112
     133
     105
     118
      98
     144
     124
     126
     122
     110
     122
     114
     122
     127
     125
     128
     106
     140
     117
     128
     119
     107
     112
     125
     123
     114
     113
     140
     134
     140
     122
     111
     100
     115
     129
     122
     108
     125
      92
     116
     113
     116
     102
     119
     103
     122
     105
     131
     108
     122
     103
     111
     116
     107
     124
     123
     109
     114
     133
     127
      99
     107
     117
     108
     108
     136
     127
     131
     116
     119
     113
     112
     105
     103
      95
     113
     123
      98
     121
     106
     118
     109
     111
     113
     117
     106
     110
     116
     130
     129
     161
     194
     141
     118
     121
      92
      99
     111
     105
     117
     136
      97
     108
     105
     130
     100
     133
     119
      84
      99
     103
     115
     111
     116
     139
      99
     110
     105
     109
     106
      93
     105
     101
      99
     121
     113
     119
     107
     109
     125
     104
     123
     120
     116
     102
     100
     111
     110
      96
     116
      97
     122
      96
      99
     125
     105
     114
     110
     111
     109
     122
     115
     118
      90
     129
     128
      94
     112
     111
      93
     119
     120
     101
     112
      92
     111
     118
     116
     143
     140
     127
     143
     114
     115
     114
     102
      95
     121
     104
     111
     110
     118
     101
     111
      94
     101
     112
     109
     139
     102
      87
     113
      98
     110
     115
     109
     124
     109
     116
     108
     116
     123
     103
     108
     106
     122
     124
      99
      94
     100
      97
      96
     101
     108
      98
     119
     115
     106
     100
     115
     100
     110
     107
     125
     132
     109
     112
     111
     100
     118
      96
     112
     103
     104
     105
     108
     122
     107
      92
     101
      95
     106
      99
     123
      93
      79
      96
      92
     109
      92
      96
      91
     106
     100
     108
     114
      97
     101
      97
      96
      97
     105
     103
      90
     102
      89
     109
     110
     138
     122
     112
      88
     102
      99
     101
     104
     109
     132
     124
     122
      88
      94
      94
      95
      92
      68
      97
      75
      85
      87
      83
      75
     104
     104
     118
     136
     112
      79
      87
      94
      90
      91
      81
      88
      92
      81
      87
      86
      81
     103
      74
      91
     102
      87
      90
      94
     116
     109
     119
     119
     157
     167
     190
     177
     128
      96
      88
     117
     131
     123
     128
     111
      78
      95
      81
      92
     123
      89
      94
      88
      81
      79
      93
      71
      73
      89
      75
      88
      83
      80
      91
      79
      81
      88
      74
      79
      68
      96
     103
     159
     185
     178
     117
     120
      95
      91
     113
      97
     136
     252
     248
     225
     157
     121
     110
     203
     515
    1116
    1741
    1822
    1273
     611
     252
     110
      86
      92
      76
      74
      71
      68
      95
      90
      84
     102
      84
     101
     107
     143
     134
     113
      93
      81
      71
      85
      96
      68
     101
      73
      79
      77
      62
      68
      81
      90
      75
      72
      84
      81
      98
     104
     121
     182
     179
     131
     105
      85
      81
      58
      92
      84
      71
      71
      59
      73
      81
      63
      77
      72
      71
      87
      95
     134
     359
     761
     962
     921
     632
     320
     136
      81
      65
      86
      72
      77
      75
      69
      62
      81
     106
      97
      92
      73
      76
      66
      70
      71
      64
      57
      64
      65
      62
      56
      54
      63
      74
      50
      69
      55
      70
      73
      65
      61
      61
      63
      78
      58
      76
      50
      75
      56
      56
      62
      58
      68
      51
      77
      55
      57
      59
      70
      63
      66
      46
      54
      64
      69
      57
      60
      59
      62
      70
      55
      55
      76
      56
      70
      61
      64
      59
      61
      48
      65
      62
      61
      58
      84
      69
      65
      54
      49
      51
      48
      59
      69
      55
      56
      63
      51
      51
      56
      51
      58
      63
      71
      58
      61
      57
      70
      55
      53
      58
      50
      62
      46
      66
      61
      58
      50
      41
      55
      65
      62
      66
      66
      76
      83
      67
      55
      66
      58
      60
      65
      46
      56
      39
      57
      64
      80
     102
     106
     117
     105
      80
      93
      65
      44
      56
      48
      57
      31
      40
      52
      31
      48
      57
      48
      53
      47
      45
      58
      45
      58
      46
      61
      55
      58
      54
      46
      55
      65
      73
      76
      72
      58
      51
      59
      55
      59
      53
      44
      55
      49
      46
      50
      57
      63
      54
      51
      45
      44
      53
      48
      52
      71
      82
     123
     119
      97
      80
      44
      62
      41
      38
      52
      39
      49
      48
      49
      44
      51
      61
      62
      56
      63
      61
      39
      34
      49
      53
      39
      36
      47
      40
      48
      38
      47
      39
      39
      56
      43
      40
      42
      48
      34
      44
      43
      40
      50
      50
      49
      45
      61
      44
      52
      33
      45
      65
      49
      60
      54
      74
     105
     144
     160
     182
     184
     127
      79
      59
      51
      36
      50
      62
     112
     304
     659
    1222
    1551
    1440
     863
     363
     154
      60
      48
      46
      39
      40
      43
      60
      39
      47
      63
      96
     108
      95
      92
      85
      61
      88
     157
     289
     467
     476
     369
     195
      98
      70
      58
      56
      64
      55
      65
      59
      54
      57
      32
      43
      43
      56
      49
      42
      40
      54
      43
      52
      49
      53
      43
      27
      50
      45
      57
      61
      61
      50
      39
      44
      33
      45
      39
      37
      41
      44
      47
      40
      49
      56
      40
      37
      48
      35
      43
      48
      45
      45
      37
      32
      29
      38
      42
      45
      50
      39
      37
      45
      39
      39
      42
      43
      40
      41
      36
      30
      40
      49
      28
      40
      48
      43
      41
      41
      41
      32
      39
      32
      39
      34
      35
      34
      33
      52
      28
      51
      54
      44
      49
      50
      43
      44
      40
      51
      65
      47
      67
      52
      44
      41
      39
      37
      34
      28
      29
      45
      34
      31
      39
      40
      33
      43
      29
      41
      33
      36
      37
      33
      47
      32
      42
      33
      40
      38
      42
      35
      37
      34
      39
      38
      47
      48
      66
      99
      88
      68
      66
      62
      72
      67
      80
      66
      40
      36
      29
      44
      55
      60
      42
      37
      48
      49
      44
      49
      32
      31
      33
      30
      32
      37
      31
      47
      49
      29
      41
      23
      37
      39
      38
      33
      36
      31
      39
      40
      45
      48
      49
      86
     100
     103
      78
      40
      42
      55
      67
     201
     418
     826
    1141
    1107
     811
     404
     146
      66
      48
      34
      40
      37
      35
      49
      46
      52
     101
     201
     246
     297
     243
     146
      76
      51
      46
      41
      53
      27
      33
      44
      42
      36
      44
      37
      43
      46
      49
      57
      45
      61
      36
      39
      31
      26
      43
      24
      44
      43
      43
      39
      32
      26
      29
      41
      31
      32
      35
      42
      46
      46
      44
      40
      29
      32
      35
      47
      32
      44
      50
      46
      38
      41
      30
      37
      62
     123
     231
     313
     313
     239
     173
      89
      64
      34
      30
      35
      37
      30
      30
      40
      53
      41
      55
      33
      37
      42
      39
      30
      25
      42
      43
      40
      38
      41
      28
      37
      29
      36
      25
      38
      47
      45
      23
      30
      40
      35
      25
      32
      29
      42
      33
      41
      32
      27
      43
      34
      38
      24
      32
      37
      34
      34
      37
      40
      43
      33
      38
      30
      43
      35
      25
      27
      33
      28
      31
      21
      38
      24
      30
      32
      26
      28
      29
      34
      34
      38
      26
      41
      35
      34
      46
      33
      31
      24
      30
      30
      31
      35
      38
      40
      35
      39
      39
      39
      42
      28
      52
      46
      47
      71
      75
      60
      35
      36
      27
      33
      19
      44
      36
      32
      31
      36
      37
      32
      34
      28
      30
      26
      34
      31
      35
      27
      23
      31
      41
      38
      34
      45
      36
      34
      31
      38
      42
      31
      26
      22
      36
      30
      33
      25
      36
      24
      25
      21
      27
      35
      28
      26
      25
      23
      31
      33
      27
      24
      38
      36
      23
      38
      45
      49
      51
      83
      82
      69
      45
      36
      23
      27
      34
      20
      37
      37
      26
      34
      23
      25
      21
      35
      26
      32
      33
      26
      37
      28
      27
      20
      21
      35
      31
      29
      35
      24
      29
      21
      32
      21
      30
      21
      27
      35
      25
      37
      37
      30
      33
      30
      27
      28
      34
      35
      33
      38
      34
      34
      36
      33
      26
      33
      18
      22
      25
      31
      32
      26
      25
      24
      28
      22
      30
      25
      26
      31
      31
      26
      22
      31
      26
      29
      32
      26
      25
      29
      26
      28
      27
      18
      32
      22
      25
      29
      20
      31
      19
      14
      34
      38
      27
      31
      48
      71
      87
      86
      74
      47
      31
      36
      31
      29
      26
      39
      33
      43
      42
      35
      44
      36
      33
      21
      27
      33
      27
      30
      27
      31
      24
      31
      20
      32
      36
      25
      27
      26
      31
      37
      28
      26
      25
      33
      23
      30
      29
      26
      31
      33
      29
      29
      24
      26
      23
      32
      32
      26
      23
      27
      27
      20
      38
      26
      27
      30
      36
      23
      33
      32
      24
      24
      31
      25
      21
      26
      30
      22
      20
      25
      34
      31
      29
      31
      29
      25
      25
      21
      34
      20
      20
      20
      22
      27
      30
      27
      32
      35
      36
      31
      40
      27
      34
      36
      24
      29
      28
      28
      24
      31
      23
      31
      34
      27
      14
      13
      25
      24
      19
      27
      25
      36
      26
      22
      28
      22
      33
      26
      28
      19
      23
      24
      30
      40
      56
      56
      67
      52
      52
      33
      19
      29
      19
      22
      24
      22
      27
      22
      17
      22
      20
      17
      23
      19
      33
      49
      56
      99
     107
      88
      63
      37
      26
      30
      26
      14
      24
      18
      15
      19
      35
      17
      33
      22
      22
      22
      28
      17
      29
      16
      19
      26
      23
      17
      15
      21
      24
      19
      33
      31
      38
      37
      36
      30
      23
      19
      27
      26
      21
      29
      24
      14
      29
      20
      17
      20
      34
      57
      64
      71
      57
      54
      37
      27
      24
      15
      26
      21
      14
      23
      18
      19
      21
      29
      15
      15
      26
      22
      23
      32
      21
      29
      14
      19
      22
      20
      29
      31
      31
      31
      27
      21
      21
      19
      24
      19
      19
      20
      22
      23
      18
      27
      25
      38
      41
      28
      36
      22
      19
      21
      20
      14
      18
      23
      23
      23
      20
      27
      22
      27
      16
      16
      32
      23
      21
      21
      25
      22
      18
      23
      23
      16
      12
      19
      23
      14
      21
      25
      23
      17
      15
      16
      15
      26
      23
      21
      15
      27
      28
      21
      21
      22
      21
      23
      15
      22
      18
      16
      18
      13
      21
      16
      25
      23
      19
      24
      14
      26
      20
      23
      19
      24
      28
      25
      16
      19
      22
      26
      13
      28
      24
      21
      14
      26
      17
      25
      26
      20
      23
      21
      23
      29
      22
      19
      22
      14
      23
      19
      18
      18
      15
      18
      19
      21
      21
      15
      15
      20
      25
      31
      19
      24
      19
      14
      15
      15
      20
      19
      20
      19
      15
      22
      21
      27
      27
      22
      26
      22
      22
      21
      28
      35
      26
      32
      59
     106
     160
     261
     273
     229
     149
     102
      37
      15
      24
      21
      15
      17
      15
      15
      16
      20
      22
      20
      30
      22
      22
      20
      19
      23
      26
      23
      24
      21
       8
      13
      21
      26
      29
      23
      26
      20
      30
      49
      57
      77
      59
      45
      23
      22
      18
      20
      18
      22
      21
      16
      16
      16
      21
      20
      12
      18
      20
      16
      19
      12
      18
      18
      22
      14
      28
      29
      11
      17
      14
      19
      17
      25
      24
      23
      22
      17
      16
      23
      21
      24
      15
      13
      22
      21
      10
      14
      13
      22
      18
      18
      25
      18
      16
      16
      16
      29
      28
      21
      12
      19
      15
      15
      23
      13
      22
      11
      21
      15
      16
      17
      17
      12
      16
      23
      16
      17
      10
      24
      20
      26
      18
      25
      23
      19
      22
      19
      17
      17
      13
      23
      14
       9
      22
      16
      15
      20
      16
      19
      15
      14
      18
       8
      12
      16
      16
      18
      17
      20
      11
      12
      14
      21
      21
      19
      21
      21
      10
      14
      20
      13
      15
      20
      19
      14
      26
      16
      24
      12
      19
      16
      17
      12
      17
      14
      18
      20
      18
      18
      24
      20
      17
      17
      15
      12
      17
      16
      16
      13
      16
      19
      15
      16
      13
      20
      13
      12
      14
      21
      18
      17
      27
      33
      27
      19
      22
      17
      16
      15
      16
      12
      16
      15
      23
      20
      16
      15
      16
      24
      18
      15
      18
      19
      20
      12
      14
      16
      16
      18
      20
      24
      20
      12
      14
      22
      20
      19
      15
      18
      23
      16
      20
      15
      18
      17
      17
      17
      17
      20
      23
      20
      23
      18
      23
      11
      18
      25
      25
      23
      35
      19
      25
      20
      17
      18
      12
      17
       9
      11
      20
      17
      12
      15
      29
      47
      74
      98
     122
     132
     107
      84
      40
      20
      13
      11
      11
      18
      19
      18
      19
      33
      26
      17
      19
      14
      17
      16
      17
       9
      11
      11
      17
      22
      17
      20
      13
      17
      17
      14
      17
      20
      13
      16
      15
      17
      17
      23
      23
      32
      31
      27
      33
      23
      12
      18
      17
      16
      22
      13
      15
      14
      14
      17
       9
      19
      14
      14
      15
      14
       9
      13
      15
      13
      16
      15
       7
      13
      19
      17
      16
      22
      12
      13
      13
      14
      10
      21
      13
      19
      10
      17
       7
      13
      19
      22
      11
      13
      20
      19
      14
      17
      21
      20
      13
      13
      18
      18
      12
      14
      17
      13
      22
      15
      22
      25
      26
      10
      21
      20
      16
      21
      10
      11
      17
      20
      18
      12
      15
       9
      14
      17
      15
      12
      20
      13
      13
      16
      14
       4
      17
      18
      12
      15
       9
       8
      16
      18
      19
      18
      11
      10
      17
       6
      13
      19
      15
      18
       7
       3
      13
      16
      13
      12
      19
      12
      12
      17
       7
      14
      15
       9
      10
      13
      13
      15
      14
       7
      13
       5
      11
      10
      14
      12
      12
      18
      14
      17
      19
      17
      13
      11
      10
      10
      18
      17
      14
      13
      16
      14
      24
      24
      10
      16
      13
      15
       9
      13
      13
      15
      13
      10
      11
       8
      11
      11
      11
      18
      13
       8
       5
      13
      10
      12
      10
      12
      15
      22
      21
       9
      14
      14
       8
      10
      11
      14
      14
      13
      11
      12
      10
       9
      15
      19
      11
      17
       8
       8
      17
      14
       9
      15
      15
      20
       8
       9
       6
      11
      16
       8
      15
      15
      13
       9
      18
       9
       9
      13
      10
      14
      13
       8
      18
      12
       6
      11
      19
      18
      20
      23
      25
      16
      13
      12
      10
       8
      13
      11
      15
      11
      21
      18
      10
      16
      11
       5
      13
      10
       8
      16
      10
      13
      10
      17
       7
      15
       9
      11
      16
       9
      11
      12
      15
      11
       9
      14
      16
      14
       8
      14
      12
       5
      11
      14
      11
       7
      11
      14
       8
      17
      15
       8
      13
      16
      24
      44
      68
     104
     157
     141
     107
      89
      30
      23
      21
      16
      10
      14
      13
      15
      11
       6
       4
       7
      14
      19
      13
       8
       8
      18
      10
      12
      13
       8
      11
      15
       8
       9
      10
      11
      11
      16
       5
      15
      16
      10
      12
      16
      24
      17
      15
      11
      12
      11
      10
      10
      10
       9
      14
      10
      18
      17
      13
       8
      16
       8
       9
      12
       9
      14
      10
       9
       9
      10
      14
       9
      11
       9
      10
       8
      10
      10
      14
      12
      17
      17
      10
      13
      14
      10
      21
      11
       7
      11
      10
      13
      12
      18
      17
       9
      15
      16
      22
      20
      26
      24
      21
      25
      17
      10
      12
      13
      10
      13
      11
      14
       9
       7
      12
       6
      10
       8
      13
      14
      12
      11
      14
       8
       9
       8
       7
       6
      10
       9
      10
       8
       7
      12
      11
       8
      11
       5
      12
       9
       5
      10
      14
       9
       7
      11
       9
       7
       7
       9
       9
       7
       8
      15
       7
       5
       8
       9
      11
      18
       7
       6
       9
       8
      12
      10
       7
      14
       4
      12
       9
      12
       7
       8
       8
      10
      12
      12
       8
      13
      10
       4
       7
       8
      10
       7
      10
      14
      16
      11
      10
      11
      14
      14
       8
      11
       6
      11
       9
      14
      15
      10
       2
       5
      10
       9
       6
       9
       8
      12
      10
      11
       9
      12
      11
      12
       8
      11
      11
      10
       6
       7
       7
      11
       9
       6
       4
       4
      13
       9
       6
       7
       4
      12
      12
      12
       5
       8
      12
      10
       9
      13
       5
      16
      10
       8
      14
      12
      11
      13
      16
       3
      13
       8
      11
      12
      14
      12
       9
       8
       8
      12
      11
      11
      23
      20
      14
      13
      11
      13
      16
       7
      12
      13
       7
      12
      15
      13
       5
       6
       9
       9
      12
      12
       9
       9
       8
      13
      11
       8
       9
      14
      10
       5
      11
       7
      12
       6
       8
       4
       9
      13
      10
       8
       6
       9
      12
      14
      11
       8
       7
       5
       8
       5
       5
      12
       5
      16
      22
      36
      34
      39
      28
      18
      16
      10
      12
      13
       3
       4
      10
       7
       4
      10
      12
       8
       4
       7
       7
      12
       8
       4
       6
       5
      15
       7
      12
       4
      10
       9
       6
      10
       6
       7
       8
      12
      14
      17
      17
      20
      13
      14
      10
       6
       8
      10
      11
       9
      13
       7
       8
      11
      10
      16
      19
      24
      24
      21
      13
       7
      12
      10
      14
       5
       4
      11
      10
      11
       4
      18
      11
       7
       6
      10
      12
      16
      11
      20
      11
       9
       9
       9
       5
       5
       7
      11
       7
      12
       6
       6
       8
      10
       9
       6
       7
       7
       7
      14
       8
       9
       7
       2
       9
      10
       7
      12
       7
      10
      13
       3
       6
      10
       7
       7
      11
      10
       5
       9
       6
       9
       9
       3
       8
       5
       5
       6
       2
      12
       6
      16
       7
       9
      13
       9
       7
       6
       9
       6
       6
       9
       6
       6
       8
       8
       9
       8
       7
      12
       6
      12
      10
      14
      13
       5
       8
       5
       2
       8
       4
       9
       8
       2
       9
       8
      12
      12
       8
      10
       8
       8
       6
      12
       9
       7
       7
       8
      14
      16
      10
      13
       7
       9
      13
       7
       8
      12
      19
      21
      33
      32
      36
      31
      20
      17
      22
      18
      20
      31
      27
      39
      16
      24
      12
      14
       7
      10
       6
       5
       4
       6
       7
       9
       2
       5
       4
       6
       8
       5
       5
       6
       9
       6
      10
       8
       5
       7
       4
       6
       9
       7
      11
      13
       9
       8
       7
       7
       7
       7
       2
      13
       6
       7
      11
       5
       7
       8
       4
       9
       3
      12
       8
       4
      10
       6
       4
       5
       6
      11
      14
       5
       4
      11
       4
       6
       3
       3
      15
       5
       7
       6
      10
       7
       6
      13
       5
      10
       5
       5
       7
      11
       3
       6
      13
       5
       9
       7
       8
       7
      10
       6
       5
       8
       8
      10
       7
       8
      11
       6
       8
       5
      10
       6
       5
      10
       8
       9
      13
      12
      11
       8
       3
       9
       4
       5
       4
       5
       9
       9
       6
       9
       6
       5
      13
       3
       8
       9
       8
       7
       5
       9
       5
       4
       8
       4
       7
       8
       4
      11
       6
       8
       2
       4
       8
       4
       9
       9
       7
       3
       2
       6
       7
       9
       5
       4
       2
       9
       5
      10
      10
       4
       6
       6
       7
       9
       6
      10
       5
       3
       5
       7
       8
       5
       4
       9
       7
       9
       6
       6
       5
       5
       5
       7
       4
       5
      13
       7
       7
       5
       3
       9
       7
       7
       4
       6
       7
       5
       4
       4
       6
       6
       5
       8
       6
       3
       6
       4
       5
       7
       7
       6
       3
       4
       4
       5
       9
       0
       3
       4
       7
       5
       4
       2
       2
       9
       3
       2
       5
       5
      14
       2
       8
       8
       3
       8
       8
       9
       7
       4
       2
       5
       2
       7
       2
       4
       8
       9
       5
      11
       5
       5
       8
       2
       8
      10
       8
       3
       9
       2
       5
       8
       3
       3
      11
       5
       3
       8
      11
      11
       9
      14
       6
       8
       5
       9
       8
       1
       5
       7
       7
       4
       2
       5
       4
       8
       2
       4
       6
       7
       7
       5
       9
       5
       9
       7
       5
       3
       2
       4
       4
       5
       5
       4
      10
       8
       6
       3
       4
       6
       3
       4
       8
       5
       7
       5
       8
      12
       5
       2
       4
       6
       1
       5
       6
       4
       5
       4
       6
       2
       6
       8
       6
       2
       1
       8
       9
       6
       7
       7
       5
       6
       9
      23
      23
      25
      26
      27
      12
      19
       8
      12
       3
       7
       9
       5
       5
       6
       3
       2
       9
       3
       8
       5
       3
       6
       7
       4
       5
       2
       4
       5
       2
       2
       3
       5
       3
       3
       4
       2
       1
       3
       2
       5
       1
       5
       8
       2
       5
       0
       2
       5
       4
       4
       4
       4
       4
       4
       3
       8
       3
       8
       6
       4
       8
       7
       3
       3
       2
       4
       9
       4
       6
       9
       6
       8
       7
       5
       5
       5
       5
       4
       2
       3
       4
       3
       3
       1
       4
       2
       3
       5
       6
       2
       3
       5
       1
       3
       8
       8
       3
       7
       7
       7
       5
       1
       2
       7
       4
       5
       4
       5
       7
       2
       4
       5
       6
      10
       4
       3
       6
       7
       5
       7
       5
       3
       2
       4
       8
       6
       5
       8
       2
       6
       1
       6
       5
       2
       2
       3
       2
       6
       7
       9
       8
       3
       5
       6
       7
       9
       5
       8
       4
       6
       1
       4
       6
       3
       3
       7
       4
       5
       4
       3
       6
       6
       5
       0
       3
       3
       8
       4
       5
       3
       7
       0
       3
       1
       6
      11
       4
       3
       7
       3
       6
       6
       2
       2
       4
       7
       8
       0
       3
       4
       3
       4
       9
       4
       3
       7
       9
       4
       2
       2
       3
       4
       4
       3
       4
       5
       4
       7
      11
      14
      24
      26
      34
      29
      26
      14
       9
       9
       3
       6
       2
       4
       6
       3
       6
       4
       3
       6
       5
       4
       3
       6
       3
       3
       6
       3
       4
       5
       3
       3
       4
       3
       4
       4
       4
       3
       2
       5
       1
       2
       2
       4
       5
       4
       3
       6
       4
       5
       2
       2
       5
       3
       2
       7
       2
       1
       5
       5
       4
       5
       3
       3
       1
       3
       4
       4
       1
       1
       3
       6
       4
       4
      13
       7
      12
      17
      14
      13
       5
       5
       5
       4
       3
       5
       7
       2
       2
       2
       2
       4
       4
       3
       1
       6
       3
       6
       3
       5
       1
       2
       6
       6
       2
       2
       4
       5
       1
       2
       3
       4
       1
       4
       4
       2
       4
       8
       3
       3
       5
       5
      10
       4
       3
       3
       4
       1
       4
       1
       4
       5
       3
       2
       6
       1
       5
       1
       4
       6
       4
       3
       4
       7
       0
       5
       2
       6
       4
       3
       5
       1
       4
       3
       6
       4
       3
       5
       3
       8
       8
       6
       7
       4
       1
       3
       3
       1
       2
       2
       5
       5
       7
       2
       1
       3
       0
       2
       0
       4
       4
       2
       3
       2
       6
       2
       5
      10
       6
       6
       7
       7
       6
       6
       4
       3
       2
       4
       6
       1
       4
       1
       6
       0
       3
       5
       3
       6
       4
       3
       4
       6
       3
       3
       6
       2
       3
       2
       2
       4
       5
       2
       3
       5
       3
       6
       8
       2
       4
       1
       5
       4
       2
       5
       4
       1
       6
       5
       1
       2
       1
       5
       3
       3
       3
       6
       3
       1
       1
       4
       3
       1
       4
       4
       3
       3
       1
       4
       3
       2
       1
       1
       5
       3
       2
       4
       1
       4
       3
       2
       1
       4
       2
       3
       2
       2
       2
       2
       3
       4
       2
       2
       0
       4
       4
       2
       1
       8
       7
      10
      10
      16
      17
      16
      33
      19
      16
      12
      13
       5
       2
       3
       4
       3
       1
       2
       4
       3
       4
       4
       2
       1
       5
       3
       6
       5
       3
       3
       4
       2
       4
       5
       0
       3
       1
       2
       3
       1
       5
       1
       3
       3
       3
       0
       1
       2
       0
       0
       3
       4
       1
       2
       4
       3
       2
       1
       3
       2
       6
       0
       2
       2
       3
       1
       2
       3
       2
       1
       1
       1
       2
       4
       4
       2
       1
       2
       5
       4
       0
       5
       2
       1
       3
       5
       4
       1
       2
       2
       3
       1
       0
       2
       1
       5
       4
       4
       3
       1
       4
       2
       2
       4
       5
       6
       8
       5
       4
       2
       7
       4
       6
       4
       5
       4
       2
       6
       4
       9
       6
       7
       6
       8
       6
       3
       1
       4
       4
       2
       0
       2
       5
       2
       5
       4
       4
       1
       3
       2
       2
       5
       2
       3
       2
       0
       5
       5
       3
       2
       3
       4
       3
       6
       2
       4
       1
       6
       4
       1
       3
       2
       3
       5
       3
       4
       1
       2
       2
       2
       1
       3
       5
       3
       3
       1
       1
       3
       1
       1
       3
       4
       2
       2
       2
       2
       1
       5
       0
       1
       4
       0
       0
       3
       6
       5
       1
       0
       2
       2
       2
       3
       3
       2
       4
       1
       1
       3
       0
       2
       1
       5
       3
       3
       0
       2
       0
       1
       2
       2
       1
       2
       3
       0
       3
       1
       1
       2
       2
       0
       1
       0
       1
       4
       2
       0
       2
       2
       2
       4
       0
       3
       1
       1
       2
       2
       2
       2
       1
       3
       1
       2
       1
       3
       3
       6
       4
       0
       1
       1
       3
       0
       4
       1
       1
       1
       4
       1
       1
       1
       1
       2
       0
       1
       1
       3
       2
       2
       1
       5
       2
       5
       5
       3
       4
       0
       1
       2
       1
       2
       3
       1
       1
       2
       3
       3
       0
       4
       2
       2
       4
       5
       0
       1
       1
       2
       3
       2
       3
       2
       1
       7
       0
       2
       2
       1
       1
       1
       0
       1
       2
       6
       3
       5
       2
       0
       1
       3
      10
      11
      12
       6
       4
       9
       6
       3
       4
       3
       3
       4
       2
       3
       1
       2
       1
       2
       5
       3
       2
       0
       1
       1
       3
       0
       3
       2
       2
       1
       0
       3
       3
       1
       2
       0
       2
       3
       1
       0
       3
       2
       0
       2
       1
       3
       3
       0
       0
       2
       1
       3
       2
       0
       3
       2
       2
       4
       2
       2
       2
       1
       3
       2
       1
       4
       0
       3
       2
       1
       4
       1
       0
       0
       1
       2
       3
       2
       1
       4
       3
       1
       2
       2
       0
       2
       0
       3
       2
       0
       2
       3
       0
       0
       1
       2
       1
       2
       1
       2
       1
       3
       1
       5
       1
       4
       2
       0
       2
       1
       2
       2
       1
       2
       3
       2
       1
       2
       3
       2
       1
       3
       1
       2
       2
       3
       2
       2
       1
       3
       0
       1
       0
       3
       4
       2
       3
       2
       1
       2
       1
       3
       3
       2
       2
       0
       1
       3
       2
       1
       2
       3
       3
       2
       0
       1
       1
       0
       2
       0
       1
       3
       4
       1
       2
       1
       3
       4
       2
       1
       0
       2
       1
       1
       1
       1
       3
       2
       2
       3
       1
       3
       2
       3
       1
       3
       4
       4
       1
       2
       2
       1
       3
       3
       3
       0
       4
       2
       4
       0
       1
       1
       0
       1
       1
       1
       3
       1
       0
       0
       0
       1
       3
       4
       2
       2
       2
       2
       5
       3
       3
       2
       0
       0
       0
       2
       2
       3
       1
       2
       1
       1
       2
       1
       0
       1
       2
       0
       0
       3
       2
       1
       1
       0
       2
       0
       0
       2
       2
       0
       2
       2
       1
       0
       2
       4
       2
       3
       0
       2
       2
       2
       2
       3
       1
       2
       0
       2
       3
       0
       1
       3
       1
       0
       0
       2
       2
       1
       1
       1
       1
       2
       3
       3
       2
       1
       0
       2
       3
       0
       0
       4
       2
       1
       1
       3
       1
       4
       2
       1
       3
       1
       2
       0
       1
       1
       0
       1
       1
       4
       0
       2
       2
       2
       2
       3
       0
       1
       2
       1
       2
       2
       1
       0
       0
       2
       7
       1
       4
       2
       1
       2
       4
       3
       2
       2
       2
       3
       2
       0
       4
       0
       4
       0
       2
       1
       1
       3
       0
       2
       1
       1
       2
       1
       2
       1
       2
       2
       1
       3
       2
       2
       5
       0
       4
       1
       1
       2
       1
       0
       1
       2
       2
       2
       1
       1
       0
       3
       0
       4
       0
       0
       0
       3
       1
       4
       1
       3
       3
       1
       3
       1
       3
       0
       0
       1
       1
       0
       0
       1
       3
       2
       1
       0
       1
       1
       4
       4
       0
       2
       3
       1
       1
       1
       2
       1
       0
       2
       2
       3
       1
       1
       0
       0
       1
       0
       0
       0
       1
       0
       3
       3
       2
       5
       3
       1
       1
       0
       0
       0
       0
       0
       1
       2
       1
       1
       1
       2
       1
       0
       0
       0
       0
       0
       0
       1
       0
       2
       1
       0
       0
       3
       0
       3
       2
       3
       0
       1
       2
       0
       3
       2
       2
       0
       2
       1
       2
       1
       0
       2
       3
       1
       1
       2
       2
       1
       3
       0
       0
       0
       1
       1
       0
       0
       1
       0
       1
       3
       2
       0
       1
       1
       1
       0
       3
       0
       0
       2
       4
       1
       1
       0
       0
       1
       2
       1
       0
       1
       2
       0
       0
       0
       2
       0
       1
       1
       0
       1
       1
       1
       0
       1
       1
       0
       2
       2
       1
       0
       0
       1
       2
       2
       1
       4
       3
       2
       3
       0
       3
       0
       3
       0
       4
       1
       0
       1
       1
       0
       1
       2
       0
       3
       1
       1
       1
       1
       1
       0
       1
       1
       0
       3
       2
       1
       1
       3
       2
       0
       2
       1
       2
       4
       3
       0
       0
       2
       0
       1
       1
       1
       0
       1
       0
       3
       2
       1
       1
       1
       2
       0
       2
       1
       3
       0
       1
       1
       2
       3
       0
       1
       0
       2
       1
       0
       1
       1
       1
       0
       0
       1
       0
       3
       1
       3
       2
       2
       0
       0
       1
       0
       2
       1
       1
       0
       3
       1
       4
       0
       0
       0
       2
       2
       1
       0
       2
       1
       1
       3
       1
       1
       0
       0
       3
       2
       0
       1
       2
       1
       0
       4
       2
       3
       0
       1
       0
       0
       2
       2
       0
       0
       4
       0
       1
       3
       1
       1
       2
       1
       1
       3
       1
       2
       3
       0
       2
       1
       0
       1
       0
       1
       2
       1
       0
       1
       1
       1
       3
       1
       1
       2
       0
       0
       3
       4
       2
       1
       2
       1
       0
       0
       1
       2
       1
       2
       1
       2
       2
       1
       1
       3
       0
       0
       1
       1
       0
       2
       1
       0
       0
       2
       1
       1
       0
       0
       2
       0
       1
       1
       0
       1
       1
       0
       1
       0
       1
       1
       0
       0
       0
       1
       0
       3
       0
       0
       2
       0
       1
       3
       1
       1
       0
       2
       2
       1
       0
       1
       1
       0
       1
       0
       0
       0
       2
       2
       2
       0
       2
       0
       2
       0
       0
       2
       0
       0
       2
       0
       1
       1
       3
       0
       0
       1
       1
       0
       1
       2
       2
       0
       1
       1
       1
       1
       2
       0
       2
       0
       3
       1
       0
       2
       3
       1
       1
       0
       2
       1
       1
       0
       0
       0
       1
       0
       1
       1
       2
       0
       0
       1
       1
       2
       0
       0
       2
       0
       2
       0
       1
       1
       0
       2
       1
       3
       1
       3
       0
       2
       1
       1
       0
       1
       1
       0
       0
       1
       1
       0
       0
       0
       1
       2
       0
       1
       1
       0
       1
       2
       5
       1
       0
       2
       2
       1
       0
       2
       1
       0
       1
       0
       0
       2
       0
       0
       0
       0
       0
       1
       1
       3
       1
       0
       0
       1
       1
       0
       1
       0
       0
       0
       0
       0
       1
       1
       1
       0
       0
       1
       0
       0
       0
       2
       2
       0
       1
       3
       0
       0
       0
       0
       2
       0
       0
       1
       2
       2
       1
       1
       1
       2
       0
       1
       0
       2
       1
       1
       0
       1
       0
       3
       0
       1
       2
       0
       1
       0
       1
       2
       2
       0
       1
       1
       0
       1
       1
       0
       1
       0
       0
       0
       1
       1
       0
       3
       1
       0
       0
       0
       0
       0
       1
       0
       1
       1
       0
       2
       0
       0
       0
       3
       1
       0
       1
       0
       2
       0
       1
       0
       0
       1
       1
       0
       4
       0
       1
       0
       1
       1
       0
       0
       1
       0
       1
       1
       1
       1
       0
       0
       1
       3
       0
       0
       0
       0
       0
       0
       0
       0
       0
       0
       0
       0
       0
       1
       1
       0
       0
       3
       0
       3
       0
       0
       0
       1
       0
       2
       2
       0
       2
       1
       0
       0
       0
       0
       0
       1
       2
       1
       0
       2
       0
       0
       1
       0
       1
       2
       0
       0
       0
       0
       1
       0
       2
       0
       0
       0
       2
       2
       1
       1
       0
       2
       2
       1
       0
       0
       0
       1
       0
       0
       0
       1
       0
       0
       2
       1
       0
       0
       0
       1
       0
       1
       1
       1
       0
       0
       1
       0
       2
       1
       1
       0
       0
       2
       2
       0
       0
       1
       1
       1
       2
       0
       0
       0
       1
       1
       0
       1
       0
       1
       1
       1
       0
       1
       4
       1
       1
       0
       2
       0
       0
       0
       0
       2
       1
       2
       2
       1
       0
       0
       1
       1
       1
       0
       0
       1
       0
       0
       0
       0
       0
       0
       0
       0
       0
       0
       1
       2
       2
       1
       0
       0
       3
       0
       2
       0
       1
       0
       0
       0
       0
       0
       0
       0
       0
       0
       0
       0
       1
       3
       1
       1
       1
       0
       0
       0
       2
       2
       1
       0
       0
       1
       0
       1
       2
       0
       0
       0
       0
       0
       2
       0
       1
       1
       0
       3
       0
       1
       0
       4
       1
       1
       0
       0
       1
       0
       3
       5
       2
       2
       2
       4
       4
       3
       1
       1
       1
       1
       0
       1
       1
       0
       1
       0
       0
       0
       0
       0
       2
       0
       0
       2
       1
       0
       0
       1
       0
       0
       0
       0
       0
       0
       0
       1
       1
       2
       0
       1
       1
       1
       0
       3
       1
       3
       0
       1
       1
       1
       2
       0
       1
       1
       1
       0
       0
       0
       0
       0
       2
       0
       0
       0
       1
       1
       0
       1
       0
       1
       0
       0
       2
       1
       1
       0
       1
       1
       2
       1
       0
       0
       0
       0
       0
       2
       0
       0
       0
       0
       0
       0
       0
       1
       2
       0
       1
       0
       1
       1
       0
       0
       1
       0
       0
       1
       0
       1
       0
       0
       1
       0
       2
       0
       1
       2
       1
       2
       0
       0
       0
       1
       1
       0
       0
       1
       0
       0
       0
       0
       0
       0
       0
       0
       0
       1
       0
       1
       0
       0
       0
       1
       0
       0
       0
       0
       0
       0
       0
       2
       0
       0
       0
       0
       0
       0
       1
       0
       0
       1
       0
       0
       0
       0
       2
       1
       1
       1
       0
       0
       2
       0
       1
       0
       0
       0
       2
       0
       0
       0
       2
       2
       0
       1
       0
       0
       0
       0
       0
       2
       0
       1
       0
       2
       0
       1
       1
       1
       0
       1
       0
       2
       4
       0
       0
       0
       0
       1
       0
       0
       0
       0
       1
       0
       0
       1
       1
       0
       0
       0
       1
       0
       0
       1
       0
       0
       0
       1
       0
       0
       0
       0
       2
       1
       0
       3
       0
       0
       1
       1
       0
       1
       2
       0
       0
       1
       0
       2
       1
       0
       1
       1
       0
       0
       1
       0
       0
       1
       0
       0
       1
       0
       0
       1
       1
       2
       0
       0
       0
       0
       0
       1
       0
       0
       0
       0
       0
       1
       0
       0
       0
       0
       1
       0
       0
       0
       0
       0
       0
       0
       0
       0
       0
       0
       0
       0
       0
       2
       0
       0
       0
       0
       0
       0
       1
       0
       0
       0
       1
       1
       0
       0
       0
       1
       0
       1
       0
       0
       0
       0
       0
       0
       1
       0
       0
       0
       0
       0
       1
       0
       1
       0
       2
       0
       1
       0
       0
       0
       0
       0
       0
       1
       0
       0
       0
       0
       1
       0
       0
       0
       0
       0
       0
       0
       1
       0
       0
       0
       0
       0
       0
       1
       1
       0
       1
       1
       0
       1
       0
       1
       0
       0
       0
       0
       0
       0
       0
       0
       0
       0
       0
       0
       1
       1
       0
       0
       0
       1
       1
       1
       1
       0
       0
       0
       1
       0
       0
       0
       2
       0
       0
       0
       0
       0
       0
       1
       0
       2
       0
       0
       0
       0
       1
       1
       0
       0
       2
       0
       0
       0
       0
       0
       0
       0
       0
       0
       0
       0
       0
       1
       0
       0
       0
       0
       1
       0
       0
       0
       0
       1
       1
       0
       0
       0
       0
       2
       1
       0
       0
       0
       0
       0
       1
       0
       0
       1
       0
       3
       2
       0
       2
       1
       0
       2
       0
       0
       0
       0
       0
       1
       0
       0
       1
       1
       0
       0
       0
       0
       0
       0
       1
       0
       1
       0
       0
       0
       0
       0
       0
       0
       0
       0
       0
       0
       1
       0
       0
       2
       1
       1
       0
       0
       0
       0
       0
       0
       0
       1
       0
       0
       1
       0
       0
       0
       0
       0
       0
       0
       0
       0
       0
       0
       0
       0
       0
       0
       0
       1
       1
       0
       1
       1
       0
       0
       0
       1
       0
       0
       1
       0
       0
       1
       0
       0
       1
       0
       0
       1
       0
       0
       0
       0
       0
       2
       0
       0
       1
       0
       0
       0
       0
       0
       1
       0
       1
       1
       1
       2
       4
       2
       3
       0
       1
       2
       1
       0
       0
       0
       1
       1
       0
       0
       1
       1
       0
       0
       0
       0
       0
       0
       1
       0
       0
       1
       0
       0
       0
       0
       1
       0
       0
       0
       0
       1
       0
       0
       0
       0
       0
       1
       0
       0
       0
       1
       0
       0
       0
       1
       0
       0
       1
       0
       1
       1
       0
       1
       0
       0
       1
       0
       0
       0
       0
       0
       0
       1
       0
       0
       0
       0
       0
       0
       2
       0
       0
       1
       0
       1
       0
       0
       1
       1
       1
       0
       1
       0
       0
       0
       0
       1
       0
       0
       1
       0
       1
       0
       0
       0
       0
       1
       1
       0
       0
       0
       0
       0
       0
       0
       0
       0
       0
       0
       0
       0
       0
       1
       0
       0
       0
       0
       0
       0
       2
       0
       0
       0
       0
       0
       0
       1
       1
       0
       0
       0
       0
       0
       1
       1
       0
       0
       1
       1
       0
       0
       0
       0
       0
       0
       0
       0
       0
       0
       0
       0
       0
       0
       0
       2
       0
       0
       0
       1
       0
       1
       0
       0
       1
       0
       0
       0
       0
       0
       0
       0
       0
       0
       0
       0
       0
       0
       1
       0
       1
       0
       2
       0
       0
       0
       0
       1
       0
       0
       0
       0
       0
       0
       0
       0
       0
       0
       0
       0
       0
       0
       0
       0
       0
       0
       0
       0
       0
       0
       0
       0
       1
       1
       0
       0
       1
       0
       1
       0
       0
       0
       0
       0
       0
       0
       0
       1
       0
       1
       0
       0
       0
       0
       0
       0
       0
       0
       1
       0
       1
       0
       0
       0
       0
       1
       1
       0
       0
       0
       0
       0
       0
       0
       0
       0
       0
       0
       0
       0
       0
       0
       0
       1
       0
       1
       0
       1
       0
       0
       0
       0
       0
       0
       0
       0
       0
       0
       0
       1
       1
       0
       0
       0
       0
       0
       0
       0
       0
       0
       0
       0
       0
       1
       0
       0
       0
       0
       0
       0
       0
       0
       0
       0
       0
       1
       0
       0
       0
       0
       0
       0
       1
       0
       0
       1
       0
       1
       0
       0
       0
       0
       0
       0
       0
       0
       0
       1
       0
       0
       0
       0
       0
       0
       0
       0
       0
       0
       0
       0
       1
       0
       0
       0
       0
       0
       0
       1
       1
       0
       0
       0
       0
       0
       0
       1
       0
       0
       0
       0
       0
       1
       0
       0
       0
       0
       0
       0
       0
       0
       0
       1
       0
       0
       0
       0
       0
       0
       0
       0
       1
       2
       0
       0
       0
       0
       0
       0
       0
       0
       0
       0
       0
       0
       0
       0
       0
       0
       0
       1
       0
       0
       0
       0
       0
       1
       0
       0
       0
       0
       0
       0
       0
       0
       0
       0
       0
       0
       0
       0
       0
       1
       0
       1
       0
       0
       0
       0
       0
       0
       0
       0
       0
       0
       0
       0
       0
       0
       0
       0
       0
       1
       0
       0
       1
       0
       0
       0
       0
       1
       0
       0
       1
       0
       0
       0
       0
       0
       0
       0
       0
       0
       0
       0
       0
       0
       0
       0
       0
       0
       0
       0
       0
       0
       0
       0
       0
       0
       0
       0
       0
       0
       0
       0
       0
       0
       0
       1
       0
       0
       0
       0
       0
       0
       0
       0
       0
       1
       0
       0
       0
       1
       0
       0
       0
       0
       0
       0
       0
       1
       1
       0
       0
       0
       0
       1
       0
       0
       0
       1
       0
       0
       0
       1
       0
       0
       0
       0
       0
       0
       0
       0
       0
       0
       0
       0
       0
       0
       1
       0
       1
       0
       0
       0
       0
       1
       0
       0
       0
       0
       0
       0
       0
       0
       0
       0
       1
       0
       0
       0
       0
       0
       0
       0
       0
       0
       0
       0
       0
       0
       0
       0
       0
       0
       0
       0
       0
       0
       0
       1
       0
       0
       0
       0
       1
       0
       0
       1
       0
       0
       0
       0
       0
       0
       0
       0
       1
       0
       0
       0
       0
       0
       0
       0
       0
       0
       0
       0
       0
       0
       0
       0
       0
       1
       0
       0
       0
       0
       0
       0
       0
       0
       0
       0
       0
       0
       0
       2
       0
       2
       1
       0
       0
       0
       0
       0
       0
       0
       0
       0
       2
       0
       0
       0
       0
       0
       0
       0
       0
       0
       0
       0
       0
       0
       1
       0
       0
       0
       0
       0
       0
       0
       0
       0
       0
       0
       0
       0
       0
       0
       0
       0
       0
       0
       0
       0
       0
       0
       2
       0
       0
       0
       0
       0
       0
       0
       0
       0
       0
       0
       0
       0
       0
       0
       0
       0
       0
       0
       0
       0
       0
       0
       0
       1
       0
       0
       0
       0
       0
       0
       0
       0
       0
       0
       0
       0
       0
       0
       0
       0
       0
       0
       0
       0
       0
       0
       0
       0
       0
       0
       0
       0
       0
       0
       0
       0
       0
       0
       0
       0
       0
       0
       0
       0
       0
       1
       0
       0
       0
       0
       0
       0
       0
       0
       0
       0
       0
       0
       0
       0
       0
       0
       0
       0
       0
       0
       0
       0
       0
       0
       0
       0
       0
       0
       0
       0
       2
       0
       0
       0
       0
       0
       0
       0
       0
       1
       0
       0
       0
       0
       0
       0
       0
       0
       0
       0
       0
       0
       0
       0
       1
       0
       1
       0
       0
       0
       0
       0
       0
       0
       0
       0
       0
       0
       0
       0
       0
       0
       0
       0
       0
       0
       0
       0
       0
       0
       0
       0
       0
       0
       0
       0
       0
       0
       0
       2
       0
       0
       0
       0
       0
       0
       0
       0
       0
       0
       0
       0
       0
       0
       0
       0
       0
       0
       0
       0
       0
       0
       0
       0
       0
       0
       0
       0
       0
       0
       0
       0
       0
       0
       0
       0
       0
       0
       0
       0
       0
       0
       0
       0
       0
       1
       0
       0
       0
       0
       0
       1
       0
       0
       0
       0
       0
       0
       0
       0
       0
       1
       0
       0
       0
       0
       0
       0
       0
       0
       0
       0
       0
       0
       0
       0
       0
       0
       0
       0
       0
       0
       0
       0
       0
       0
       0
       0
       0
       0
       1
       0
       0
       0
       0
       0
       0
       1
       0
       0
       0
       0
       0
       0
       0
       0
       0
       0
       0
       0
       1
       0
       0
       0
       0
       0
       0
       0
       0
       0
       0
       0
       1
       0
       0
       0
       0
       0
       0
       0
       0
       0
       0
       0
       0
       0
       1
       0
       1
       0
       0
       0
       0
       0
       0
       0
       0
       0
       0
       0
       0
       0
       0
       0
       0
       0
       0
       0
       0
       0
       0
       0
       0
       0
       0
       0
       0
       0
       0
       0
       0
       0
       0
       0
       0
       0
       1
       0
       0
       0
       0
       0
       0
       0
       0
       0
       0
       0
       0
       0
       0
       0
       1
       0
       0
       0
       0
       0
       0
       0
       0
       0
       0
       0
       1
       0
       0
       0
       0
       0
       0
       0
       0
       0
       0
       0
       0
       0
       0
       0
       0
       0
       0
       0
       0
       0
       0
       0
       0
       0
       0
       0
       0
       0
       0
       0
       0
       0
       0
       0
       0
       0
       0
       0
       0
       0
       0
       0
       0
       0
       0
       0
       0
       0
       0
       0
       0
       0
       0
       0
       0
       0
       0
       0
       0
       0
       0
       0
       0
       0
       0
       0
       0
       0
       0
       0
       0
       0
       0
       0
       0
       0
       0
       0
       0
       0
       0
       0
       0
       0
       0
       0
       0
       0
       0
       0
       0
       0
       0
       0
       0
       0
       0
       0
       0
       0
       0
       1
       0
       0
       0
       0
       0
       0
       0
       0
       1
       0
       0
       0
       0
       0
       0
       0
       0
       0
       1
       0
       0
       1
       0
       0
       0
       0
       0
       0
       0
       0
       0
       0
       1
       0
       0
       0
       0
       0
       1
       0
       0
       0
       0
       0
       0
       0
       0
       0
       0
       0
       1
       0
       0
       0
       0
       0
       0
       0
       0
       0
       0
       0
       0
       0
       0
       0
       0
       0
       0
       0
       0
       1
       0
       0
       0
       1
       0
       1
       0
       0
       0
       0
       0
       0
       0
       0
       1
       0
       0
       0
       0
       0
       0
       0
       0
       0
       0
       0
       0
       0
       0
       0
       0
       0
       0
       0
       0
       0
       0
       0
       0
       1
       0
       0
       0
       0
       0
       0
       0
       0
       0
       0
       0
       0
       0
       0
       0
       0
       0
       0
       0
       0
       0
       0
       0
       0
       0
       0
       1
       0
       0
       0
       0
       0
       0
       0
       0
       0
       0
       0
       1
       0
       0
       0
       0
       0
       0
       0
       0
       0
       0
       0
       0
       0
       0
       1
       0
       0
       0
       0
       0
       0
       0
       0
       0
       0
       0
       0
       0
       0
       0
       0
       0
       0
       1
       0
       0
       0
       0
       0
       0
       0
       0
       0
       0
       0
       0
       0
       0
       0
       0
       0
       0
       0
       0
       0
       0
       0
       0
       0
       0
       0
       0
       0
       0
       0
       0
       0
       0
       0
       0
       0
       0
       0
       0
       0
       0
       0
       0
       0
       0
       0
       0
       0
       0
       0
       0
       0
       0
       0
       0
       0
       0
       0
       0
       0
       0
       0
       0
       0
       0
       0
       0
       0
       0
       0
       0
       0
       0
       0
       0
       0
       0
       0
       0
       0
       0
       0
       0
       0
       0
       0
       0
       0
       0
       0
       0
       0
       0
       0
       0
       0
       0
       0
       0
       0
       0
       0
       0
       0
       0
       0
       0
       0
       0
       0
       0
       0
       0
       0
       0
       0
       0
       0
       0
       0
       0
       0
       0
       0
       0
       0
       0
       0
       0
       0
       0
       0
       0
       0
       0
       0
       0
       0
       0
       0
       0
       0
       0
       0
       0
       0
       0
       0
       0
       0
       0
       0
       0
       0
       0
       0
       0
       0
       0
       0
       0
       0
       0
       0
       0
       0
$ROI:
0
$PRESETS:
Real Time
180
0
$ENER_FIT:
0.888569 0.390988
$MCA_CAL:
3
8.885689E-001 3.909876E-001 3.191953E-008 keV
$SHAPE_CAL:
3
0.000000E+000 0.000000E+000 0.000000E+000
