$SPEC_ID:
1
$SPEC_REM:
DET# 2
DETDESC# MCB 130 Normal
AP# Maestro Version 7.01
$DATE_MEA:
10/04/2019 02:26:36
$MEAS_TIM:
175 180
$DATA:
0 8191
       0
       0
       0
       0
       0
       0
       0
       0
       0
       0
       0
       0
       0
       0
       0
       0
       0
       0
       0
       0
       0
       0
       0
       0
       0
       0
      30
     804
     222
     144
     207
     262
     348
     281
     194
     214
     208
     237
     326
     385
     374
     308
     291
     307
     314
     258
     237
     212
     208
     234
     226
     200
     165
     147
     151
     165
     159
     176
     186
     199
     184
     190
     194
     203
     241
     227
     206
     195
     320
     464
     771
     823
     572
     343
     383
     440
     587
     585
     422
     351
     351
     341
     312
     284
     285
     255
     293
     505
     918
    1495
    1476
     893
     330
     190
     221
     243
     287
     291
     222
     210
     292
     462
     535
     469
     328
     308
     236
     198
     181
     197
     200
     186
     176
     175
     186
     195
     175
     177
     180
     185
     182
     175
     168
     212
     307
     430
     373
     238
     199
     153
     183
     167
     164
     174
     178
     154
     157
     149
     181
     154
     196
     191
     200
     283
     553
     651
     424
     250
     168
     187
     176
     166
     175
     144
     149
     172
     154
     178
     181
     172
     167
     178
     186
     193
     169
     174
     199
     185
     213
     179
     182
     178
     207
     183
     203
     211
     202
     186
     188
     178
     207
     204
     223
     213
     204
     199
     236
     217
     238
     252
     265
     260
     233
     233
     212
     232
     220
     204
     216
     231
     192
     245
     250
     288
     493
     803
     760
     424
     234
     206
     200
     219
     198
     214
     219
     225
     213
     225
     197
     214
     226
     240
     232
     223
     240
     202
     227
     226
     217
     248
     281
     373
     316
     300
     246
     241
     240
     226
     227
     321
     344
     379
     324
     239
     250
     199
     241
     201
     271
     401
     464
     458
     307
     264
     235
     207
     205
     229
     218
     243
     240
     239
     248
     224
     235
     204
     263
     204
     222
     213
     219
     183
     213
     212
     195
     195
     214
     241
     234
     234
     236
     277
     264
     282
     286
     296
     264
     233
     200
     231
     244
     216
     229
     235
     227
     232
     249
     249
     194
     185
     195
     217
     215
     192
     211
     194
     200
     212
     225
     210
     233
     186
     216
     194
     191
     206
     211
     233
     198
     215
     188
     186
     174
     217
     214
     221
     221
     188
     180
     228
     222
     204
     216
     211
     217
     233
     210
     228
     244
     228
     207
     195
     212
     223
     209
     203
     202
     209
     195
     222
     184
     202
     218
     188
     189
     283
     713
    1945
    2737
    2049
     790
     270
     187
     183
     170
     156
     177
     168
     182
     245
     319
     327
     283
     183
     158
     169
     146
     186
     159
     140
     178
     184
     191
     193
     164
     195
     181
     183
     152
     161
     160
     154
     143
     178
     178
     170
     174
     161
     161
     162
     174
     169
     157
     178
     159
     158
     139
     170
     165
     148
     143
     130
     124
     158
     194
     237
     184
     138
     163
     155
     145
     150
     155
     138
     158
     144
     149
     152
     175
     177
     157
     149
     146
     134
     149
     148
     174
     141
     166
     148
     138
     156
     145
     127
     138
     150
     146
     144
     151
     142
     137
     163
     171
     154
     149
     136
     131
     129
     128
     152
     179
     234
     278
     250
     177
     161
     130
     145
     116
     132
     137
     137
     135
     160
     174
     168
     134
     122
     126
     137
     135
     125
     126
     145
     136
     154
     137
     155
     129
     149
     134
     118
     120
     126
     136
     103
     145
     124
     132
     123
     133
     120
     127
     135
     140
     136
     143
     124
     129
     125
     110
     128
     119
     114
     156
     124
     141
     123
     123
     133
     117
     139
     114
     117
     130
     119
     127
     119
     125
     124
     111
      90
     134
     130
     125
     121
     127
     112
     103
     132
     119
     133
     117
     119
     120
     106
     125
     126
     116
     114
     109
     100
     121
     128
     131
     114
     134
     117
     107
     110
     131
     111
     129
     133
     106
     111
     125
     114
     100
     112
     109
     102
     129
      99
     113
     105
     110
      88
     121
     122
     189
     404
     942
    1283
     928
     419
     176
     110
     105
      93
     130
     160
     163
     111
     117
      79
     100
     107
      98
      88
      93
      97
      83
      93
     106
     111
      97
      89
     118
     118
     131
     108
      98
      94
      91
      96
     118
     113
     102
      94
     109
     102
     123
      81
      85
      81
     100
      76
      79
      92
     105
      91
      85
      79
      91
     222
     616
    1532
    1995
    1446
     661
     213
      97
      91
      76
      80
      98
      90
      99
     118
     118
     104
      80
      75
      92
      68
      83
      77
      96
      91
      85
      81
      66
      93
      78
      87
      77
      80
      92
      87
     108
     109
     118
      99
      91
      86
      85
      94
      89
      84
     119
     142
     160
     137
     100
      79
      85
      77
      69
      86
      88
      73
      78
      93
      77
      69
      80
      95
      86
      83
      78
      90
      91
     104
      86
      87
      97
      77
     100
      70
      74
      72
      88
      93
      80
      78
      79
      89
      83
      77
      85
      83
      84
      82
      87
      88
     100
      99
      82
      98
      94
      76
      80
      76
      77
      83
      90
      80
      88
      96
      84
      78
      82
      76
      79
      76
      87
     228
     563
     863
     887
     487
     199
      94
      83
      86
      82
      89
      91
      78
      66
      82
     113
      99
     104
      81
      64
      86
      77
      85
      76
      77
      59
      63
      86
      67
      74
      74
      90
     100
     109
      90
      95
      65
      77
      88
      67
      93
      73
      77
      86
      71
      55
      81
      82
      53
      83
      59
      67
      75
      85
      66
      66
      73
      69
      72
      61
      77
      89
      94
      93
      89
      73
      85
      82
     120
     140
     113
      71
      87
      75
      71
      74
      67
      74
      60
      67
      74
      76
      75
      75
      72
      57
      60
      70
      76
      52
      76
      80
      91
      95
     110
      95
      83
      70
      77
      62
      68
      85
      58
      76
      68
      76
      95
      79
      67
      68
      85
      74
      63
      62
      60
      70
      77
      65
      70
      69
      68
      73
      96
      75
      74
      77
      72
      65
      60
      68
      75
      45
      64
      73
      61
      53
      67
      64
      54
      71
      61
      76
      70
      66
      63
      75
      70
      74
     101
     109
     118
     101
     105
      80
      78
      67
      61
      51
      66
      52
      58
      92
      82
      82
      85
      63
      64
      61
      64
      61
      58
      66
      64
      57
      60
      64
      66
      49
      66
      52
      53
      60
      99
     143
     221
     287
     222
     111
      75
      65
      68
      69
      62
      40
      56
      58
      57
      59
      68
      57
      61
      51
      55
      36
      44
      49
      52
      53
      48
      45
      53
      49
      59
      40
      66
      60
      55
      51
      50
      57
      52
      49
      43
      46
      48
      52
      62
      50
      63
      55
      40
      53
      60
      56
      49
      39
      47
      41
      42
      57
      53
      48
      52
      52
      59
      64
      64
      61
      55
      59
      61
      61
      72
      46
      52
      59
      46
      62
      41
      48
      51
      51
      49
      51
      54
      37
      49
      59
      53
      56
      41
      54
      57
      52
      50
      51
      59
      59
      51
      54
      46
      51
      43
      45
      53
      46
      45
      35
      50
      39
      52
      51
      49
      56
      53
      58
      44
      58
      53
      43
      51
      44
      40
      51
      47
      40
      45
      55
      42
      44
      53
      49
      55
      40
      51
      45
      50
      42
      51
      57
      46
      40
      44
      54
      42
      46
      53
      41
      36
      64
      58
      54
      63
      57
      58
      72
      66
      54
      61
      54
      44
      50
      41
      40
      52
      34
      42
      40
      43
      50
      43
      49
      41
      45
      41
      45
      45
      42
      63
      62
      44
      51
      56
      52
      52
      43
      51
      44
      42
      41
      53
      51
      53
      55
      53
      46
      57
      45
      40
      51
      48
      45
      58
      49
      37
      54
      54
      47
      41
      48
      53
      45
      51
      40
      48
      52
      56
      55
      46
      51
      47
      35
      40
      51
      46
      54
      49
      54
      59
      53
      48
      48
      57
      61
      46
      39
      37
      50
      30
      43
      37
      38
      45
      45
      40
      43
      46
      57
      39
      53
      54
      42
      35
      64
      49
      47
      55
      40
      51
      60
      60
      59
      37
      42
      42
      44
      39
      49
      51
      50
      53
      52
      45
      56
      33
      51
      54
      51
      44
      40
      50
      42
      31
      44
      50
      55
      36
      44
      35
      37
      39
      50
      54
      30
      47
      39
      48
      42
      62
      45
      47
      48
      48
      34
      42
      41
      45
      44
      40
      39
      37
      37
      44
      52
      41
      43
      50
      67
     103
      96
      96
      55
      43
      38
      41
      58
      53
      60
      56
      52
      42
      25
      37
      42
      41
      38
      42
      33
      41
      36
      41
      43
      51
      61
      80
      91
      71
      39
      38
      36
      33
      34
      42
      29
      35
      38
      40
      38
      36
      39
      38
      39
      30
      33
      37
      53
      46
      65
      59
      48
      47
      72
     106
      69
      42
      35
      44
      53
      41
      75
      53
      41
      42
      46
      34
      43
      32
      43
      43
      33
      35
      43
      36
      31
      40
      38
      38
      33
      40
      31
      29
      35
      32
      37
      39
      28
      32
      37
      58
      97
     115
     104
      74
      64
      44
      42
      32
      24
      41
      51
      46
      59
      45
      50
      45
      88
     265
     558
     935
     929
     669
     312
     114
      50
      35
      27
      43
      34
      37
      39
      28
      27
      31
      29
      34
      48
      69
      85
      84
      87
      39
      39
      39
      34
      37
      24
      36
      29
      37
      36
      31
      28
      31
      33
      34
      32
      42
      29
      28
      31
      43
      49
      53
      46
      28
      45
      35
      37
      29
      33
      30
      34
      26
      28
      25
      26
      41
      28
      19
      40
      45
      52
     111
     153
     228
     239
     168
      83
      55
      31
      25
      21
      18
      24
      26
      29
      26
      20
      31
      26
      17
      29
      21
      27
      28
      28
      23
      27
      21
      30
      32
      22
      10
      16
      23
      27
      23
      32
      22
      29
      18
      34
      33
      30
      20
      27
      28
      16
      19
      25
      27
      27
      20
      19
      19
      20
      24
      27
      25
      18
      21
      18
      29
      22
      22
      35
      19
      25
      31
      18
      17
      26
      21
      22
      27
      27
      25
      29
      23
      26
      15
      16
      19
      24
      29
      24
      18
      20
      18
      28
      19
      17
      23
      12
      27
      23
      21
      26
      21
      16
      23
      26
      33
      14
      21
      19
      16
      24
      24
      23
      14
      27
      19
      21
      26
      24
      25
      23
      23
      18
      19
      21
      28
      29
      36
      27
      32
      22
      24
      21
      26
      15
      23
      17
      18
      17
      24
      31
      32
      45
      43
      38
      33
      28
      25
      30
      25
      24
      14
      20
      17
      21
      15
      12
      21
      12
      22
      20
      15
      17
      13
      13
      16
      29
      26
      21
      27
      17
      25
      23
      23
      53
      20
      20
      15
      17
      22
      22
      16
      21
      11
      16
      12
      21
      14
      12
      14
      22
      18
      19
      15
      16
      25
      29
      55
      70
      75
      59
      31
      23
      12
      16
      16
      18
      12
      20
      11
      13
      21
      17
      22
      19
      31
      18
      22
      18
      12
      18
      13
      12
      13
      13
      15
      14
      15
      21
      11
      10
      16
      12
      18
      16
      21
      14
      15
      18
      20
      12
      11
      18
      24
      14
      20
      19
      23
      19
      21
      23
      23
      18
      14
      28
      33
      48
      48
      41
      39
      22
      20
      12
      19
      19
      25
      37
     111
     295
     560
     671
     618
     423
     151
      59
      18
      18
      15
      12
      18
      19
      21
      12
      15
      17
      44
      57
      66
      38
      33
      33
      50
     117
     248
     427
     396
     277
     159
      79
      37
      37
      30
      44
      21
      40
      29
      32
      18
      11
      11
      12
       8
      16
      15
      16
      10
      16
       6
       9
      19
      13
      13
       4
      12
      16
      11
      10
      22
      21
       9
      12
       2
      10
      15
      13
      15
       4
      18
      12
      14
      12
      16
      10
      11
       6
      13
      13
      11
      14
      10
      11
       7
      22
      15
      15
      14
      13
       9
      11
      12
       7
      11
      10
      13
       9
       7
       6
      16
      13
      13
       8
      14
      12
       6
      14
       8
      11
      10
      11
      12
      13
      14
       7
       6
      14
      17
      14
      14
      15
      12
       9
      16
      10
      21
      23
      24
      17
       9
       8
      18
      10
       7
       6
      14
      14
      12
      14
      10
       8
      10
      10
      13
      10
      14
      14
       6
       6
      16
       9
      10
      10
      10
      13
      13
      15
      11
       8
      13
      12
      11
       7
      21
      34
      63
      43
      32
      30
      20
      30
      24
      19
      22
      18
      15
      23
      15
      31
      30
      25
      18
      14
      14
      11
      12
      12
      16
      11
       9
      16
      13
      14
      11
       2
      12
       6
       6
       6
      12
      15
      10
      10
       7
      18
      11
      16
      21
      33
      70
      76
      90
      50
      36
      19
      15
      31
      62
     208
     369
     546
     440
     339
     184
      63
      23
      13
      10
      10
      10
      13
      12
      14
      16
      28
      49
      62
      50
      75
      46
      23
      16
      16
      12
      10
      13
       6
       8
      11
      15
      19
       8
      14
      23
      22
      25
      21
      16
       4
       9
      11
      15
      15
      10
      11
      13
       9
      14
      10
       6
       5
      14
      10
      14
       9
       9
       8
      11
      16
       8
       7
      16
      12
      11
      13
      17
      11
      12
       6
      11
       9
      13
      52
      81
     181
     285
     274
     165
      95
      49
      23
      17
       3
       3
       7
      10
      19
      24
      31
      23
      34
      24
      14
      18
      11
       6
      11
      12
       8
      12
       7
      13
       8
      11
       8
       8
      12
       9
       7
      11
      10
       6
       8
      11
       7
       6
       5
       7
      11
      10
      16
       7
       8
       6
       9
      13
       5
       8
       8
      15
       7
      11
      13
       9
      11
       8
       8
      15
       8
       8
      14
      11
       2
       7
       7
       4
      10
       7
       8
       6
       7
       8
      10
      10
       6
       8
      15
      14
      10
       6
       6
       4
      12
       9
       9
       7
       6
       9
      11
       8
      22
      17
      13
      17
      12
      10
      14
      25
      25
      28
       9
      11
       9
       6
      21
      31
      19
      30
      14
       6
       7
      11
       9
       8
      10
       8
       5
      11
       8
      13
       7
       8
      13
      11
       6
      10
       9
       6
       6
       6
       6
       8
       7
       7
       8
       3
       8
       8
      10
       7
       3
       8
      13
       9
       7
       6
       6
      10
       5
       5
       9
       9
       3
       8
       7
       5
       5
      14
       4
      13
      17
       5
      11
      10
       8
       6
       6
      10
       8
       8
       7
      10
      13
       8
       3
       9
      10
       9
      11
       5
      10
       9
       9
       7
      11
       7
       6
       6
       5
       3
       4
       5
       7
       8
       9
       9
       7
      13
      15
      20
      14
      13
       8
       4
       4
      11
       8
      12
      17
       9
      20
      24
      10
       9
       3
       5
       5
       8
       8
       6
       8
       5
       3
       7
       4
       9
      11
       6
       4
       6
       3
       8
       6
      11
       4
       9
      10
      14
      14
       9
       8
       6
      10
       8
       9
       6
       8
       9
       9
      12
       6
       7
       3
      12
      12
      11
      12
      21
      29
      43
      24
      22
      14
       8
      11
      10
      12
      13
       8
      17
      27
      14
      12
      19
       7
       7
      11
      10
       9
       8
       6
       6
       8
       7
       5
       6
       6
       6
       4
       5
       5
       6
       4
       7
       7
       6
       8
      12
       7
       4
       6
       8
       8
       8
       7
       6
       5
       5
       3
       3
       8
      10
       4
       6
      12
       3
       6
       8
       5
       8
       6
       8
      11
       5
       3
       6
      12
       8
       4
       5
       4
       4
       4
       6
       5
       9
       5
       4
      12
       5
       6
       6
       5
       8
       7
      10
      10
      14
      19
      12
       7
      16
       6
       4
       6
       7
       5
       4
       6
       8
       8
       6
       3
       3
       9
       2
       6
       7
       7
       8
      10
       9
       8
       5
       8
       6
       5
       7
      13
       6
       9
       6
       7
      10
      16
      11
      16
      20
      18
      16
       8
       5
      10
      13
       5
       4
       8
       3
       4
       6
       4
       6
       6
       5
       9
       4
       3
       8
       2
      10
       8
       7
       4
       5
       6
       3
       4
       1
       5
       8
      11
       5
      10
       7
       4
       5
       5
       2
       9
       4
       6
       3
       4
       5
      10
      13
       9
       6
       4
       7
      12
      17
       9
       9
       9
       8
       6
       5
       9
       5
       5
       2
       6
       3
       4
       8
       3
       8
       5
      22
      35
      55
      47
      29
      18
      13
       5
       5
       5
       5
       4
       3
       3
       7
       6
       6
       3
       8
       3
       4
       6
      11
       7
      11
       6
       7
       8
       9
      11
       7
      15
      13
      13
      10
       9
       4
      12
       8
       7
      12
       7
       9
       5
       8
       8
       8
       7
       3
       4
       5
       9
       5
       7
       4
       4
       6
       6
       7
       2
       5
       7
       4
       3
       9
       3
       4
       3
       5
       6
      11
       4
       3
       7
      11
       5
       6
       9
       8
       8
       5
       9
       5
       2
       4
       6
       7
       7
       8
       7
       3
       8
       5
       9
       4
       8
       6
       5
       6
       2
       6
       2
       5
       6
       6
       1
       4
       5
       4
       5
       2
       6
       2
       4
       5
       6
       3
       3
       4
       4
       1
       7
       6
       8
       3
       5
       3
       6
       1
       8
       7
       8
       3
       7
       5
       0
       5
       9
       3
       6
       4
       1
       4
       2
       1
       7
       3
       5
       5
       8
       2
       5
       8
       4
       1
       3
       4
       8
       6
       5
       8
       8
       8
       8
       6
       4
       0
       4
       3
      10
       5
       7
       8
       7
      12
       6
       6
      14
      30
      45
      64
      66
      54
      40
      22
      11
       6
       6
       5
       3
      10
       1
       4
       6
       7
       4
      11
       3
       6
       1
       8
       5
       2
       6
       3
       5
       8
       3
       5
       3
       8
       2
      11
       5
       2
       7
      11
       5
      13
      14
       8
      10
       3
       4
       3
       2
       2
       5
       4
       7
       3
       3
       1
       6
       5
       1
       4
       4
       2
       4
       3
       3
       5
       3
       5
       4
       5
       7
       7
       5
       8
       5
       9
       6
       3
       5
       8
       3
       9
       1
       3
       5
       7
       1
       5
       1
       6
       6
       6
       2
       9
       1
       8
       7
       4
       5
       6
       8
       7
       2
       2
       4
       3
       3
       3
       7
       2
       1
       4
      11
       4
       1
       7
       9
       6
       5
       6
       7
       1
       7
       5
       3
       2
       6
       5
       4
       3
       3
       1
       5
       3
       2
       7
       6
       7
       5
       5
       7
       4
       4
      10
       7
       2
       7
       5
       3
       3
       7
       3
       5
       6
       2
       5
       2
       3
       6
      10
       5
       4
       3
       5
       4
       5
       2
       3
       5
       4
       3
       5
       5
       5
       3
       3
       6
       5
       5
       5
       6
       2
       2
       4
       5
       2
       2
       4
       2
       3
       4
       5
       0
       2
       4
       4
       5
       6
       2
       9
       2
       7
       6
       5
       5
       5
       6
       4
       7
       6
       3
       5
       3
       5
       1
       6
       7
       1
       4
       5
       2
       4
       8
       7
       3
       3
       7
       2
       3
       4
       3
       0
       7
       8
       5
       6
       9
       7
       2
       6
       3
       2
       4
       6
       4
       4
       5
       8
      10
      13
       6
      11
      10
       5
       5
       1
       6
       6
       4
       7
      14
       6
       8
       8
       8
      11
       5
       4
       3
       2
       3
       9
       3
       2
       9
       6
      15
      13
      16
      23
      19
       8
       5
       2
       6
       6
       4
       5
       5
       5
      10
       9
      10
       7
       2
       4
       4
       1
       1
       3
       5
       4
       4
       7
       9
       7
       3
       6
       6
       3
       8
       8
       5
       6
       4
       2
       6
      12
      10
       7
      12
      13
       9
       9
       8
       1
       1
       4
       2
       4
       6
       3
       1
       3
       2
       3
       3
       3
       3
       5
       7
       4
       6
       5
       0
       1
       6
       4
       3
       4
       3
       1
       1
       4
       3
       4
       2
       4
       5
       5
       3
       0
       4
       3
       5
       4
       3
       3
       4
       1
       2
       5
       3
       4
       3
       5
       7
       2
       5
       7
       3
       9
       8
       6
       7
      15
      13
       8
       5
       5
       1
       4
       7
       3
       4
       5
       7
       6
       8
       5
       5
       7
       4
       6
       2
       2
       8
       3
       2
       3
       6
       1
       0
       2
       2
       6
       2
       6
       2
       4
       0
       8
       2
       5
       2
       3
       4
       1
       4
       1
       4
       3
       1
       4
       3
       5
       0
       0
       3
       7
       7
       0
       6
       2
       3
       3
       2
       3
       4
       0
       3
       4
       4
       4
       6
       4
       7
       7
       4
       2
       3
       5
       4
       1
       2
       5
       2
       2
       6
       4
       5
       8
       7
       3
       3
       6
       3
       5
       1
       3
       3
       0
       2
       2
       2
       4
       2
       4
       2
       7
       7
       2
       2
       4
       4
       2
       2
       4
       5
       0
       3
       0
       1
       2
       6
       4
       1
       4
       1
       4
       3
       4
       1
       1
       4
       2
       3
       3
       0
       2
       0
       4
       2
       3
       0
       2
       8
       3
       4
       2
       3
       0
       3
       4
       4
       2
       3
       5
       2
       6
       0
       2
       4
       4
       2
       8
       5
       7
      10
       8
       8
      10
       3
       7
       7
       2
       1
       3
       0
       8
       4
       1
       4
       4
       6
       5
       1
       1
       1
       4
       2
       2
       0
       2
       2
       3
       6
       4
       2
       4
       1
       0
       4
       6
       4
       3
       0
       2
       4
       5
       2
       1
       1
       3
       2
       4
       4
       2
       6
       1
       6
       3
       2
       5
       4
       3
       6
      18
      20
      15
      14
      11
       6
       7
       3
       2
       4
       1
       3
       5
       3
       4
       5
       4
       4
       1
       5
       4
       3
       5
       3
       2
       5
       2
       1
       2
       4
       7
       5
       4
       4
       5
       0
       3
       5
       3
       4
       2
       3
       5
       3
       4
       4
       4
       7
       1
       4
       2
       4
       5
       4
       2
       4
       4
       3
       6
       1
       2
       3
       4
       3
       2
       2
       5
       1
       6
       2
       1
       3
       2
       0
       3
       3
       5
       3
       4
       5
       2
       3
       3
       1
       1
       2
       1
       6
       5
       3
       3
       4
       4
       6
       7
       5
      11
       7
      10
       7
      10
       9
       3
       4
       4
       6
       4
       2
       2
       3
       0
       1
       0
       1
       2
       0
       0
       2
       1
       3
       2
       4
       1
       1
       1
       0
       2
       3
       2
       4
       7
       3
       2
       3
       4
       5
       1
       4
       3
       0
       2
       0
       1
       3
       3
       3
       3
       2
       4
       3
       0
       0
       1
       4
       1
       6
       2
       1
       3
       6
       3
       3
       0
       1
       1
       2
       1
       2
       5
       1
       3
       3
       5
       0
       3
       4
       3
       1
       2
       2
       3
       2
       1
       6
       6
       4
       9
       5
       7
       8
       1
       2
       3
       1
       6
       4
       4
       1
       1
       0
       2
       2
       5
       3
       5
       2
       1
       5
       0
       3
       4
       1
       3
       1
       4
       2
       4
       2
       4
       2
       1
       2
       0
       1
       3
       0
       4
       2
       3
       4
       3
       6
       1
       4
       5
       4
       1
       1
       2
       2
       1
       1
       2
       2
       1
       2
       2
       3
       3
       3
       0
       5
       0
       2
       0
       2
       1
       0
       4
       4
       4
       3
       6
       1
       4
       6
       5
       1
       3
       5
       4
       0
       3
       3
       1
       3
       4
       1
       3
       3
       1
       1
       4
       5
       1
       1
       7
       4
       4
       0
       4
       0
       2
       3
       0
       2
       2
       1
       0
       3
       3
       1
       3
       3
       4
       0
       2
       1
       5
       2
       1
       0
       1
       1
       0
       0
       0
       4
       3
       3
       2
       4
       2
       2
       0
       3
       1
       1
       2
       0
       0
       2
       1
       2
       1
       0
       1
       4
       3
       1
       0
       0
       1
       3
       3
       3
       1
       0
       1
       2
       1
       5
       7
       7
       4
      16
      11
      13
       6
       8
       3
       1
       2
       0
       2
       2
       2
       1
       0
       0
       2
       1
       3
       1
       0
       0
       1
       4
       4
       2
       2
       3
       2
       0
       2
       2
       3
       2
       3
       5
       3
       2
       3
       4
       3
       3
       4
       0
       0
       1
       0
       2
       1
       2
       1
       2
       1
       0
       2
       0
       1
       0
       3
       3
       2
       1
       4
       2
       3
       1
       3
       3
       3
       1
       1
       1
       1
       0
       2
       2
       3
       1
       3
       2
       0
       1
       5
       2
       2
       2
       1
       0
       1
       3
       2
       1
       2
       1
       2
       2
       3
       2
       2
       1
       0
       0
       2
       2
       2
       2
       2
       1
       1
       4
       2
       0
       4
       7
       4
       3
       2
       5
       2
       2
       1
       0
       1
       2
       4
       2
       2
       0
       1
       4
       2
       0
       3
       3
       2
       2
       1
       0
       0
       0
       2
       1
       0
       1
       2
       3
       1
       5
       3
       3
       4
       7
       6
       6
       8
       3
       8
      10
      11
      13
      16
      23
      28
       8
       9
       8
       1
       4
       0
       1
       1
       0
       0
       2
       2
       1
       0
       1
       1
       2
       1
       0
       2
       1
       2
       0
       4
       3
       3
       0
       1
       4
       2
       3
       1
       0
       1
       2
       2
       0
       0
       1
       0
       2
       0
       1
       3
       0
       0
       1
       0
       1
       1
       2
       1
       2
       0
       0
       0
       2
       1
       1
       1
       2
       2
       1
       1
       1
       1
       3
       0
       0
       2
       1
       1
       4
       0
       3
       0
       2
       2
       1
       1
       0
       2
       0
       1
       0
       2
       1
       0
       0
       0
       2
       3
       1
       0
       1
       1
       2
       1
       4
       1
       1
       1
       0
       1
       2
       1
       1
       1
       4
       1
       0
       2
       0
       0
       0
       2
       1
       0
       1
       0
       3
       3
       1
       1
       2
       2
       2
       3
       1
       2
       1
       1
       1
       1
       0
       0
       3
       1
       1
       3
       2
       1
       1
       1
       1
       2
       0
       1
       2
       0
       1
       1
       1
       2
       1
       0
       1
       1
       0
       1
       1
       0
       0
       2
       2
       0
       1
       2
       4
       1
       1
       1
       0
       1
       1
       0
       3
       2
       0
       3
       1
       0
       0
       1
       0
       1
       1
       2
       0
       0
       0
       1
       3
       0
       0
       0
       2
       1
       4
       0
       1
       1
       2
       0
       1
       1
       1
       2
       1
       0
       1
       0
       2
       2
       1
       1
       1
       1
       2
       1
       1
       0
       1
       1
       1
       0
       1
       2
       0
       3
       0
       0
       0
       0
       0
       2
       2
       2
       1
       0
       2
       1
       1
       2
       0
       1
       1
       0
       1
       1
       0
       0
       0
       2
       0
       2
       2
       1
       0
       2
       2
       0
       0
       1
       1
       2
       2
       2
       0
       3
       1
       2
       1
       1
       3
       0
       0
       0
       2
       1
       0
       1
       0
       0
       1
       1
       1
       0
       1
       1
       1
       1
       0
       0
       0
       0
       2
       1
       1
       0
       0
       1
       0
       1
       2
       1
       3
       1
       2
       0
       2
       1
       3
       2
       1
       0
       1
       1
       1
       3
       1
       1
       3
       0
       0
       0
       1
       0
       0
       0
       0
       1
       2
       0
       1
       1
       0
       0
       0
       1
       5
      13
      20
      21
      33
      35
      25
      16
      17
       9
       3
       2
       1
       0
       1
       0
       1
       1
       0
       0
       0
       0
       1
       0
       1
       1
       0
       3
       0
       0
       3
       0
       2
       0
       1
       0
       1
       0
       1
       1
       1
       1
       2
       0
       0
       0
       1
       1
       1
       0
       1
       0
       0
       0
       1
       0
       0
       2
       1
       1
       0
       1
       2
       1
       0
       0
       1
       0
       2
       0
       0
       0
       1
       0
       0
       0
       0
       1
       1
       0
       0
       0
       1
       0
       0
       1
       0
       0
       0
       1
       0
       2
       1
       1
       0
       0
       1
       2
       1
       0
       0
       1
       1
       1
       1
       0
       0
       0
       1
       1
       0
       0
       1
       3
       1
       2
       0
       1
       0
       1
       1
       0
       1
       0
       2
       1
       1
       1
       1
       1
       1
       1
       1
       3
       0
       1
       1
       3
       2
       3
       0
       0
       0
       3
       1
       5
       1
       2
       2
       0
       0
       2
       1
       0
       2
       0
       1
       2
       0
       2
       0
       0
       2
       3
       0
       0
       1
       0
       0
       2
       0
       1
       0
       1
       1
       1
       0
       0
       0
       2
       1
       0
       0
       0
       1
       0
       0
       0
       0
       2
       0
       0
       2
       0
       1
       0
       0
       0
       1
       1
       1
       0
       2
       1
       1
       0
       0
       0
       0
       0
       1
       3
       4
       1
       2
       5
       4
       0
       0
       0
       0
       2
       1
       0
       1
       0
       0
       0
       0
       1
       1
       1
       0
       2
       1
       1
       2
       0
       0
       0
       1
       0
       0
       0
       0
       0
       0
       0
       1
       1
       0
       1
       1
       1
       1
       0
       0
       0
       0
       1
       1
       1
       0
       0
       1
       1
       0
       0
       0
       1
       0
       0
       4
       1
       0
       0
       0
       0
       0
       0
       0
       0
       0
       3
       0
       1
       1
       3
       2
       2
       3
       2
       0
       0
       0
       0
       1
       0
       0
       0
       1
       0
       0
       0
       0
       0
       0
       2
       0
       1
       1
       1
       0
       1
       2
       1
       1
       0
       0
       0
       1
       0
       0
       2
       0
       1
       2
       0
       0
       0
       2
       1
       1
       2
       0
       0
       0
       0
       2
       1
       0
       0
       2
       0
       0
       1
       1
       1
       0
       1
       0
       1
       0
       0
       0
       1
       0
       0
       2
       0
       1
       0
       1
       1
       0
       1
       0
       0
       1
       0
       0
       0
       0
       1
       1
       0
       0
       0
       0
       1
       1
       1
       0
       0
       0
       0
       0
       0
       2
       0
       0
       0
       2
       1
       3
       0
       3
       1
       0
       1
       3
       0
       2
       2
       0
       0
       0
       1
       1
       1
       1
       0
       1
       1
       0
       0
       1
       0
       0
       1
       2
       0
       0
       2
       1
       0
       0
       1
       0
       1
       0
       0
       1
       4
       4
       1
       2
       4
       3
       0
       4
       0
       0
       1
       0
       0
       1
       0
       0
       0
       0
       0
       0
       1
       0
       0
       0
       0
       0
       2
       0
       0
       0
       0
       0
       1
       0
       0
       0
       0
       1
       0
       0
       1
       0
       1
       2
       0
       0
       0
       1
       0
       0
       0
       0
       1
       0
       1
       1
       2
       1
       1
       0
       1
       0
       1
       0
       0
       0
       0
       1
       2
       1
       3
       2
       4
       2
       2
       1
       1
       0
       1
       0
       0
       0
       1
       1
       1
       0
       0
       0
       0
       0
       2
       0
       1
       0
       0
       0
       0
       1
       1
       0
       0
       1
       0
       1
       1
       2
       0
       0
       0
       1
       0
       0
       0
       1
       0
       0
       1
       0
       0
       0
       0
       0
       0
       1
       1
       0
       1
       0
       0
       0
       1
       1
       0
       0
       0
       1
       0
       0
       1
       0
       1
       0
       0
       0
       0
       0
       0
       0
       0
       2
       0
       0
       1
       1
       0
       1
       0
       0
       0
       0
       1
       0
       1
       1
       0
       1
       0
       0
       0
       0
       1
       0
       1
       1
       1
       0
       0
       0
       0
       0
       0
       0
       0
       0
       0
       0
       0
       1
       0
       1
       0
       0
       0
       0
       0
       0
       0
       0
       1
       1
       1
       0
       0
       0
       1
       1
       0
       0
       0
       0
       0
       0
       1
       0
       1
       3
       0
       1
       2
       0
       0
       2
       1
       0
       0
       1
       0
       0
       0
       0
       0
       0
       0
       0
       0
       1
       0
       0
       0
       0
       0
       0
       0
       0
       0
       0
       1
       1
       0
       0
       0
       0
       1
       1
       0
       0
       0
       0
       0
       0
       0
       0
       0
       0
       0
       0
       0
       0
       1
       0
       1
       0
       0
       0
       0
       0
       0
       0
       0
       0
       0
       0
       0
       0
       0
       0
       0
       1
       0
       0
       1
       0
       0
       1
       0
       1
       0
       0
       0
       0
       1
       0
       0
       0
       0
       0
       0
       0
       1
       0
       0
       0
       0
       0
       0
       0
       1
       2
       0
       0
       0
       1
       0
       0
       0
       0
       0
       0
       0
       0
       0
       0
       0
       0
       0
       0
       1
       0
       0
       0
       0
       0
       0
       1
       0
       0
       0
       0
       0
       0
       1
       0
       0
       0
       0
       0
       0
       0
       0
       0
       0
       0
       0
       0
       0
       0
       1
       0
       0
       0
       1
       0
       0
       0
       0
       0
       0
       0
       0
       0
       0
       0
       0
       0
       0
       0
       0
       1
       1
       0
       0
       1
       1
       2
       2
       2
       1
       1
       1
       1
       0
       1
       0
       0
       0
       0
       1
       1
       0
       0
       0
       0
       0
       0
       0
       0
       0
       0
       1
       2
       0
       0
       0
       0
       0
       1
       0
       0
       0
       1
       1
       0
       0
       0
       0
       0
       1
       0
       0
       1
       0
       1
       0
       2
       0
       1
       0
       0
       0
       0
       0
       1
       0
       0
       0
       0
       0
       0
       0
       0
       0
       0
       0
       0
       0
       0
       0
       0
       0
       1
       0
       0
       1
       0
       1
       0
       0
       1
       0
       0
       0
       1
       1
       1
       0
       1
       0
       0
       0
       0
       0
       0
       0
       0
       1
       0
       0
       1
       0
       0
       0
       1
       0
       2
       1
       0
       2
       1
       0
       1
       1
       0
       0
       0
       1
       0
       0
       0
       0
       0
       0
       0
       0
       0
       0
       0
       0
       0
       1
       1
       1
       2
       0
       0
       0
       0
       0
       1
       0
       1
       0
       0
       0
       0
       0
       1
       0
       0
       0
       1
       0
       0
       0
       0
       0
       1
       0
       2
       0
       0
       0
       0
       0
       0
       0
       0
       0
       0
       0
       0
       0
       0
       0
       0
       0
       0
       0
       0
       0
       0
       0
       0
       0
       0
       0
       0
       0
       0
       2
       0
       0
       0
       2
       0
       1
       0
       0
       0
       0
       0
       0
       0
       1
       0
       0
       0
       1
       0
       1
       2
       1
       1
       0
       3
       0
       0
       0
       0
       0
       0
       1
       0
       0
       0
       0
       0
       0
       0
       0
       0
       0
       0
       0
       1
       0
       0
       0
       0
       0
       0
       0
       0
       0
       0
       1
       0
       0
       0
       0
       0
       0
       0
       1
       0
       1
       1
       0
       0
       0
       0
       1
       0
       0
       0
       0
       0
       0
       0
       1
       0
       0
       0
       0
       0
       0
       1
       0
       0
       0
       0
       0
       0
       0
       0
       0
       1
       0
       0
       1
       0
       0
       0
       1
       0
       1
       0
       0
       0
       0
       0
       0
       0
       0
       0
       0
       0
       0
       0
       1
       1
       0
       0
       0
       0
       0
       0
       0
       0
       0
       0
       0
       0
       0
       1
       1
       0
       1
       0
       1
       1
       0
       0
       0
       0
       0
       0
       0
       0
       0
       0
       0
       0
       1
       0
       0
       0
       0
       0
       0
       0
       0
       0
       0
       0
       0
       0
       0
       0
       1
       0
       0
       0
       0
       0
       0
       0
       0
       0
       0
       0
       0
       1
       0
       0
       1
       0
       0
       1
       0
       1
       0
       0
       0
       0
       0
       0
       0
       0
       0
       0
       0
       0
       0
       0
       0
       0
       0
       0
       1
       0
       0
       0
       0
       0
       0
       1
       0
       0
       0
       0
       0
       0
       0
       0
       1
       0
       0
       1
       0
       0
       0
       0
       0
       0
       0
       1
       0
       0
       0
       0
       0
       0
       0
       0
       0
       0
       0
       0
       0
       0
       0
       0
       0
       0
       0
       0
       0
       0
       2
       0
       0
       0
       0
       0
       1
       0
       0
       0
       0
       1
       0
       0
       0
       0
       0
       0
       0
       3
       0
       0
       0
       0
       0
       1
       0
       1
       0
       0
       0
       0
       0
       0
       0
       0
       0
       0
       0
       0
       0
       1
       0
       0
       0
       0
       0
       0
       1
       0
       1
       0
       0
       0
       0
       1
       0
       0
       0
       0
       0
       0
       0
       0
       0
       0
       1
       0
       0
       0
       0
       0
       0
       1
       0
       0
       0
       1
       0
       0
       0
       0
       0
       0
       0
       0
       0
       0
       1
       0
       0
       0
       1
       0
       0
       0
       0
       0
       0
       0
       0
       0
       0
       0
       0
       0
       0
       0
       0
       0
       0
       0
       0
       0
       0
       0
       0
       0
       0
       0
       0
       0
       0
       0
       1
       0
       0
       0
       1
       0
       0
       0
       0
       0
       0
       0
       0
       0
       0
       0
       0
       0
       0
       0
       1
       0
       1
       0
       0
       0
       0
       0
       0
       0
       0
       0
       0
       0
       1
       0
       0
       0
       0
       0
       0
       0
       0
       0
       0
       0
       0
       0
       0
       0
       0
       0
       0
       0
       1
       0
       0
       0
       0
       0
       0
       0
       0
       0
       0
       0
       0
       0
       0
       0
       0
       0
       0
       0
       1
       0
       0
       0
       0
       1
       0
       0
       0
       0
       0
       0
       1
       0
       0
       0
       0
       0
       1
       0
       0
       0
       1
       0
       0
       0
       0
       0
       0
       0
       0
       1
       0
       0
       1
       0
       0
       0
       0
       0
       1
       0
       0
       1
       0
       0
       0
       0
       0
       0
       0
       0
       0
       0
       0
       0
       0
       0
       0
       0
       1
       0
       0
       0
       0
       0
       0
       0
       0
       0
       0
       1
       0
       0
       0
       0
       0
       0
       0
       0
       0
       0
       2
       0
       0
       0
       0
       0
       0
       0
       0
       0
       0
       0
       0
       0
       0
       0
       0
       0
       0
       0
       0
       0
       0
       0
       0
       0
       0
       0
       0
       0
       2
       0
       0
       0
       0
       0
       0
       0
       0
       0
       0
       0
       0
       0
       0
       0
       0
       0
       0
       0
       0
       1
       0
       0
       0
       0
       0
       0
       0
       0
       0
       0
       0
       1
       0
       0
       0
       0
       0
       0
       0
       0
       0
       0
       0
       0
       0
       0
       0
       0
       0
       0
       0
       0
       0
       1
       0
       0
       0
       0
       0
       0
       0
       0
       0
       0
       0
       0
       0
       0
       0
       0
       0
       0
       0
       0
       0
       0
       0
       0
       0
       0
       0
       0
       0
       0
       0
       0
       0
       0
       0
       0
       0
       0
       0
       0
       0
       1
       0
       0
       0
       0
       0
       0
       0
       1
       0
       0
       1
       0
       0
       1
       0
       1
       0
       0
       0
       0
       0
       0
       0
       0
       0
       0
       0
       0
       0
       0
       0
       0
       0
       0
       0
       0
       0
       0
       0
       0
       0
       0
       0
       1
       0
       1
       0
       0
       0
       0
       0
       0
       0
       0
       0
       0
       0
       0
       0
       0
       0
       0
       0
       0
       0
       0
       0
       0
       0
       1
       0
       0
       0
       0
       1
       0
       0
       0
       0
       0
       0
       0
       0
       0
       0
       1
       0
       0
       1
       0
       0
       0
       0
       1
       0
       0
       0
       0
       0
       0
       0
       0
       0
       0
       0
       0
       0
       0
       0
       0
       0
       0
       0
       0
       0
       0
       0
       0
       0
       1
       0
       0
       0
       0
       0
       0
       0
       0
       0
       0
       0
       0
       0
       0
       1
       0
       0
       1
       0
       0
       0
       1
       0
       0
       1
       0
       0
       0
       0
       1
       0
       0
       0
       1
       0
       0
       0
       0
       0
       0
       0
       1
       0
       0
       0
       0
       0
       0
       0
       0
       0
       0
       0
       0
       0
       0
       0
       0
       0
       0
       1
       1
       0
       0
       0
       1
       0
       0
       0
       0
       0
       0
       0
       0
       0
       0
       0
       0
       0
       0
       0
       0
       0
       0
       0
       0
       0
       0
       0
       0
       0
       0
       0
       0
       1
       0
       0
       0
       0
       0
       0
       0
       0
       0
       0
       0
       0
       0
       0
       1
       0
       0
       0
       0
       0
       0
       0
       0
       1
       0
       0
       0
       2
       0
       0
       0
       0
       0
       0
       0
       0
       0
       0
       0
       0
       0
       0
       0
       0
       0
       0
       0
       0
       0
       0
       0
       0
       0
       0
       0
       0
       0
       0
       0
       0
       1
       0
       0
       0
       0
       0
       0
       0
       0
       0
       0
       0
       0
       0
       0
       0
       0
       0
       0
       0
       0
       0
       0
       0
       0
       0
       0
       0
       0
       0
       0
       1
       0
       0
       0
       0
       0
       0
       0
       0
       0
       0
       0
       0
       0
       0
       0
       0
       0
       0
       0
       0
       0
       0
       0
       0
       0
       0
       0
       0
       0
       0
       0
       0
       0
       0
       0
       0
       0
       0
       0
       0
       0
       0
       0
       1
       0
       0
       0
       0
       0
       0
       0
       0
       0
       0
       1
       0
       0
       0
       0
       0
       0
       0
       0
       0
       0
       0
       1
       0
       0
       0
       0
       0
       0
       0
       0
       0
       0
       0
       0
       0
       0
       0
       0
       0
       1
       1
       0
       1
       0
       0
       1
       0
       0
       0
       0
       0
       0
       0
       0
       0
       0
       0
       1
       1
       0
       0
       0
       0
       0
       0
       0
       0
       0
       0
       0
       0
       0
       0
       0
       0
       0
       0
       0
       0
       0
       0
       0
       2
       0
       0
       0
       0
       0
       0
       0
       0
       0
       0
       0
       0
       0
       0
       0
       1
       0
       0
       0
       0
       0
       1
       0
       0
       0
       0
       0
       0
       0
       0
       0
       0
       0
       0
       0
       0
       0
       0
       0
       0
       0
       0
       0
       0
       0
       0
       0
       0
       0
       0
       0
       0
       0
       0
       0
       0
       1
       0
       1
       0
       0
       0
       0
       1
       0
       0
       0
       0
       0
       0
       0
       0
       0
       0
       0
       1
       0
       0
       0
       0
       0
       1
       0
       0
       0
       0
       0
       0
       0
       0
       0
       0
       0
       0
       0
       0
       0
       0
       0
       0
       0
       0
       1
       0
       0
       0
       0
       0
       0
       0
       0
       0
       0
       0
       0
       0
       0
       0
       0
       0
       0
       0
       0
       0
       0
       0
       0
       0
       0
       0
       0
       0
       0
       0
       0
       0
       0
       0
       0
       0
       0
       0
       0
       0
       0
       0
       0
       0
       0
       1
       0
       0
       0
       0
       0
       1
       0
       0
       0
       0
       0
       0
       0
       0
       0
       0
       0
       0
       0
       0
       0
       0
       0
       0
       0
       0
       0
       0
       0
       0
       0
       0
       0
       0
       0
       0
       0
       0
       0
       0
       0
       0
       0
       0
       0
       0
       0
       0
       0
       0
       0
       0
       0
       0
       0
       0
       0
       0
       0
       0
       0
       0
       0
       0
       0
       0
       0
       0
       0
       0
       0
       0
       0
       0
       0
       0
       0
       0
       0
       0
       0
       0
       0
       0
       0
       0
       0
       0
       0
       0
       0
       0
       0
       0
       0
       0
       0
       0
       1
       0
       3
       0
       1
       0
       1
       0
       0
       0
       0
       0
       0
       1
       0
       0
       0
       0
       0
       0
       0
       0
       0
       0
       0
       0
       0
       0
       0
       0
       0
       0
       0
       0
       0
       0
       0
       0
       0
       0
       0
       0
       0
       0
       0
       0
       0
       0
       0
       0
       0
       0
       0
       0
       0
       0
       0
       0
       0
       0
       0
       0
       0
       0
       0
       0
       0
       0
       0
       1
       0
       0
       0
       0
       0
       0
       0
       0
       0
       0
       0
       0
       0
       0
       0
       0
       0
       0
       0
       0
       0
       0
       0
       0
       0
       0
       0
       0
       0
       1
       0
       0
       0
       0
       0
       0
       0
       0
       0
       0
       0
       0
       0
       0
       0
       0
       0
       0
       0
       0
       0
       0
       0
       0
       0
       0
       0
       0
       0
       0
       1
       0
       0
       0
       0
       0
       0
       0
       0
       0
       0
       0
       0
       0
       0
       0
       0
       0
       0
       0
       0
       0
       0
       0
       0
       0
       0
       0
       0
       0
       0
       1
       0
       0
       0
       0
       0
       0
       0
       0
       0
       0
       0
       0
       0
       0
       0
       0
       0
       0
       0
       0
       0
       0
       0
       0
       0
       0
       0
       0
       0
       0
       0
       0
       0
       0
       0
       0
       0
       0
       0
       0
       0
       0
       1
       0
       0
       0
       0
       0
       0
       0
       0
       0
       0
       0
       0
       0
       0
       0
       0
       0
       0
       0
       0
       0
       0
       0
       0
       0
       0
       0
       0
       0
       0
       0
       2
       3
       0
       1
       2
       1
       3
       1
       0
       1
       0
       0
       0
       0
       0
       0
       0
       0
       0
       0
       0
       0
       0
       0
       0
       0
       0
       0
       0
       0
       0
       0
       0
       0
       0
       0
       0
       0
       0
       0
       0
       0
       0
       0
       0
       0
       0
       0
       0
       0
       0
       0
       0
       0
       0
       0
       0
       0
       0
       0
       0
       0
       0
       0
       0
       0
       0
       0
       0
       0
       0
       0
       0
       0
       0
       0
       0
       0
       0
       0
       0
       0
       0
       0
       0
       0
       0
       0
       0
       0
       0
       0
       0
       0
       0
       0
       0
       0
       0
       0
       0
       0
       0
       0
       0
       0
       0
       0
       0
       0
       0
       0
       0
       0
       0
       0
       0
       0
       0
       0
       0
       0
       0
       0
       0
       0
       0
       0
       0
       0
       0
       0
       0
       0
       0
       0
       0
       0
       0
       0
       0
       0
       0
       0
       0
       0
       0
       0
       0
       0
       0
       0
       0
       0
       0
       0
       0
       0
       0
       0
       0
       0
       0
       0
       0
       0
       0
       0
       0
       0
       0
       0
       0
       0
       0
       0
       0
       0
       0
       0
       0
       0
       0
       0
       0
       0
       0
       0
       0
       0
       0
       0
       0
       0
       0
       0
       0
       0
       0
       0
       0
       0
       0
       0
       0
       0
       0
       0
       0
       0
       0
       0
       0
       0
       0
       0
       0
       0
       0
       0
       0
       0
       0
       0
       0
       0
       0
       0
       0
       0
       0
       0
       0
       0
       0
       0
       0
       0
       0
       0
       0
       0
       0
       0
       0
       0
       0
       0
       0
       0
       0
       0
       0
       0
       0
       0
       0
       0
       0
       0
       0
       0
       0
       0
       0
       0
       0
       0
       0
       0
       0
       0
       0
       0
       0
       0
       0
       0
       0
       0
       0
       0
       0
       0
       1
       0
       0
       0
       0
       0
       0
       0
       0
       0
       0
       0
       0
       0
       0
       0
       0
       0
       0
       0
       0
       0
       0
       0
       0
       0
       0
       0
       0
       0
       0
       1
       0
       0
       0
       0
       0
       0
       0
       0
       0
       0
       0
       0
       0
       0
       0
       0
       0
       0
       0
       0
       0
       0
       0
       0
       0
       0
       0
       0
       0
       0
       0
       0
       0
       0
       0
       0
       0
       0
       0
       0
       0
       0
       0
       0
       0
       0
       0
       0
       0
       0
       0
       0
       0
       0
       0
       0
       0
       0
       0
       0
       0
       0
       0
       0
       0
       0
       0
       0
       0
       0
       0
       0
       0
       0
       0
       0
       0
       0
       0
       0
       0
       0
       0
       0
       0
       0
       0
       0
       0
       0
       0
       0
       0
       0
       0
       0
       0
       1
       0
       0
       0
       0
       0
       0
       0
       0
       0
       0
       0
       0
       0
       0
       0
       0
       0
       0
       0
       0
       0
       0
       0
       0
       0
       0
       0
       0
       0
       0
       0
       0
       0
       0
       0
       0
       0
       0
       0
       0
       0
       0
       0
       0
       0
       0
       0
       0
       0
       0
       0
       0
       0
       0
       0
       0
       0
       0
       0
       0
       0
       0
       0
       0
       0
       0
       0
       0
       0
       0
       0
       0
       0
       0
       0
       0
       0
       0
       0
       0
       0
       0
       0
       0
       0
       0
       0
       0
       0
       0
       0
       0
       0
       0
       0
       0
       0
       0
       0
       0
       0
       0
       0
       0
       0
       0
       0
       0
       0
       0
       0
       0
       0
       0
       0
       0
       0
       0
       0
       0
       0
       0
       0
       0
       0
       0
       0
       0
       0
       0
       0
       0
       0
       0
       0
       0
       0
       0
       0
       0
       0
       0
       0
       0
       0
       0
       0
       0
       0
       0
       0
       0
       0
       0
       0
       0
       0
       0
       0
       0
       0
       0
       0
       0
       0
       0
       0
       0
       0
       0
       0
       0
       0
       0
       0
       0
       0
       0
       0
       0
       0
       0
       0
       0
       0
       0
       0
       0
       0
       0
       0
       0
       0
       0
       0
       0
       0
       0
       0
       0
       0
       0
       0
       0
       0
       0
       0
       0
       0
       0
       0
       0
       0
       0
       0
       0
       0
       0
       0
       0
       0
       0
       0
       0
       0
       0
       0
       0
       0
       0
       0
       0
       0
       0
       0
       0
       0
       0
       0
       0
       0
       0
       0
       0
       0
       0
       0
       0
       0
       0
       0
       0
       0
       0
       0
       0
       0
       0
       0
       0
       0
       0
       0
       0
       0
       0
       0
       0
       0
       0
       0
       0
       0
       0
       0
       0
       0
       0
       0
       0
       0
       0
       0
       0
       0
       0
       0
       0
       0
       0
       0
       0
       0
       1
       0
       0
       0
       0
       0
       0
       0
       0
       0
       0
       0
       0
       0
       0
       0
       0
       0
       0
       0
       0
       0
       0
       0
       0
       0
       0
       0
       1
       0
       0
       0
       0
       0
       0
       0
       0
       0
       0
       0
       0
       0
       0
       0
       0
       0
       0
       0
       0
       0
       0
       0
       0
       0
       0
       0
       0
       0
       0
       0
       0
       0
       0
       0
       0
       0
       0
       0
       0
       0
       0
       0
       0
       0
       0
       0
       0
       0
       0
       0
       0
       0
       0
       0
       0
       0
       0
       0
       0
       0
       0
       0
       0
       0
       0
       0
       0
       0
       0
       0
       0
       0
       0
       0
       0
       0
       0
       0
       0
       0
       0
       0
       0
       0
       0
       0
       0
       0
       0
       0
       0
       0
       0
       0
       0
       0
       0
       0
       0
       0
       0
       0
       0
       0
       0
       0
       0
       0
       0
       0
       0
       0
       0
       0
       0
       0
       0
       0
       0
       0
       0
       0
       0
       0
       0
       0
       0
       0
       0
       0
       0
       0
       0
       0
       0
       0
       0
       0
       0
       0
       0
       0
       0
       0
       0
       0
       0
       0
       0
       0
       0
       0
       0
       0
       0
       0
       0
       0
       0
       0
       0
       0
       0
       0
       0
       0
       0
       0
       0
       0
       0
       0
       0
       0
       0
       0
       0
       0
       0
       0
       0
       0
       0
       0
       0
       0
       0
       0
       0
       0
       0
       0
       0
       0
       0
       0
       0
       0
       0
       0
       0
       0
       1
       0
       0
       0
       0
       0
       0
       0
       0
       0
       0
       0
       0
       0
       0
       0
       0
       0
       0
       0
       0
       0
       0
       0
       0
       0
       0
       0
       0
       0
       0
       0
       0
       0
       0
       0
       0
       0
       0
       0
       0
       0
       0
       0
       0
       0
       0
       0
       0
       0
       0
       0
       0
       0
       0
       0
       0
       0
       0
       0
       0
       0
       0
       0
       0
       0
       0
       0
       0
       0
       0
       0
       0
       0
       0
       0
       0
       0
       0
       0
       0
       0
       0
       0
       0
       0
       0
       0
       0
       1
       0
       0
       0
       0
       0
       0
       0
       0
       0
       0
       0
       0
       0
       0
       0
       0
       0
       0
       0
       0
       0
       0
       0
       0
       0
       0
       0
       0
       0
       0
       0
       0
       0
       0
       0
       0
       0
       0
       0
       0
       0
       0
       0
       0
       0
       0
       0
       0
       0
       0
       0
       0
       0
       0
       0
       0
       0
       0
       0
       0
       0
       0
       0
       0
       0
       0
       0
       0
       0
       0
       0
       0
       0
       0
       0
       0
       0
       0
       0
       0
       0
       0
       0
       0
       0
       0
       0
       0
       0
       0
       0
       0
       0
       0
       0
       0
       0
       0
       0
       0
       0
       0
       0
       0
       0
       0
       0
       0
       0
       0
       0
       0
       1
       0
       0
       0
       0
       0
       0
       0
       0
       0
       0
       0
       0
       0
       0
       0
       0
       0
       0
       0
       0
       0
       0
       0
       0
       0
       0
       0
       0
       0
       0
       0
       0
       0
       0
       0
       0
       0
       0
       0
       0
       0
       0
       0
       0
       0
       0
       0
       0
       0
       0
       0
       0
       0
       0
       0
       0
       0
       0
       0
       0
       0
       0
       0
       0
       0
       0
       0
       0
       0
       0
       0
       0
       0
       0
       0
       0
       0
       0
       0
       0
       0
       0
       0
       0
       0
       0
       0
       0
       0
       0
       0
       0
       0
       0
       0
       0
       0
       0
       0
       0
       0
       0
       0
       0
       0
       0
       0
       0
       0
       0
       0
       0
       0
       0
       0
       0
       0
       0
       0
       0
       0
       0
       0
       0
       0
       0
       0
       0
       0
       0
       0
       0
       0
       0
       0
       0
       0
       0
       0
       0
       0
       0
       0
       0
       0
       0
       0
       0
       0
       0
       0
       0
       0
       0
       0
       0
       0
       0
       0
       0
       0
       0
       0
       0
       0
       0
       0
       0
       0
       0
       0
       0
       0
       0
       0
       0
       0
       0
       0
       0
       0
       0
       0
       0
       0
       0
       0
       0
       0
       0
       0
       0
       0
       0
       0
       0
       0
       0
       0
       0
       0
       0
       0
       0
       0
       0
       0
       0
       0
       0
       0
       0
       0
       0
       0
       0
       0
       0
       0
       0
       0
       0
       0
       0
       0
       0
       0
       0
       0
       0
       0
       0
       0
       0
       0
       0
       0
       0
       0
       0
       0
       0
       0
       0
       0
       0
       0
       0
       0
       0
       0
       0
       0
       0
       0
       0
       0
       0
       0
       0
       0
       0
       0
       0
       0
       0
       0
       0
       0
       0
       0
       0
       0
       0
       0
       0
       0
       0
       0
       0
       0
       0
       0
       0
       0
       0
       0
       0
       0
       0
       0
       0
       0
       0
       0
       0
       0
       0
       0
       0
       0
       0
       0
       0
       0
       0
       0
       0
       0
       0
       0
       0
       0
       0
       0
       0
       0
       0
       0
       0
       0
       0
       0
       0
       0
       0
       0
       0
       0
       0
       0
       0
       0
       0
       0
       0
       0
       0
       0
       0
       0
       0
       0
       0
       0
       0
       0
       0
       0
       0
       0
       0
       0
       0
       0
       0
       0
       0
       0
       0
$ROI:
0
$PRESETS:
Real Time
180
0
$ENER_FIT:
0.888569 0.390988
$MCA_CAL:
3
8.885689E-001 3.909876E-001 3.191953E-008 keV
$SHAPE_CAL:
3
0.000000E+000 0.000000E+000 0.000000E+000
