$SPEC_ID:
1
$SPEC_REM:
DET# 2
DETDESC# MCB 130 Normal
AP# Maestro Version 7.01
$DATE_MEA:
10/03/2019 04:24:12
$MEAS_TIM:
169 180
$DATA:
0 8191
       0
       0
       0
       0
       0
       0
       0
       0
       0
       0
       0
       0
       0
       0
       0
       0
       0
       0
       0
       0
       0
       0
       0
       0
       0
       0
      62
    1941
     616
     300
     427
     533
     630
     630
     496
     471
     517
     481
     674
     768
     754
     695
     559
     525
     542
     465
     431
     437
     467
     494
     490
     440
     407
     397
     340
     329
     383
     378
     381
     414
     396
     390
     401
     406
     376
     411
     402
     426
     540
     721
    1100
    1194
     871
     660
     651
     777
     883
     954
     696
     595
     641
     578
     613
     527
     533
     493
     568
     874
    1447
    2220
    2291
    1464
     633
     418
     375
     464
     471
     473
     435
     455
     574
     814
     941
     826
     569
     556
     450
     407
     355
     356
     407
     381
     351
     341
     401
     385
     377
     329
     365
     353
     388
     384
     370
     413
     555
     685
     615
     425
     340
     343
     374
     410
     356
     387
     339
     369
     347
     303
     347
     326
     355
     385
     403
     511
     915
    1102
     731
     408
     342
     354
     354
     378
     367
     351
     338
     333
     334
     355
     317
     347
     356
     367
     337
     315
     349
     354
     348
     357
     345
     367
     342
     347
     358
     379
     360
     388
     353
     355
     379
     314
     382
     383
     365
     420
     445
     423
     371
     381
     412
     481
     515
     443
     384
     327
     384
     367
     360
     379
     388
     411
     369
     355
     388
     437
     565
     745
     818
     571
     383
     398
     405
     410
     412
     393
     402
     392
     403
     359
     356
     382
     379
     409
     419
     405
     377
     378
     394
     410
     401
     406
     451
     508
     513
     430
     414
     431
     427
     418
     456
     571
     705
     688
     523
     453
     416
     400
     415
     435
     507
     748
     881
     818
     550
     463
     446
     400
     394
     376
     436
     452
     479
     412
     425
     431
     400
     412
     402
     433
     400
     404
     425
     390
     432
     386
     375
     397
     399
     395
     380
     427
     449
     464
     511
     565
     531
     482
     440
     413
     373
     410
     436
     440
     464
     417
     419
     420
     452
     449
     397
     385
     397
     431
     431
     432
     408
     382
     380
     334
     399
     412
     372
     418
     379
     422
     401
     403
     374
     372
     388
     406
     383
     372
     404
     392
     399
     395
     381
     377
     360
     438
     413
     393
     389
     398
     348
     398
     358
     377
     396
     393
     394
     406
     408
     419
     375
     362
     352
     403
     365
     398
     368
     392
     340
     366
     353
     432
     910
    2233
    3117
    2350
    1063
     423
     383
     302
     337
     307
     328
     330
     349
     397
     471
     500
     423
     359
     338
     341
     335
     336
     359
     358
     359
     364
     356
     399
     508
     717
     631
     420
     342
     316
     347
     335
     289
     289
     308
     315
     328
     295
     308
     295
     336
     294
     326
     340
     324
     297
     319
     317
     308
     283
     297
     309
     280
     323
     323
     371
     319
     338
     316
     250
     301
     304
     304
     322
     326
     310
     317
     329
     347
     343
     306
     287
     279
     313
     346
     275
     278
     323
     309
     288
     308
     296
     284
     293
     311
     271
     316
     293
     298
     318
     320
     290
     345
     298
     311
     299
     310
     274
     327
     329
     351
     420
     460
     425
     328
     278
     305
     307
     270
     310
     313
     298
     269
     303
     293
     279
     272
     288
     292
     273
     266
     302
     291
     289
     272
     268
     271
     294
     284
     297
     291
     306
     262
     327
     297
     265
     283
     282
     248
     270
     360
     341
     341
     319
     317
     289
     295
     282
     263
     271
     255
     272
     313
     288
     270
     274
     257
     264
     276
     273
     243
     272
     246
     245
     270
     263
     270
     250
     256
     255
     257
     213
     233
     254
     256
     254
     250
     233
     248
     267
     239
     252
     259
     248
     256
     238
     229
     257
     248
     267
     247
     253
     235
     273
     260
     270
     246
     269
     252
     264
     259
     308
     318
     308
     338
     256
     236
     257
     229
     258
     249
     215
     224
     225
     236
     230
     254
     231
     240
     239
     297
     585
    1122
    1541
    1317
     651
     348
     246
     257
     248
     279
     332
     323
     288
     253
     233
     264
     235
     232
     255
     232
     196
     253
     235
     227
     242
     221
     231
     226
     242
     253
     234
     233
     260
     230
     216
     219
     254
     224
     228
     196
     202
     210
     207
     227
     230
     198
     198
     233
     217
     231
     210
     213
     215
     229
     606
    2026
    4828
    6682
    4765
    2006
     647
     242
     214
     199
     187
     224
     199
     201
     267
     256
     248
     218
     191
     214
     204
     183
     180
     174
     186
     199
     179
     186
     212
     192
     195
     199
     227
     181
     196
     252
     244
     240
     219
     169
     179
     216
     200
     189
     197
     311
     417
     523
     416
     269
     206
     191
     172
     164
     179
     183
     190
     196
     189
     187
     195
     184
     198
     187
     192
     225
     237
     271
     233
     201
     222
     193
     168
     170
     176
     180
     206
     173
     172
     205
     158
     156
     193
     184
     169
     186
     169
     182
     216
     198
     201
     246
     194
     213
     201
     193
     173
     182
     196
     179
     195
     275
     278
     260
     209
     202
     206
     169
     173
     180
     207
     234
     357
     901
    1363
    1361
     811
     378
     227
     215
     192
     200
     182
     173
     172
     151
     189
     188
     204
     195
     173
     174
     176
     178
     168
     190
     178
     160
     181
     174
     172
     188
     180
     214
     237
     231
     191
     191
     204
     201
     201
     171
     169
     177
     160
     165
     167
     187
     174
     151
     183
     173
     183
     164
     164
     174
     170
     170
     181
     148
     176
     154
     187
     205
     217
     226
     160
     173
     184
     201
     229
     242
     227
     197
     151
     161
     159
     194
     168
     164
     178
     175
     144
     169
     171
     169
     168
     157
     180
     166
     156
     179
     183
     169
     208
     164
     190
     180
     160
     169
     131
     161
     167
     198
     161
     153
     163
     161
     180
     172
     173
     167
     147
     172
     167
     175
     152
     135
     174
     150
     194
     157
     172
     175
     188
     208
     204
     172
     176
     147
     180
     143
     165
     164
     177
     173
     169
     187
     174
     177
     171
     165
     140
     158
     166
     165
     160
     148
     147
     183
     195
     212
     252
     205
     204
     169
     180
     155
     158
     179
     159
     157
     185
     187
     225
     217
     198
     157
     168
     147
     160
     131
     175
     146
     151
     141
     144
     165
     168
     161
     173
     149
     154
     141
     184
     199
     329
     350
     299
     198
     160
     166
     160
     172
     151
     155
     141
     156
     137
     154
     156
     143
     164
     159
     151
     126
     120
     139
     126
     135
     139
     119
     130
     156
     120
     148
     150
     136
     150
     131
     139
     156
     123
     147
     139
     168
     135
     134
     125
     137
     115
     127
     132
     117
     132
     120
     138
     127
     124
     117
     127
     128
     143
     134
     113
     138
     146
     159
     136
     141
     150
     116
     127
     116
     142
     125
     124
     130
     122
     124
     137
     139
     111
     115
     125
     123
     116
     107
     113
     134
     112
     122
     133
     134
     124
     143
     130
     130
     120
     120
     129
     147
     112
     134
     122
     128
     117
     121
     124
     126
     134
     153
     136
     106
     110
     132
     141
     137
     138
     137
     123
     120
     128
     109
     111
     117
     125
     136
     113
     112
     103
     137
     123
     113
     132
     145
     120
     126
     126
     122
     131
     161
     167
     198
     167
     172
     124
      93
     115
      97
     106
     107
     107
     117
     113
     145
     123
     135
     110
     141
     137
     129
     118
     109
     109
     110
     102
     130
     129
     122
     129
     140
     125
     137
     113
     151
     122
     126
     113
     109
     147
     123
     124
     122
     122
     128
     131
     135
     112
     153
     100
     129
     121
     131
     119
     129
     125
     107
     123
     118
     120
     110
     124
     136
     127
     130
     115
     109
     121
     116
     120
     114
     118
     120
     136
     118
     141
     121
     111
     133
     157
     141
     169
     158
     148
     112
     125
     131
     116
     124
     129
     152
     128
     124
     114
     108
     120
     111
     108
     127
     110
     111
      93
     135
     121
     121
     126
     122
     127
     127
     138
     127
     108
     102
     128
     130
     120
     115
     101
     142
     103
     110
     129
     112
     122
     104
     127
     115
     107
     110
      97
     118
     123
     134
     131
     145
     139
     118
     126
     106
     122
     110
     115
     110
     113
     105
     108
     122
     128
      99
     110
     114
     102
      93
      85
      91
      85
     103
     105
     110
      98
     113
      92
     107
     118
     119
     112
     111
     104
     120
     101
      93
      94
     111
     113
     100
     101
     114
     109
     124
     144
     149
     127
     123
     106
      80
      78
     119
     117
     128
     155
     132
     119
     112
     105
     102
     102
     106
      99
      98
     110
      98
      88
     100
      93
     144
     133
     125
     109
     106
     112
      75
     101
     115
      89
      89
      85
     114
      88
      98
      97
      88
     113
     113
     102
     114
     101
     110
     133
     120
     127
     136
     169
     194
     203
     170
     144
     109
     108
     128
     122
     137
     132
     120
     131
      83
     104
     107
     126
      94
     112
     105
     111
     102
     106
      88
     107
      85
      96
      80
     104
      99
      90
      90
     102
     115
      94
      94
     117
      93
     126
     176
     207
     188
     137
     106
     110
      82
      88
     122
     161
     272
     319
     269
     182
     131
     140
     214
     523
    1135
    1820
    1907
    1313
     628
     251
     131
     108
      92
     106
      81
     102
      99
      86
     113
      95
     109
      93
     119
     123
     132
     151
     152
     119
     106
      83
     100
      97
      99
      62
      85
      75
      82
      93
      84
     104
      98
      77
      91
      96
     106
     112
     118
     173
     183
     198
     151
     125
      98
      89
     101
      79
      83
      61
      79
      77
      85
      76
      79
      66
     105
      88
      85
      97
     154
     385
     794
    1147
    1024
     703
     355
     143
     111
      90
      77
      74
      72
      74
      68
      87
      96
      90
     110
      89
      61
      66
      60
      78
      73
      74
      60
      77
      69
      61
      66
      75
      66
      78
      68
      62
      57
      51
      73
      54
      67
      68
      67
      65
      77
      83
      73
      60
      79
      70
      68
      81
      69
      60
      79
      58
      76
      61
      89
      74
      65
      69
      50
      70
      72
      68
      59
      64
      66
      58
      64
      52
      76
      67
      64
      69
      53
      75
      59
      81
      83
      65
      65
      64
      79
      58
      75
      73
      78
      67
      68
      70
      60
      51
      55
      64
      74
      69
      49
      58
      57
      52
      56
      62
      59
      67
      74
      66
      53
      48
      60
      69
      58
      55
      68
      67
      64
      54
      52
      60
      65
      75
      82
      91
      87
      78
      56
      56
      72
      51
      62
      49
      74
      60
      65
      62
      93
     121
     116
     141
     105
      89
      93
      78
      72
      69
      56
      80
      72
      65
      63
      70
      55
      61
      60
      59
      61
      56
      54
      58
      58
      63
      57
      65
      79
      74
      85
      96
      79
     100
     100
      89
      62
      68
      54
      51
      63
      48
      50
      64
      58
      45
      49
      48
      55
      55
      53
      67
      66
      45
      43
      60
      64
     105
      91
     131
     107
      82
      72
      57
      45
      53
      53
      58
      57
      53
      40
      63
      59
      53
      62
      62
      56
      62
      49
      48
      49
      60
      51
      61
      49
      43
      59
      43
      46
      51
      47
      45
      47
      62
      43
      49
      49
      63
      50
      51
      43
      40
      47
      53
      67
      55
      56
      57
      61
      76
      61
      72
      66
      82
     118
     131
     160
     197
     200
     113
      86
      74
      46
      51
      47
      62
      94
     322
     764
    1295
    1719
    1453
     867
     408
     145
      72
      47
      56
      61
      40
      52
      52
      46
      52
      66
      84
     109
     129
     116
      75
      81
      90
     171
     311
     477
     527
     381
     183
     108
      77
      65
      66
      61
      69
      59
      76
      61
      33
      44
      55
      49
      42
      40
      43
      41
      59
      71
      62
      62
      49
      53
      42
      33
      53
      50
      72
      59
      73
      70
      48
      43
      39
      39
      43
      53
      60
      46
      48
      54
      45
      54
      49
      51
      53
      45
      46
      52
      56
      34
      49
      54
      59
      53
      52
      49
      46
      42
      38
      39
      45
      57
      47
      33
      43
      49
      47
      40
      47
      50
      50
      54
      52
      42
      47
      42
      42
      38
      43
      45
      46
      35
      48
      41
      36
      46
      47
      52
      38
      45
      54
      44
      55
      55
      65
      56
      63
      58
      62
      58
      51
      42
      58
      43
      51
      43
      43
      44
      29
      50
      34
      52
      47
      55
      37
      37
      49
      39
      54
      44
      49
      51
      45
      52
      34
      42
      48
      42
      42
      40
      50
      56
      62
      75
      98
     107
      88
      92
      67
      87
      85
      92
      86
      53
      56
      49
      74
      66
      75
      59
      59
      50
      46
      45
      47
      47
      46
      48
      33
      31
      43
      44
      32
      42
      42
      41
      39
      47
      47
      45
      33
      54
      37
      46
      43
      45
      51
      65
      97
      94
     112
      89
      58
      37
      65
      83
     184
     453
     894
    1207
    1255
     884
     439
     155
      59
      44
      45
      33
      42
      43
      47
      46
      66
     115
     220
     294
     311
     259
     170
      90
      54
      47
      34
      44
      49
      41
      47
      34
      35
      43
      39
      42
      45
      51
      54
      59
      31
      39
      31
      33
      57
      46
      39
      42
      42
      47
      48
      41
      43
      37
      33
      38
      41
      40
      37
      46
      42
      33
      39
      35
      43
      48
      44
      51
      59
      47
      34
      36
      37
      35
      62
      76
     147
     201
     328
     349
     254
     172
     108
      57
      52
      39
      53
      34
      30
      35
      68
      47
      46
      43
      42
      52
      39
      41
      34
      40
      44
      43
      49
      39
      46
      41
      29
      35
      47
      43
      33
      36
      33
      44
      35
      32
      37
      47
      46
      28
      33
      44
      39
      32
      32
      36
      27
      34
      39
      41
      36
      36
      47
      48
      51
      48
      33
      36
      39
      42
      36
      43
      34
      40
      39
      49
      35
      38
      29
      40
      43
      37
      28
      49
      26
      40
      32
      41
      32
      54
      33
      51
      39
      31
      34
      43
      30
      33
      32
      37
      30
      41
      42
      50
      40
      53
      48
      47
      50
      60
      68
      80
      70
      63
      58
      33
      38
      43
      39
      46
      59
      43
      39
      37
      33
      35
      29
      35
      35
      55
      44
      35
      39
      40
      41
      37
      40
      31
      30
      33
      27
      35
      33
      32
      35
      38
      45
      34
      36
      30
      40
      37
      35
      37
      24
      29
      38
      34
      30
      28
      23
      37
      32
      35
      37
      33
      43
      54
      34
      46
      42
      57
      79
      85
      82
      52
      51
      36
      31
      38
      31
      28
      41
      34
      33
      35
      36
      29
      26
      30
      35
      42
      38
      35
      35
      30
      25
      36
      28
      32
      38
      31
      32
      28
      33
      27
      28
      36
      25
      34
      38
      47
      35
      49
      36
      25
      31
      25
      33
      35
      50
      53
      50
      49
      47
      39
      32
      30
      25
      41
      23
      23
      35
      31
      33
      34
      33
      25
      30
      22
      31
      28
      30
      23
      29
      37
      38
      30
      37
      34
      30
      28
      50
      35
      32
      25
      45
      29
      31
      40
      36
      32
      29
      22
      26
      24
      35
      33
      37
      54
      64
      97
      83
      74
      49
      49
      38
      35
      36
      42
      40
      50
      52
      44
      40
      38
      42
      40
      27
      18
      31
      25
      26
      24
      24
      38
      31
      37
      24
      37
      31
      23
      42
      33
      27
      45
      22
      38
      35
      37
      42
      25
      34
      27
      40
      28
      33
      24
      27
      42
      32
      23
      43
      30
      32
      37
      33
      44
      36
      33
      28
      33
      35
      28
      32
      31
      26
      31
      34
      28
      39
      28
      34
      25
      32
      32
      23
      26
      34
      30
      26
      37
      38
      27
      37
      28
      26
      35
      34
      39
      35
      44
      36
      35
      42
      32
      35
      24
      31
      32
      32
      32
      37
      47
      39
      36
      35
      30
      24
      30
      32
      34
      26
      14
      32
      42
      23
      27
      34
      29
      30
      23
      23
      30
      31
      32
      27
      44
      39
      52
      70
      77
      48
      45
      34
      21
      29
      27
      35
      21
      21
      26
      31
      29
      28
      33
      23
      26
      37
      29
      63
      78
     105
     104
     102
      81
      61
      29
      37
      31
      28
      20
      18
      22
      28
      30
      30
      37
      22
      30
      28
      33
      24
      36
      28
      23
      21
      21
      21
      29
      26
      21
      24
      34
      29
      39
      55
      45
      38
      29
      38
      27
      28
      25
      17
      19
      26
      18
      19
      19
      34
      35
      56
      54
      79
      71
      58
      62
      39
      30
      17
      26
      19
      27
      34
      22
      26
      17
      22
      26
      38
      24
      29
      30
      38
      25
      25
      26
      30
      22
      34
      35
      31
      33
      38
      44
      26
      31
      22
      26
      26
      24
      28
      32
      26
      24
      25
      38
      32
      39
      44
      30
      37
      23
      30
      23
      23
      29
      25
      22
      33
      27
      23
      23
      19
      23
      24
      28
      35
      24
      21
      25
      18
      22
      27
      23
      24
      21
      26
      26
      23
      31
      21
      24
      26
      37
      15
      18
      23
      18
      23
      35
      17
      32
      22
      13
      20
      25
      23
      23
      24
      30
      28
      26
      21
      26
      27
      33
      24
      20
      23
      18
      21
      23
      32
      26
      30
      21
      15
      19
      23
      24
      15
      18
      23
      25
      35
      23
      24
      18
      27
      24
      19
      22
      25
      21
      27
      20
      23
      23
      19
      28
      16
      19
      25
      24
      20
      23
      35
      24
      24
      14
      19
      15
      23
      19
      38
      26
      20
      26
      32
      23
      23
      24
      23
      12
      23
      16
      28
      16
      21
      23
      26
      42
      24
      36
      43
      33
      39
      58
     119
     195
     295
     293
     251
     183
      98
      56
      28
      20
      31
      17
      25
      17
      27
      24
      26
      25
      22
      37
      30
      26
      24
      23
      14
      18
      22
      24
      19
      23
      30
      26
      21
      17
      22
      25
      26
      48
      66
      74
      70
      74
      51
      35
      33
      26
      20
      19
      21
      24
      25
      29
      21
      20
      19
      16
      23
      27
      16
      26
      19
      28
      24
      21
      20
      27
      24
      14
      24
      28
      24
      24
      19
      32
      19
      34
      23
      32
      30
      21
      29
      27
      21
      21
      24
      14
      24
      29
      24
      23
      29
      23
      19
      23
      23
      22
      18
      22
      19
      18
      24
      40
      19
      32
      16
      18
      18
      18
      19
      20
      19
      26
      17
      17
      33
      35
      22
      21
      18
      18
      19
      27
      23
      12
      23
      15
      21
      27
      15
      24
      15
      30
      16
      25
      23
      17
      13
      20
      21
      24
      25
      17
      19
      18
      19
      19
      26
      17
      22
      24
      25
      27
      18
      27
      19
      16
      26
      11
      18
      13
      18
      25
      27
      20
      31
      14
      19
      17
      25
      15
      19
      26
      13
      18
      19
      19
      20
      23
      15
      21
      18
      25
      14
      22
      25
      17
      28
      19
      23
      17
      23
      26
      26
      14
      23
      19
      25
      30
      28
      33
      28
      28
      28
      24
      29
      21
      22
      15
      24
      23
      23
      22
      25
      18
      20
      20
      27
      22
      20
      25
      19
      22
      20
      26
      19
      20
      16
      17
      24
      22
      16
      24
      12
      16
      25
      21
      21
      17
      19
      16
      21
      23
      15
      16
      21
      21
      17
      20
      26
      30
      28
      22
      21
      17
      23
      24
      36
      38
      49
      46
      31
      30
      28
      24
      22
      20
      24
      17
      20
      21
      17
      20
      22
      30
      39
      66
     122
     152
     146
     125
      85
      63
      40
      29
      14
      18
      21
      18
      31
      28
      27
      17
      25
      17
      12
      23
      16
      18
      13
      20
      23
      22
      25
      21
      22
      25
      16
      17
      18
      23
      20
      10
      14
      21
      21
      21
      30
      23
      40
      40
      52
      34
      31
      24
      25
      15
      17
      23
      23
      17
      17
      25
      13
      18
      25
      18
      13
      15
      15
      21
      20
      15
      20
      17
      14
      24
       7
      17
      15
      16
      13
      21
      16
      10
      26
      24
      19
      23
      17
      17
      15
      15
      20
      15
      19
      13
      20
      14
      15
      20
      13
      13
      14
      27
      14
      13
      23
      12
      17
      21
      22
      16
      23
      19
      25
      25
      29
      22
      19
      13
      17
      20
      20
      17
      24
      18
      25
      24
      23
      16
      17
      16
      27
      20
      17
      16
      20
      12
      16
      19
       8
      20
      17
      12
      14
      19
      18
      32
       6
      17
      17
      11
      16
      21
      19
      11
      24
      20
      10
      13
      24
      13
      14
      21
      11
      14
      15
      16
      20
      13
      18
      18
      16
      16
       9
      11
      17
       8
      12
      24
      13
      19
      14
      17
      21
      14
      22
      16
      14
      25
      15
      13
      22
      17
      19
      15
      24
      18
      20
      17
      14
      17
      14
      16
      14
      10
      16
      19
      16
      10
      15
      18
      16
      12
       9
      14
      14
      12
      19
      12
       3
       9
      15
      16
      13
      18
      22
      16
       9
      22
      14
      14
       9
      18
      21
      11
      14
       9
      13
      20
      13
      14
      20
      19
      12
      15
      16
      11
       8
      18
      16
      14
       7
      19
      14
      10
      10
      14
      13
      12
      15
      11
      18
      13
      22
      16
      19
      15
      11
      13
      12
      18
       8
      23
      20
      25
      18
      36
      22
      13
      13
      16
      18
      11
      23
      24
      21
      20
      20
      10
      10
      16
      17
      16
      21
      12
      14
      13
      12
      14
      13
      13
      13
      16
      14
      12
       8
      16
       6
      15
      12
       9
      19
      22
      17
      19
      12
      18
      19
      15
      10
      15
       9
      20
      13
      15
      13
      10
      13
      12
      18
      16
      22
      27
      48
      67
     129
     165
     160
     143
      91
      65
      28
      14
      12
      18
      13
      18
       8
      18
      17
      12
       9
      12
       6
      10
      13
      14
      12
      15
      13
      26
      11
      17
      11
      10
      14
      16
      15
      10
      20
       8
      14
      13
      13
      21
      10
      18
      13
      16
      14
      21
      16
      16
      13
      21
      17
       8
      19
      22
      28
      25
      14
      20
       7
      12
      10
      14
      16
      12
      13
      16
      13
       4
      15
      13
      15
      12
      15
      17
       8
       9
      12
      10
      15
      14
      18
      12
      12
      19
      14
      15
      13
      14
      17
      10
      15
      17
      14
       7
      16
      18
      28
      35
      33
      26
      24
      26
      21
      11
       4
       9
      11
      17
      13
      15
      10
      12
      20
       9
      14
      12
      18
      14
      18
      12
       9
      10
      14
      13
      15
       6
       8
      10
       8
       8
      11
      11
      11
      17
       9
      11
      16
       8
      11
      11
      11
       9
      12
      11
       7
      10
      13
      13
      10
      15
      16
      11
       4
      14
       8
      13
       6
       4
       6
      18
      15
      10
      10
      11
      16
       5
       8
      13
      11
      16
       9
       7
      11
      13
      14
      13
       8
      10
       8
      11
      19
      10
      16
      10
      19
      17
      13
      22
      13
      19
      17
      10
      10
       8
      11
       6
      11
      13
       8
       8
       8
      11
       8
       9
      18
       8
      15
       8
      12
      10
      16
       7
      13
      12
      10
       9
      12
       8
      12
      11
      16
      10
      12
      12
      15
      10
      16
      10
       9
       6
       6
      11
      11
      13
       8
      11
       7
      10
      15
      11
      20
      12
      17
      17
       6
       3
      12
      10
      13
      11
      11
      10
      10
      10
      11
      14
       9
      14
      12
      14
      10
      18
      18
      15
      28
      22
      11
      12
      10
      13
       8
       5
      19
      12
       9
      10
      15
      18
       9
      12
      10
      10
       9
      18
       9
      15
      24
      16
      21
      12
      15
       7
      10
      11
      12
      10
      11
      12
      11
      15
      10
      11
      13
       8
      15
      11
      13
      12
       7
       7
       8
      10
       6
      18
      23
      33
      38
      43
      42
      53
      41
      29
      18
      10
       8
       9
      12
      11
      12
       9
      17
       6
      13
      10
       7
      14
      10
      16
      10
      11
      11
      18
      10
      11
      13
       8
      12
      12
       9
      15
      12
       9
      11
      13
      24
      16
      22
      17
      16
      10
       7
       7
       8
       9
      10
      16
      15
      16
      15
       7
      13
      21
      23
      26
      24
      23
      15
       8
       7
       7
      12
      12
      14
      12
      11
      11
      11
      11
      12
       9
       5
      11
       8
      14
      18
      17
      14
      16
      14
      12
      13
       5
      13
      16
       7
      12
      12
      18
      11
       9
       7
       8
       6
      12
      13
       8
       7
       7
      12
      10
       5
      12
       7
      14
      10
       7
      12
      10
      12
       7
      12
      13
      11
      12
      13
       9
      10
       5
       6
       7
      12
      15
       8
       9
      12
      10
       8
       8
      10
       5
      11
       9
      18
       7
       8
       9
      10
       8
       7
       8
       6
      12
       8
       8
      13
      11
      12
       8
       9
       9
      13
      17
       8
      12
       9
      11
      11
       9
      12
      15
      12
       8
       9
      10
      14
       7
      14
       7
      15
      16
       9
      13
       9
       7
      13
      10
       9
      10
       7
      10
      12
      24
      17
      26
      31
      38
      39
      38
      43
      26
      27
      12
      28
      22
      42
      28
      27
      15
      11
      12
      16
      11
      14
       8
       7
      10
      15
       6
      12
      15
      10
      11
       5
       5
      10
       7
      12
       8
      11
      12
       7
      16
       5
       6
      15
       8
       9
       7
       8
      11
       6
       4
       7
       7
       6
      11
       8
      12
      13
      10
       8
       6
      10
       7
       8
       8
       9
       9
       3
       4
      11
       9
       6
       6
      12
       8
       4
      14
      10
       7
       6
       5
       9
       8
      10
      10
       8
       4
      10
       8
      11
       6
       5
       8
       9
       9
       4
       5
       8
       5
       5
      12
       7
       9
       9
       8
       8
       7
       6
       8
       5
       9
       5
       6
      10
       7
       6
       7
      14
       7
      21
      14
      16
      10
      14
      11
      10
      13
       6
       3
      10
       7
       6
       9
      10
      10
       5
       7
       8
       6
      10
       6
       7
       7
       9
      10
       7
      10
       6
       7
       8
      12
       8
       8
       7
       9
       3
       8
      15
      11
       8
      12
       9
       8
       9
       7
       3
       5
       6
       9
       8
       7
      12
       8
       1
       7
      11
       7
       7
      11
       7
       6
       6
       7
      12
       7
       7
      10
       3
       8
      17
       8
      10
       9
      11
      13
       5
      13
      10
       9
       7
       4
      11
       2
       5
       2
      13
       9
       9
       4
       9
       6
       3
       7
       5
      11
       8
       7
       8
      15
       8
       7
       6
       8
       5
      10
       8
       8
      11
      10
       8
       7
       4
       9
      10
       8
       6
      16
       5
       9
       9
       6
       7
       5
      13
       5
      11
      11
       6
       8
       5
       4
       9
      12
       6
       6
       6
       8
       5
       8
       6
       9
       5
       7
       6
       4
      15
       7
      11
       3
       7
      10
       8
      11
      13
       5
       9
      10
       4
      10
       9
       7
       5
       7
       7
      11
       7
      13
       4
       3
       9
       8
      10
      10
       0
       6
       4
       8
       5
       8
       6
       5
       6
       8
       5
       4
       4
       6
      11
       7
       5
       4
       8
       5
       7
      11
       7
       4
       7
       5
       4
       8
       3
       4
       5
       5
       2
       5
      10
       8
       5
       8
       4
       7
       6
       7
       7
       8
      11
      11
       4
       9
       4
       8
       4
       7
       5
       3
       5
       6
       9
       8
       5
       6
       5
       8
       7
      12
      15
      11
      16
      29
      16
      19
      16
      12
      13
       6
       3
      14
       4
       6
       3
       7
       9
       7
       5
       6
       1
       6
       4
       6
       5
       7
       7
       5
       6
       3
       7
       8
       6
       2
       1
       7
       7
      10
       6
       2
       4
       4
       1
       3
       3
       8
       6
       1
       4
      11
       6
       4
       7
      13
       1
       7
       8
       2
       0
       7
       3
       6
       9
       5
       7
       3
       7
      11
       6
       5
       8
      11
      11
       7
       8
       2
       7
       4
       5
       3
       8
       4
       8
       8
       4
      10
       6
       7
       1
       4
       5
       8
       7
       5
       4
       8
       8
       3
       1
       3
       5
       8
       5
       7
       3
       4
       5
       2
       4
       5
       7
       4
      13
       3
       4
       7
       9
       4
       3
       2
       8
       2
       5
       5
       8
       7
       7
       7
       4
       3
       3
       5
       6
       4
       6
       9
       7
       6
       4
       7
       5
       3
       8
       7
      13
       7
       9
       9
       5
       4
       4
       7
       7
       6
       3
       4
       4
       5
       4
       3
       4
       2
       5
       3
       3
       6
       8
       8
       6
       4
       9
      10
       6
       4
       7
       2
       8
       3
       8
       5
       4
       8
       4
       6
       0
       6
       3
       6
       5
       3
       8
       3
       5
       8
      12
       6
       6
       5
       6
       6
       2
       3
       4
       8
       9
       5
       1
       6
      15
      11
      27
      21
      49
      38
      49
      29
      28
       6
       4
       8
       7
       5
       2
       3
       7
       2
       4
       3
       5
       4
       2
       5
       4
       7
       7
       6
       4
       5
       6
       4
       2
       4
       5
       1
       7
       4
       2
       5
       6
       1
       7
      11
      10
       7
       7
       6
       3
       4
       5
       0
       5
       3
       8
       4
       8
       4
       1
       4
       3
       5
       8
       7
       3
       1
       6
       2
       5
       6
      11
       4
       3
       7
      14
      16
      17
      20
      20
      11
      13
       8
       8
       6
       8
       1
       4
       6
       3
       5
       2
       5
       5
       4
       6
       3
       4
       1
       3
       7
       4
       5
       3
       6
       7
       1
       3
       5
       4
       2
       3
       1
       2
       3
       2
      10
       4
       9
       5
       6
       1
       3
       6
      11
       3
       6
       7
       3
       8
       6
       9
       4
       1
       1
       4
       4
       8
       2
       3
       2
       3
       9
       7
       3
       1
       2
       4
       1
       2
       3
       4
       6
       2
       3
       2
       4
       7
       3
       2
       8
       2
       4
       3
       2
      11
       1
       5
       4
       4
       1
       5
       7
       4
       4
       4
       4
       4
       2
       6
       4
       5
       2
       2
       2
       3
       5
       6
       7
       8
       1
      11
       6
      13
       9
       9
       8
       6
       5
       3
       2
       5
       2
       6
       7
       2
       7
       5
       5
       3
       4
       2
       3
       3
       1
       4
       4
       2
       3
       2
       8
       3
       2
       4
       5
      11
       5
       9
       9
       9
       8
       3
       7
       4
       3
       9
       1
       4
       3
       2
       4
       5
       5
       6
       5
       1
       2
       2
       1
       0
       8
       3
       5
       2
       3
       3
       4
       2
       3
       1
       3
       2
       4
       2
       1
       4
       1
       3
       3
       2
       6
       5
       3
       4
       5
       2
       2
       0
       2
       1
       4
       6
       4
       6
       3
       5
       3
       4
       3
       8
       3
      11
       7
      14
      20
      30
      25
      33
      21
      14
      14
       6
       5
       4
       6
       1
       4
       3
       7
       4
       3
       3
       1
       1
       2
       3
       2
       5
       5
       2
       2
       4
       5
       5
       5
       3
       5
       4
      11
       1
       6
       4
       2
       3
       6
       5
       3
       3
       7
       0
       4
       4
       0
       4
       5
       3
       3
       4
       3
       1
       5
       3
       7
       0
       1
       1
       4
       1
       0
       6
       3
       2
       0
       1
       1
       3
       2
       6
       2
       2
       3
       1
       4
       2
       3
       7
       4
       8
       3
       3
       3
       1
       4
       2
       1
       2
       5
       3
       2
       3
       3
       0
       4
       7
       4
       4
       7
       5
       5
       1
       5
       6
       4
       7
       3
       3
       1
       7
       6
       5
      10
       7
       8
       8
       6
       5
       6
       5
       1
       4
       4
       2
       2
       4
       1
       2
       6
       3
       2
       4
       6
       1
       2
       4
       5
       1
       3
       4
       1
       2
       4
       5
       4
       1
       6
       1
       4
       3
       4
       4
       5
       4
       3
       5
       6
       3
       0
       2
       4
       2
       2
       0
       0
       5
       3
       4
       4
       1
       2
       1
       1
       2
       0
       3
       3
       7
       2
       1
       2
       4
       1
       4
       2
       1
       7
       4
       0
       2
       3
       2
       1
       2
       2
       4
       4
       3
       2
       4
       2
       3
       3
       4
       4
       2
       5
       2
       1
       0
       4
       2
       3
       4
       4
       2
       6
       5
       5
       3
       3
       4
       2
       1
       3
       0
       3
       0
       5
       4
       1
       2
       2
       2
       2
       2
       6
       2
       2
       2
       2
       1
       3
       2
       3
       2
       4
       3
       4
       6
       6
       1
       4
       1
       0
       2
       2
       4
       2
       1
       3
       3
       2
       2
       1
       1
       3
       2
       4
       2
       5
       6
       5
       3
       3
       1
       4
       5
       6
       3
       2
       4
       1
       1
       1
       3
       0
       7
       5
       1
       4
       3
       6
       3
       2
       3
       2
       3
       3
       5
       3
       3
       1
       0
       1
       2
       2
       3
       4
       2
       5
       3
       0
       2
       4
       3
       2
       5
       5
       8
       6
      10
      10
       4
       6
       7
       4
       4
       5
       2
       5
       1
       6
       2
       1
       4
       4
       1
       4
       2
       2
       4
       2
       2
       1
       3
       7
       6
       5
       4
       3
       7
       3
       3
       0
       2
       2
       2
       2
       2
       2
       1
       4
       0
       4
       2
       1
       1
       6
       8
       5
       2
       3
       2
       1
       2
       2
       3
       4
       3
       1
       2
       3
       1
       2
       3
       0
       4
       1
       2
       0
       5
       2
       4
       3
       3
       3
       5
       2
       2
       6
       2
       3
       2
       4
       0
       2
       2
       3
       2
       3
       1
       3
       1
       3
       2
       2
       4
       1
       1
       4
       7
       2
       3
       5
       2
       3
       1
       2
       0
       3
       4
       0
       4
       3
       2
       1
       4
       3
       1
       3
       4
       2
       0
       4
       5
       2
       3
       4
       1
       1
       2
       1
       2
       4
       0
       7
       0
       1
       2
       1
       0
       0
       4
       2
       4
       3
       2
       3
       3
       2
       1
       1
       1
       1
       4
       2
       1
       4
       3
       3
       1
       2
       4
       1
       3
       1
       1
       2
       2
       2
       5
       4
       1
       0
       2
       3
       2
       2
       2
       2
       1
       2
       3
       2
       3
       3
       3
       1
       2
       1
       2
       0
       4
       1
       1
       5
       1
       1
       2
       0
       1
       4
       0
       3
       2
       0
       2
       3
       0
       1
       0
       1
       2
       2
       0
       3
       2
       5
       3
       3
       6
       5
       3
       1
       4
       3
       2
       2
       2
       2
       4
       0
       3
       2
       3
       3
       2
       1
       4
       1
       1
       2
       1
       3
       8
       2
       0
       1
       1
       2
       0
       4
       2
       0
       1
       1
       4
       2
       0
       0
       2
       1
       2
       2
       3
       1
       3
       1
       3
       2
       1
       4
       2
       2
       2
       2
       2
       4
       2
       2
       1
       2
       5
       2
       3
       3
       6
       3
       2
       3
       8
       4
       3
       2
       1
       2
       0
       0
       2
       2
       4
       2
       8
       5
       5
       1
       3
       4
       3
       1
       2
       4
       2
       3
       4
       0
       2
       0
       3
       2
       1
       0
       2
       2
       4
       2
       1
       2
       1
       5
       3
       4
       6
       4
       2
       2
       2
       3
       2
       0
       2
       2
       2
       3
       2
       3
       0
       2
       3
       3
       2
       1
       4
       1
       1
       3
       1
       3
       3
       3
       1
       2
       0
       1
       1
       0
       2
       2
       5
       4
       4
       3
       1
       0
       1
       1
       0
       2
       3
       3
       5
       3
       1
       2
       0
       2
       3
       3
       1
       1
       3
       0
       1
       4
       1
       1
       1
       2
       0
       8
       6
       1
       2
       1
       2
       5
       1
       3
       3
       2
       1
       4
       2
       2
       3
       0
       3
       1
       1
       2
       1
       0
       1
       3
       3
       1
       2
       0
       2
       1
       0
       2
       1
       1
       2
       3
       0
       3
       1
       2
       1
       4
       0
       3
       3
       3
       3
       0
       0
       1
       3
       1
       2
       1
       2
       0
       1
       1
       5
       0
       3
       3
       3
       1
       2
       0
       1
       1
       3
       2
       3
       1
       3
       4
       1
       1
       2
       3
       3
       1
       5
       2
       2
       0
       1
       3
       1
       3
       2
       4
       1
       3
       1
       0
       0
       1
       1
       0
       0
       1
       2
       5
       2
       1
       3
       2
       2
       4
       4
       4
       2
       3
       2
       3
       3
       1
       3
       0
       2
       1
       0
       1
       1
       2
       2
       0
       3
       2
       4
       1
       2
       2
       3
       1
       1
       1
       3
       0
       2
       3
       0
       0
       1
       4
       1
       1
       2
       1
       3
       3
       5
       1
       0
       1
       1
       2
       2
       0
       1
       4
       1
       1
       4
       1
       2
       3
       2
       1
       2
       2
       2
       0
       3
       1
       1
       0
       1
       2
       3
       1
       1
       4
       3
       1
       1
       1
       3
       1
       0
       0
       2
       2
       1
       0
       2
       4
       0
       2
       1
       1
       4
       0
       3
       3
       1
       0
       0
       0
       3
       1
       1
       0
       1
       1
       1
       3
       1
       1
       3
       3
       2
       0
       2
       3
       4
       1
       1
       1
       2
       1
       2
       4
       1
       1
       1
       1
       2
       1
       1
       3
       2
       2
       3
       1
       2
       4
       1
       1
       1
       2
       2
       1
       1
       1
       0
       1
       7
       2
       2
       2
       0
       2
       1
       1
       3
       0
       0
       0
       0
       1
       1
       2
       2
       2
       1
       2
       1
       0
       2
       0
       0
       1
       3
       0
       2
       1
       0
       2
       1
       1
       0
       3
       0
       0
       2
       3
       1
       1
       1
       2
       3
       0
       1
       1
       1
       0
       2
       1
       0
       2
       0
       4
       7
       2
       2
       1
       1
       3
       1
       1
       3
       1
       1
       1
       2
       4
       2
       1
       1
       0
       1
       4
       4
       4
       0
       1
       3
       3
       5
       1
       1
       1
       2
       1
       1
       3
       1
       2
       0
       3
       1
       3
       1
       0
       2
       2
       3
       0
       1
       0
       0
       1
       3
       2
       2
       0
       1
       1
       3
       2
       4
       0
       2
       1
       3
       1
       1
       2
       1
       0
       3
       3
       1
       2
       2
       1
       1
       2
       1
       2
       1
       1
       2
       2
       0
       2
       0
       0
       2
       1
       1
       0
       3
       1
       3
       1
       0
       3
       0
       1
       1
       0
       0
       2
       0
       1
       1
       1
       1
       3
       3
       0
       0
       1
       3
       2
       0
       2
       4
       0
       2
       2
       1
       2
       0
       2
       1
       0
       1
       0
       1
       0
       2
       3
       0
       3
       3
       0
       1
       2
       1
       1
       1
       1
       2
       0
       1
       4
       0
       1
       0
       2
       0
       1
       3
       2
       1
       2
       1
       3
       2
       2
       2
       0
       1
       0
       0
       0
       1
       1
       1
       0
       0
       0
       1
       0
       3
       1
       0
       1
       2
       0
       0
       2
       2
       1
       0
       1
       3
       0
       1
       1
       0
       0
       2
       1
       2
       1
       0
       0
       1
       1
       0
       1
       0
       1
       1
       0
       1
       3
       0
       1
       0
       2
       1
       2
       0
       2
       2
       1
       0
       0
       2
       0
       0
       0
       0
       0
       0
       0
       2
       1
       0
       1
       0
       1
       3
       1
       1
       1
       0
       1
       1
       1
       1
       1
       0
       1
       2
       0
       0
       1
       2
       2
       1
       2
       2
       3
       2
       1
       0
       2
       1
       0
       2
       1
       0
       0
       3
       2
       0
       1
       1
       1
       2
       2
       1
       0
       0
       1
       1
       3
       1
       2
       0
       2
       1
       1
       2
       1
       1
       3
       0
       0
       0
       1
       1
       2
       0
       1
       1
       1
       1
       0
       0
       0
       2
       2
       1
       1
       1
       2
       1
       1
       0
       3
       0
       1
       0
       1
       2
       1
       2
       0
       2
       2
       2
       1
       3
       1
       1
       1
       0
       2
       0
       1
       0
       0
       0
       2
       2
       0
       1
       0
       0
       0
       0
       0
       0
       0
       0
       0
       0
       3
       3
       0
       2
       1
       1
       0
       1
       2
       1
       0
       0
       0
       0
       0
       0
       0
       2
       1
       0
       2
       0
       1
       2
       1
       1
       3
       2
       1
       1
       0
       2
       1
       0
       2
       0
       1
       0
       0
       0
       0
       2
       1
       1
       0
       1
       0
       1
       1
       1
       0
       0
       1
       1
       0
       0
       1
       0
       1
       1
       3
       2
       2
       1
       0
       2
       1
       1
       0
       0
       0
       0
       1
       1
       0
       0
       0
       0
       2
       0
       2
       0
       0
       1
       1
       0
       0
       2
       0
       1
       0
       0
       0
       0
       0
       3
       0
       1
       0
       0
       4
       2
       0
       2
       2
       2
       1
       1
       1
       0
       2
       0
       0
       1
       0
       1
       1
       1
       0
       0
       2
       1
       1
       2
       0
       0
       0
       1
       1
       0
       0
       1
       0
       0
       1
       1
       0
       0
       1
       3
       0
       3
       1
       1
       4
       0
       1
       3
       2
       1
       4
       6
       6
       5
       7
       0
       1
       1
       0
       1
       0
       0
       0
       2
       0
       1
       0
       1
       0
       0
       0
       0
       0
       1
       0
       0
       0
       1
       1
       0
       1
       0
       1
       0
       0
       0
       1
       0
       1
       1
       4
       2
       3
       2
       1
       1
       3
       8
       1
       1
       1
       3
       3
       0
       0
       0
       1
       1
       0
       2
       0
       1
       0
       1
       0
       0
       1
       0
       1
       0
       1
       0
       0
       1
       0
       1
       2
       1
       2
       1
       1
       0
       1
       0
       0
       4
       1
       1
       0
       1
       0
       0
       0
       1
       1
       3
       1
       2
       1
       0
       0
       1
       1
       2
       0
       2
       0
       0
       1
       1
       2
       0
       0
       1
       2
       0
       1
       0
       1
       1
       1
       0
       4
       1
       0
       0
       1
       1
       0
       1
       0
       1
       3
       0
       0
       1
       1
       2
       1
       0
       2
       1
       1
       0
       0
       1
       0
       1
       3
       1
       0
       0
       1
       0
       0
       1
       1
       0
       0
       0
       0
       0
       0
       0
       0
       0
       0
       0
       0
       0
       1
       2
       1
       2
       1
       1
       0
       1
       0
       1
       0
       1
       1
       0
       0
       2
       1
       0
       1
       2
       0
       1
       1
       0
       0
       2
       1
       0
       1
       1
       0
       0
       0
       0
       0
       1
       0
       1
       0
       0
       0
       0
       0
       0
       1
       1
       0
       2
       0
       0
       0
       1
       0
       1
       0
       2
       0
       0
       0
       1
       0
       0
       2
       1
       0
       2
       0
       1
       2
       0
       1
       0
       1
       0
       0
       0
       1
       1
       0
       0
       0
       0
       1
       0
       0
       0
       0
       1
       2
       1
       0
       0
       0
       0
       1
       1
       1
       0
       1
       0
       0
       0
       0
       0
       0
       1
       0
       0
       2
       1
       1
       0
       0
       1
       1
       0
       0
       0
       2
       1
       2
       0
       1
       0
       0
       1
       1
       1
       0
       0
       0
       0
       1
       0
       1
       3
       1
       1
       1
       1
       1
       1
       0
       1
       0
       1
       0
       1
       0
       0
       0
       0
       0
       1
       3
       0
       0
       0
       0
       0
       1
       1
       0
       0
       0
       1
       2
       0
       0
       0
       0
       0
       1
       2
       0
       1
       0
       1
       1
       1
       0
       0
       1
       0
       1
       0
       0
       0
       1
       1
       2
       0
       1
       1
       1
       1
       0
       1
       0
       0
       0
       0
       1
       0
       0
       0
       0
       0
       1
       0
       0
       0
       1
       0
       1
       0
       0
       1
       0
       0
       0
       0
       0
       0
       0
       0
       0
       0
       0
       0
       1
       0
       1
       2
       0
       0
       0
       2
       0
       0
       0
       1
       0
       1
       1
       3
       0
       0
       1
       1
       0
       0
       0
       1
       2
       0
       0
       0
       0
       0
       0
       0
       0
       1
       0
       0
       0
       0
       1
       0
       0
       0
       2
       0
       1
       1
       1
       1
       0
       1
       0
       1
       0
       1
       1
       0
       0
       0
       0
       1
       1
       0
       0
       0
       0
       0
       0
       0
       1
       1
       0
       0
       0
       1
       0
       0
       0
       0
       0
       0
       0
       0
       1
       0
       1
       0
       0
       0
       0
       0
       0
       0
       2
       3
       0
       0
       0
       0
       0
       0
       0
       0
       0
       0
       0
       0
       1
       0
       0
       0
       0
       0
       2
       0
       0
       1
       2
       1
       2
       0
       0
       1
       0
       0
       1
       0
       0
       0
       1
       2
       0
       1
       0
       0
       0
       1
       0
       0
       0
       0
       1
       0
       0
       0
       0
       0
       1
       0
       0
       0
       1
       0
       0
       0
       1
       0
       0
       0
       1
       1
       0
       2
       0
       0
       0
       1
       1
       1
       0
       2
       2
       1
       1
       6
       1
       0
       2
       1
       0
       0
       0
       0
       0
       0
       0
       1
       0
       1
       0
       1
       0
       1
       0
       0
       0
       0
       0
       0
       1
       1
       1
       0
       1
       0
       0
       0
       0
       0
       0
       0
       0
       1
       0
       0
       1
       1
       0
       0
       1
       0
       0
       0
       2
       0
       0
       1
       1
       0
       0
       1
       0
       0
       1
       0
       0
       1
       0
       0
       0
       0
       1
       0
       0
       2
       1
       2
       0
       0
       1
       1
       1
       1
       0
       0
       0
       0
       0
       0
       0
       0
       0
       0
       0
       0
       0
       0
       0
       0
       0
       0
       0
       0
       2
       1
       0
       0
       0
       0
       0
       0
       0
       0
       0
       0
       0
       0
       0
       1
       0
       0
       0
       0
       0
       0
       1
       0
       0
       0
       0
       0
       0
       1
       0
       1
       0
       0
       0
       1
       0
       0
       1
       0
       0
       1
       0
       0
       0
       0
       1
       0
       0
       1
       1
       0
       0
       0
       0
       0
       0
       1
       0
       1
       1
       3
       1
       0
       0
       0
       1
       0
       2
       1
       0
       0
       1
       0
       0
       0
       0
       0
       0
       0
       1
       0
       0
       0
       0
       0
       0
       0
       0
       0
       0
       2
       1
       0
       0
       0
       0
       0
       0
       0
       0
       1
       0
       0
       0
       0
       1
       0
       0
       0
       0
       0
       0
       2
       1
       0
       0
       0
       0
       0
       0
       0
       0
       0
       0
       0
       0
       0
       0
       0
       0
       0
       0
       0
       0
       0
       0
       0
       1
       0
       0
       0
       0
       0
       0
       0
       0
       0
       0
       1
       0
       0
       0
       0
       0
       0
       0
       0
       0
       0
       0
       0
       1
       1
       0
       0
       0
       0
       0
       0
       0
       1
       0
       0
       0
       0
       0
       0
       0
       2
       0
       0
       0
       0
       0
       0
       0
       0
       0
       0
       0
       1
       1
       0
       1
       0
       0
       1
       0
       0
       0
       0
       0
       0
       0
       1
       1
       0
       1
       0
       0
       2
       0
       0
       0
       0
       1
       0
       0
       0
       0
       1
       0
       0
       1
       0
       0
       0
       0
       0
       0
       1
       0
       0
       0
       0
       0
       1
       0
       0
       0
       0
       1
       0
       0
       1
       0
       0
       0
       0
       1
       1
       0
       0
       0
       0
       1
       0
       0
       0
       0
       1
       0
       0
       0
       0
       0
       0
       1
       0
       0
       0
       0
       0
       0
       1
       0
       0
       0
       0
       0
       0
       0
       0
       0
       0
       0
       0
       0
       1
       0
       0
       0
       0
       0
       0
       1
       0
       0
       0
       0
       0
       1
       2
       0
       0
       0
       0
       0
       0
       0
       0
       0
       0
       0
       0
       0
       0
       1
       0
       0
       0
       0
       0
       0
       0
       0
       0
       1
       0
       1
       0
       0
       0
       1
       0
       0
       0
       0
       0
       0
       1
       1
       0
       0
       0
       0
       0
       0
       0
       0
       1
       0
       0
       0
       0
       0
       0
       0
       0
       0
       0
       0
       0
       0
       0
       0
       1
       0
       0
       0
       1
       0
       0
       0
       0
       0
       0
       0
       1
       0
       0
       0
       1
       0
       0
       0
       0
       0
       0
       0
       0
       0
       0
       0
       0
       1
       0
       0
       1
       1
       0
       0
       1
       0
       1
       0
       0
       1
       0
       1
       0
       0
       1
       0
       1
       2
       0
       0
       1
       0
       0
       1
       0
       0
       0
       0
       1
       0
       0
       1
       1
       0
       0
       0
       0
       0
       0
       0
       0
       0
       0
       0
       1
       0
       0
       0
       1
       1
       0
       1
       0
       0
       0
       0
       0
       1
       1
       0
       0
       0
       0
       1
       0
       0
       1
       0
       0
       0
       0
       0
       0
       0
       0
       0
       0
       0
       0
       0
       0
       0
       1
       0
       0
       1
       0
       0
       0
       0
       0
       1
       0
       0
       0
       1
       0
       0
       0
       0
       0
       0
       0
       1
       0
       0
       1
       0
       0
       0
       0
       1
       0
       0
       1
       0
       0
       0
       0
       0
       0
       0
       2
       0
       1
       0
       0
       0
       0
       0
       1
       0
       1
       0
       0
       0
       0
       0
       1
       0
       0
       0
       0
       1
       0
       0
       0
       0
       1
       0
       2
       0
       1
       1
       0
       0
       1
       0
       0
       0
       0
       0
       0
       0
       0
       0
       0
       0
       0
       1
       1
       0
       0
       0
       0
       0
       0
       0
       0
       1
       0
       0
       0
       0
       0
       0
       0
       0
       0
       0
       0
       0
       0
       0
       0
       0
       0
       0
       0
       0
       0
       0
       0
       1
       0
       0
       0
       0
       0
       1
       0
       0
       0
       0
       0
       0
       1
       0
       1
       0
       0
       0
       1
       0
       0
       0
       0
       1
       0
       0
       0
       0
       0
       0
       0
       0
       0
       0
       0
       0
       0
       0
       0
       0
       1
       0
       0
       0
       0
       0
       0
       0
       0
       0
       0
       0
       0
       0
       0
       0
       0
       0
       1
       0
       0
       0
       0
       0
       1
       0
       0
       0
       1
       1
       0
       1
       0
       0
       1
       0
       0
       0
       0
       0
       0
       0
       0
       0
       0
       0
       0
       0
       0
       0
       0
       0
       0
       0
       0
       0
       1
       0
       0
       0
       0
       0
       0
       0
       0
       0
       0
       0
       0
       0
       1
       0
       0
       0
       1
       0
       0
       0
       0
       0
       0
       0
       0
       0
       0
       0
       0
       0
       1
       0
       0
       0
       0
       0
       0
       1
       0
       0
       0
       0
       0
       0
       0
       0
       0
       0
       0
       0
       0
       1
       0
       0
       0
       1
       0
       0
       0
       1
       0
       0
       0
       1
       1
       0
       0
       0
       0
       0
       0
       1
       0
       0
       0
       0
       0
       0
       0
       0
       0
       0
       0
       0
       0
       0
       0
       0
       0
       1
       0
       0
       0
       0
       0
       0
       1
       0
       0
       0
       1
       0
       0
       0
       0
       0
       0
       0
       2
       1
       0
       0
       0
       0
       0
       0
       0
       0
       1
       0
       0
       0
       1
       0
       0
       0
       0
       0
       0
       0
       0
       0
       0
       1
       0
       0
       0
       0
       0
       0
       0
       0
       0
       1
       0
       1
       0
       0
       0
       0
       0
       0
       0
       1
       0
       0
       0
       0
       0
       0
       0
       0
       1
       0
       0
       0
       0
       0
       0
       0
       0
       0
       0
       1
       0
       0
       0
       0
       0
       0
       0
       0
       0
       0
       0
       0
       0
       0
       0
       0
       0
       0
       1
       1
       0
       0
       0
       0
       0
       0
       1
       0
       0
       0
       0
       0
       0
       2
       0
       0
       0
       0
       0
       0
       0
       0
       0
       0
       0
       0
       0
       0
       0
       1
       0
       0
       0
       0
       0
       0
       0
       0
       0
       0
       0
       0
       0
       0
       0
       0
       1
       0
       0
       0
       0
       1
       0
       0
       1
       0
       0
       0
       0
       0
       0
       0
       0
       0
       0
       0
       0
       0
       0
       0
       0
       0
       1
       0
       0
       0
       0
       0
       0
       0
       0
       0
       0
       0
       0
       2
       0
       0
       1
       0
       0
       0
       0
       0
       0
       0
       0
       0
       0
       0
       0
       0
       0
       0
       0
       0
       0
       0
       0
       0
       0
       0
       0
       0
       1
       1
       0
       1
       0
       0
       0
       0
       0
       0
       0
       0
       0
       0
       0
       0
       0
       0
       0
       0
       0
       0
       0
       0
       0
       0
       1
       0
       0
       1
       0
       0
       0
       0
       0
       0
       0
       0
       0
       0
       0
       0
       0
       0
       0
       0
       0
       0
       0
       0
       0
       0
       0
       0
       0
       0
       0
       0
       0
       0
       0
       0
       0
       1
       0
       0
       0
       0
       0
       0
       0
       0
       0
       0
       0
       0
       0
       0
       0
       1
       0
       0
       0
       0
       0
       0
       0
       0
       0
       0
       0
       0
       0
       0
       0
       0
       1
       0
       0
       0
       1
       1
       0
       0
       0
       0
       0
       0
       0
       1
       0
       0
       0
       0
       0
       0
       0
       0
       0
       0
       0
       0
       0
       1
       0
       0
       0
       0
       0
       1
       0
       0
       0
       0
       1
       0
       0
       0
       0
       0
       0
       0
       0
       0
       1
       0
       0
       0
       0
       0
       2
       0
       0
       0
       0
       0
       0
       0
       0
       0
       0
       0
       0
       1
       0
       0
       0
       0
       0
       0
       0
       0
       0
       0
       0
       0
       0
       0
       0
       0
       0
       0
       0
       0
       0
       0
       1
       0
       1
       0
       0
       0
       0
       0
       0
       0
       0
       0
       0
       0
       0
       0
       0
       0
       0
       1
       0
       0
       0
       0
       0
       0
       0
       0
       0
       0
       0
       2
       0
       0
       0
       0
       0
       0
       0
       0
       0
       0
       0
       0
       0
       0
       0
       0
       0
       0
       0
       0
       0
       0
       0
       0
       0
       0
       0
       0
       1
       0
       0
       0
       2
       0
       0
       0
       0
       0
       0
       0
       0
       0
       0
       0
       0
       0
       0
       0
       0
       0
       0
       0
       0
       0
       0
       0
       0
       0
       0
       0
       0
       0
       0
       0
       0
       0
       0
       0
       0
       0
       0
       0
       0
       0
       0
       0
       0
       0
       0
       0
       0
       0
       0
       0
       0
       0
       0
       0
       0
       0
       0
       0
       0
       0
       0
       0
       0
       0
       0
       0
       0
       0
       0
       0
       0
       0
       0
       0
       0
       0
       0
       0
       0
       0
       0
       0
       0
       0
       0
       0
       0
       0
       0
       0
       0
       0
       0
       0
       0
       0
       0
       0
       0
       0
       0
       0
       0
       0
       0
       0
       0
       0
       0
       0
       0
       0
       0
       0
       0
       0
       0
       0
       0
       0
       0
       0
       0
       0
       0
       0
       0
       0
       0
       0
       0
       0
       0
       0
       0
       0
       0
$ROI:
0
$PRESETS:
Real Time
180
0
$ENER_FIT:
0.888569 0.390988
$MCA_CAL:
3
8.885689E-001 3.909876E-001 3.191953E-008 keV
$SHAPE_CAL:
3
0.000000E+000 0.000000E+000 0.000000E+000
