$SPEC_ID:
1
$SPEC_REM:
DET# 2
DETDESC# MCB 130 Normal
AP# Maestro Version 7.01
$DATE_MEA:
10/03/2019 13:34:04
$MEAS_TIM:
172 180
$DATA:
0 8191
       0
       0
       0
       0
       0
       0
       0
       0
       0
       0
       0
       0
       0
       0
       0
       0
       0
       0
       0
       0
       0
       0
       0
       0
       0
       0
      33
    1266
     362
     188
     265
     414
     483
     375
     286
     301
     324
     355
     450
     582
     554
     521
     393
     381
     418
     360
     269
     298
     288
     351
     343
     292
     280
     242
     237
     253
     221
     206
     249
     290
     296
     278
     269
     317
     300
     307
     295
     300
     420
     597
     934
    1086
     751
     453
     511
     587
     781
     751
     532
     423
     474
     440
     440
     378
     335
     363
     488
     690
    1230
    1837
    2046
    1200
     492
     331
     311
     295
     332
     394
     343
     326
     423
     611
     729
     595
     483
     412
     309
     252
     249
     243
     283
     251
     260
     274
     273
     261
     254
     249
     243
     247
     252
     267
     273
     298
     421
     542
     488
     323
     243
     227
     214
     262
     270
     244
     217
     236
     226
     271
     239
     235
     234
     252
     274
     385
     715
     879
     594
     289
     246
     216
     267
     220
     235
     233
     238
     243
     233
     235
     233
     249
     237
     260
     268
     251
     259
     290
     257
     234
     267
     267
     231
     245
     266
     261
     251
     235
     262
     267
     245
     284
     267
     247
     284
     276
     309
     331
     274
     286
     295
     331
     332
     323
     324
     292
     264
     284
     304
     254
     292
     247
     286
     282
     316
     365
     508
     807
     763
     486
     338
     301
     288
     264
     266
     290
     298
     301
     279
     281
     272
     278
     304
     284
     285
     343
     271
     309
     310
     345
     300
     314
     382
     441
     429
     331
     305
     275
     306
     306
     302
     421
     481
     517
     384
     321
     289
     313
     345
     314
     381
     532
     669
     566
     399
     321
     311
     270
     299
     269
     323
     320
     334
     297
     301
     324
     282
     268
     296
     310
     317
     311
     289
     319
     299
     294
     310
     289
     332
     253
     322
     294
     289
     366
     361
     396
     426
     383
     313
     324
     300
     310
     301
     321
     340
     365
     310
     285
     341
     326
     305
     270
     285
     312
     292
     310
     275
     284
     314
     286
     299
     312
     285
     302
     302
     258
     277
     267
     276
     280
     307
     295
     256
     284
     247
     291
     322
     285
     275
     281
     255
     279
     297
     276
     297
     322
     269
     276
     289
     275
     294
     283
     288
     282
     276
     263
     264
     293
     290
     266
     260
     285
     287
     283
     288
     255
     302
     354
     867
    2063
    3065
    2221
     842
     362
     256
     240
     239
     241
     224
     241
     238
     290
     374
     407
     329
     225
     250
     245
     229
     235
     206
     242
     246
     308
     319
     271
     277
     302
     292
     266
     234
     246
     208
     221
     210
     216
     229
     206
     228
     212
     249
     220
     224
     215
     212
     223
     207
     234
     219
     223
     224
     232
     207
     222
     205
     216
     277
     288
     252
     225
     216
     228
     212
     198
     226
     213
     216
     205
     227
     218
     221
     221
     211
     212
     197
     212
     196
     180
     212
     209
     224
     199
     232
     249
     196
     200
     216
     187
     216
     225
     202
     215
     209
     231
     217
     225
     202
     199
     193
     230
     218
     193
     251
     311
     358
     352
     274
     213
     209
     197
     224
     202
     199
     208
     221
     197
     228
     204
     201
     206
     201
     209
     196
     185
     219
     179
     216
     211
     183
     178
     183
     181
     168
     180
     204
     195
     190
     187
     218
     166
     202
     204
     191
     203
     202
     205
     216
     169
     180
     211
     209
     177
     197
     200
     203
     199
     216
     169
     193
     169
     166
     171
     154
     181
     174
     166
     144
     171
     166
     189
     167
     172
     179
     192
     176
     182
     164
     168
     167
     185
     161
     170
     166
     191
     174
     183
     188
     184
     153
     179
     197
     177
     181
     181
     167
     175
     169
     158
     181
     175
     180
     185
     177
     169
     191
     192
     178
     179
     174
     172
     173
     175
     166
     175
     153
     163
     137
     173
     174
     160
     162
     139
     207
     466
    1030
    1468
    1166
     548
     227
     176
     176
     150
     184
     220
     190
     188
     180
     169
     161
     157
     153
     161
     157
     140
     136
     147
     162
     174
     155
     165
     166
     158
     174
     175
     170
     189
     185
     160
     158
     164
     167
     144
     141
     130
     115
     117
     154
     135
     142
     139
     142
     131
     134
     125
     152
     133
     139
     353
    1363
    3211
    4251
    3096
    1228
     357
     167
     135
     132
     126
     107
     126
     163
     172
     173
     148
     131
     135
     116
      94
     123
     129
     145
     126
     120
     124
     129
     122
     117
     137
     147
     138
     153
     131
     148
     163
     184
     153
     141
     137
     124
     128
     130
     147
     198
     281
     290
     256
     151
     110
     129
     115
     123
     126
     117
     114
     134
     115
     149
     144
     137
     144
     120
     132
     135
     143
     154
     139
     136
     104
     141
     128
     108
     130
     134
     123
     124
     110
     123
     131
     126
     119
     134
     111
     117
     112
     135
     124
     119
     122
     135
     142
     114
     150
     146
     117
     132
     123
     106
     140
     127
     158
     143
      98
     125
     112
     131
      98
      95
     112
     137
     287
     714
    1192
    1089
     654
     272
     144
     127
     130
     117
     143
     134
     107
     117
     125
     138
     151
     161
     115
     119
     116
      96
     109
     113
     116
     117
      94
     121
     145
     130
     126
     123
     123
     141
     147
     166
     134
     121
     130
     109
      97
     112
     115
     110
     117
     100
     113
     108
     123
     122
     111
      94
      93
     105
      99
      92
     116
     108
     102
     109
      99
     123
     140
     145
     157
     115
     107
     134
     172
     187
     182
     138
     119
     113
     123
      92
     117
     116
     109
     101
     110
     101
     113
     122
     110
      95
     111
     113
     121
     108
     104
     112
     128
     136
     145
     121
     114
     128
     126
     108
     126
     108
      96
     100
     116
     105
     128
     107
     101
     127
      92
     123
     106
      97
      89
      96
     106
     113
     114
      92
     122
     140
     128
     143
     135
     103
     117
     123
      98
     131
     103
      92
     106
     118
      98
     111
      87
      99
      90
     102
     106
      99
      88
      89
     127
     100
      94
     121
     155
     179
     159
     159
     124
     127
     115
     111
      82
      96
     103
      93
     127
     161
     155
     123
      97
      88
      83
      91
      95
     111
     102
     100
      78
      82
      99
     100
     123
     101
      84
      72
      97
     108
     119
     182
     267
     283
     217
     164
     118
      90
     110
      87
      95
      74
      73
     110
     101
      83
      84
      78
      93
      81
      97
      82
      76
      94
      88
      89
      77
     106
      93
     104
      77
      87
      76
      83
      80
      87
      93
      78
      89
      81
      98
      83
     100
     101
     112
      86
      86
      90
      70
      82
      73
      76
      70
      74
      73
      75
      80
      76
      76
      94
      86
      89
      76
      77
      93
      91
      90
      77
      83
      81
      88
      73
      82
      89
      74
      93
      74
      89
      93
      72
      78
      89
      79
      67
      72
      81
      58
      85
      73
      83
      70
      64
      70
      74
      59
      86
      88
      87
      63
      69
      70
      74
      70
      93
      84
      79
      66
      71
      72
      67
      94
      72
      66
      76
      94
      79
      82
      89
      82
      87
     101
      58
      96
      74
      68
      70
      69
      68
      70
      60
      82
      94
      83
      75
      88
      78
      87
      91
     108
     110
      96
      61
      82
      59
      66
      86
      68
      72
      66
      81
      59
      93
      85
      92
      97
      74
      71
      60
      66
      74
      78
      77
      72
      68
      81
      75
      74
      71
      69
      74
      72
      69
      84
      90
      74
      70
      82
      74
      85
      83
      77
      86
      67
      73
      69
      93
      73
      78
      83
      87
      87
      73
      80
      70
      69
      56
      77
      84
      65
      58
      69
      58
      68
      76
      64
      70
      79
      76
      76
      82
      87
      66
      78
      80
      73
      73
      77
      87
      80
      82
      75
      76
      68
      81
      61
      68
      64
      81
      71
      80
      88
      92
      71
      77
      68
      94
      91
      73
      70
      70
      70
      86
      63
      92
      72
      71
      72
      79
      70
      66
      85
      75
      91
      80
      96
      77
      67
      77
      83
      66
      80
      84
      58
      72
      71
      77
      70
      93
      76
      89
      78
      72
      86
      77
      74
      72
      75
      75
      67
      98
      70
      82
      78
      83
      80
      73
      70
      69
      65
      70
      74
      65
      63
      61
      69
      76
      60
      58
      80
      67
      66
      64
      67
      57
      71
      53
      55
      54
      68
      52
      62
      64
      53
      68
      68
     113
     126
     108
     113
      97
      65
      68
      71
      76
      84
      85
      83
      79
      77
      73
      61
      68
      87
      61
      73
      51
      63
      68
      56
      73
      65
      94
     106
      87
      66
      72
      51
      56
      61
      51
      68
      58
      66
      45
      59
      59
      76
      47
      59
      60
      53
      65
      64
      75
      71
     103
      52
      98
      92
     103
     133
     119
      83
      70
      68
      77
      89
      94
      93
      78
      69
      51
      54
      61
      76
      65
      63
      39
      53
      53
      64
      60
      53
      53
      52
      53
      47
      62
      51
      62
      60
      54
      53
      63
      58
      55
      89
     132
     152
     135
      88
      78
      69
      50
      56
      66
      96
     137
     138
     133
     106
      73
      73
     137
     346
     884
    1423
    1463
     976
     511
     173
     110
      52
      53
      64
      69
      48
      54
      52
      64
      58
      62
      58
      61
      91
     117
     106
     105
      71
      49
      67
      48
      56
      62
      63
      49
      55
      34
      48
      55
      44
      46
      58
      56
      61
      45
      67
      60
      78
     123
      98
      78
      65
      47
      48
      49
      55
      48
      52
      48
      54
      59
      54
      50
      60
      60
      56
      43
      63
     105
     219
     390
     622
     580
     412
     188
      83
      62
      35
      39
      39
      49
      51
      43
      47
      60
      43
      46
      39
      47
      42
      44
      40
      43
      38
      33
      46
      46
      43
      40
      37
      38
      42
      40
      44
      28
      41
      49
      46
      52
      48
      43
      48
      36
      35
      44
      52
      39
      39
      53
      35
      38
      36
      37
      36
      45
      34
      40
      36
      39
      37
      39
      33
      29
      34
      50
      40
      42
      44
      34
      42
      41
      42
      40
      33
      38
      53
      42
      44
      33
      49
      37
      25
      43
      28
      40
      31
      35
      27
      40
      31
      33
      31
      31
      30
      44
      44
      41
      34
      34
      35
      40
      34
      46
      37
      37
      36
      41
      27
      41
      39
      36
      42
      48
      30
      38
      31
      32
      30
      32
      41
      50
      48
      56
      44
      35
      33
      27
      24
      40
      28
      19
      31
      32
      35
      49
      77
      71
      86
      69
      57
      51
      32
      27
      31
      33
      32
      31
      32
      30
      26
      31
      29
      21
      32
      21
      28
      37
      26
      29
      34
      53
      45
      33
      34
      34
      48
      48
      46
      51
      45
      44
      39
      48
      20
      30
      25
      31
      33
      30
      30
      25
      20
      31
      32
      34
      28
      32
      32
      31
      37
      47
      69
      91
      84
      79
      77
      45
      36
      27
      23
      26
      27
      25
      20
      27
      28
      28
      39
      25
      45
      45
      39
      28
      33
      21
      23
      32
      24
      28
      27
      29
      26
      31
      25
      27
      29
      35
      30
      30
      16
      33
      21
      26
      19
      35
      26
      33
      31
      27
      35
      32
      28
      31
      43
      47
      38
      44
      51
      53
      84
      93
     103
      83
      75
      44
      38
      28
      22
      23
      50
      66
     201
     513
     933
    1156
    1082
     586
     268
     100
      41
      20
      19
      34
      29
      16
      29
      21
      33
      36
      56
      93
      86
      70
      45
      35
      74
     129
     313
     413
     420
     303
     183
     101
      59
      53
      45
      44
      35
      50
      49
      44
      21
      32
      17
      17
      21
      25
      26
      29
      25
      32
      23
      25
      26
      27
      29
      16
      29
      25
      31
      49
      23
      39
      29
      31
      21
      18
      20
      29
      22
      28
      20
      19
      26
      28
      21
      27
      15
      18
      23
      20
      17
      21
      18
      16
      22
      26
      21
      20
      23
      20
      17
      23
      29
      27
      22
      24
      16
      26
      25
      13
      16
      21
      23
      15
      24
      22
      18
      28
      22
      24
      28
      19
      17
      27
      25
      24
      29
      26
      24
      28
      35
      33
      33
      21
      27
      28
      33
      47
      52
      39
      26
      24
      26
      18
      22
      19
      24
      27
      27
      20
      29
      13
      23
      29
      16
      23
      28
      18
      19
      20
      17
      22
      14
      22
      25
      24
      27
      23
      17
      18
      28
      22
      22
      27
      40
      54
      75
      58
      55
      38
      36
      42
      44
      43
      45
      27
      24
      25
      43
      38
      49
      38
      22
      28
      20
      22
      28
      19
      23
      22
      19
      26
      20
      23
      20
      21
      18
      21
      15
      17
      18
      22
      14
      18
      20
      28
      15
      21
      27
      38
      69
     102
      94
      58
      49
      24
      29
      54
     137
     329
     629
     797
     817
     602
     301
     121
      37
      30
      15
      21
      22
      24
      17
      23
      34
      68
     105
     157
     167
     135
      92
      44
      25
      25
      17
      17
      20
      28
      29
      17
      17
      20
      28
      20
      31
      40
      34
      38
      22
      18
      26
      17
      22
      13
      21
      19
      27
      25
      17
      18
      14
      26
      11
      19
      15
      21
      14
      17
      25
      23
      28
      17
      11
      29
      26
      29
      30
      19
      22
      16
      20
      27
      38
      65
     108
     199
     290
     260
     235
     115
      78
      33
      25
      16
      29
      24
      18
      17
      39
      44
      57
      45
      33
      21
      21
      16
      26
      18
      11
      24
      21
      19
      22
      15
      17
      20
      19
      26
      31
      20
      25
      19
      22
      18
      21
      20
      23
      24
      11
      11
      12
      15
      21
      12
      19
      18
      15
      21
      25
      24
      28
      24
      20
      25
      17
      19
      11
      19
      15
      17
      14
      14
      15
      16
      12
      15
      19
      22
      17
      15
      18
      19
      19
      18
      18
      17
      19
      23
      18
      32
      16
      20
      17
      15
      16
      17
      11
      20
      16
      18
      18
      19
      26
      27
      12
      31
      36
      37
      42
      44
      27
      21
      19
      23
      21
      18
      31
      24
      30
      19
      18
      23
      19
      17
      17
      14
      15
      21
      21
      16
      21
      22
      15
      22
      23
      31
      23
      20
      16
      15
      14
      15
      21
      15
      18
      12
      20
      13
      11
      10
      14
      18
      14
      21
      13
      15
      22
      16
      18
      17
      16
      17
      14
      12
      11
      15
      18
      13
      15
      25
      49
      44
      22
      30
      28
      22
       9
      18
       9
      11
      23
      17
      16
      15
      13
      15
      17
      10
      22
      14
      13
      15
      16
      21
      20
      17
      14
      20
      19
      13
      16
      14
      22
      11
      12
      13
      14
      22
      14
      24
      27
      22
      34
      22
      16
      17
      11
      16
      21
      25
      21
      24
      18
      25
      19
      13
      20
      17
      12
      16
      18
      13
      17
      10
      12
      19
       9
      20
      15
      20
      15
      10
      12
      11
      15
      16
      15
       9
      21
      15
      16
      25
      13
      15
      18
      12
      16
      19
      10
      16
      14
      26
      13
      16
      12
      15
      19
      30
      43
      54
      44
      50
      37
      24
      15
      18
      16
      11
      24
      27
      36
      27
      30
      18
      33
      14
      10
      11
      13
       8
       6
      14
       9
      11
      11
      19
       8
      17
      11
      12
      12
      13
      16
      19
      18
      17
      18
      10
      13
      15
       9
      14
      13
      12
      10
      20
      11
      11
       9
      14
      15
      12
      11
      19
      19
      10
       9
      16
      10
      10
      20
       9
      18
      14
      10
      12
      13
      12
      16
      14
      10
       6
      10
      19
      15
      16
      10
      10
       8
      12
      16
      15
       9
      18
      15
      16
      15
      12
      23
      26
      20
      16
      15
      20
      10
      21
      18
      19
      18
      15
      15
      14
      12
      14
      11
      10
      14
      10
      13
      12
      10
      17
      18
      14
       9
      12
       7
      14
      11
      16
      15
      11
      12
      15
      17
      19
      15
      25
      26
      38
      34
      20
      15
      20
      21
      14
      13
      11
      21
       6
      15
       4
      13
      11
      11
      15
      15
      22
      24
      23
      26
      38
      29
      23
      14
      15
      15
      15
       3
       5
       9
       9
      10
       8
      22
      19
      12
      13
      10
       7
       7
      14
       7
       8
      11
      12
      10
      12
       5
      14
      16
      12
      22
      29
      18
      19
      15
      15
      15
      11
      12
       9
      10
      10
      17
      18
      11
      13
      13
      15
      36
      46
      69
      52
      42
      25
      19
      12
      12
      18
       6
       4
      11
      10
       7
      18
      12
      14
      13
      11
      17
       8
       8
      15
      14
      18
      17
      10
      10
      11
      14
      27
      20
      19
      14
      12
      13
      11
      20
      19
       9
      14
      12
      13
      10
      13
      19
      26
      14
      16
      13
      13
      16
      15
      13
       9
      16
      15
       8
      15
      12
      10
      13
      12
       6
      11
       9
       9
      10
      10
       8
      12
       7
       8
      15
       7
      10
      15
      14
      15
       5
      11
       6
      16
      19
      11
       6
       7
      12
      13
       6
       7
       8
       8
      21
      16
      10
       7
       7
       7
      13
      13
       6
       9
       8
      10
      11
      13
       5
      17
      11
       9
      13
      17
      12
      14
      10
       9
       7
      10
      12
       8
       7
      10
      12
      12
       7
      16
       9
      10
       7
       9
       3
       8
       8
       7
      11
       8
      13
      15
      12
      13
       8
      11
      10
      10
      14
      10
      12
       9
      13
      10
      10
      14
      11
       8
      13
      16
      10
      12
       8
       5
       8
      12
       3
       7
      10
      15
      11
      11
      14
      19
       5
      16
      14
       9
      18
      31
      64
     104
     152
     177
     130
      82
      57
      23
      10
       6
      10
      11
      18
      11
       7
      11
       9
      12
      11
      10
      11
      11
       7
       5
      11
      10
      15
      13
       9
      13
      10
       7
      20
      11
      14
      12
       8
      13
      25
      20
      31
      32
      26
      16
      13
       7
       6
      10
       4
       5
       9
       3
       9
       9
       7
      12
      11
       5
       9
      10
       7
       9
       5
      13
      11
      10
       6
       8
      11
       5
       8
      13
      11
      11
      17
      22
      15
      10
       7
      10
      12
       5
      11
       8
      12
       8
      11
       4
       8
      14
      14
      18
       8
       9
       7
      13
       8
       9
      11
       9
       7
      14
       8
       8
       9
      15
       7
      11
       9
      11
       7
       5
      10
      14
       5
      10
       7
      13
      12
       6
       9
      19
       9
       8
       9
       7
      15
      10
       8
       9
      10
       6
       5
      11
      14
      11
      11
      10
       6
       4
      10
       9
       5
       6
      12
      10
      12
      10
       9
      10
       9
      11
       5
      14
      11
       7
       9
       7
       6
      10
      11
       8
       3
       9
      11
       6
       8
      10
      10
       8
      11
       8
       9
       9
       4
       8
       8
      10
       8
       8
       6
       7
       9
       2
      14
       6
       3
       9
      11
       7
       5
       9
       5
       9
       7
       5
       8
      14
       8
      13
      12
       8
      15
       6
      15
       8
      14
      10
       7
       9
      11
       8
       5
       9
       6
       5
      10
       8
       3
       3
       6
      12
       8
      13
      14
       9
       5
      13
       7
       6
       7
       8
       8
       8
       4
       6
       7
       4
      16
       4
      12
       5
      15
       8
      10
       9
      13
      16
       9
      17
      15
       7
      13
      12
      10
      15
      13
      23
      12
      19
      11
      19
      11
      11
      15
      13
       7
      14
      12
       9
       7
       4
      11
      10
      23
      19
      44
      59
      58
      50
      27
      21
       9
       7
       9
       7
       7
       9
      12
      15
      10
      16
      11
       5
      10
      11
       7
       5
       6
       8
       5
       9
       7
       9
      16
       7
       9
      10
      16
      15
       6
       7
       6
       6
       8
       6
       5
      19
      18
      15
      23
      21
      11
      10
      10
       7
      11
       7
       6
      10
       6
       2
       7
       6
       6
       7
       8
      11
      10
       7
      10
       5
       9
       5
       9
      12
      10
      11
       5
       7
       9
      10
      11
       5
       4
       6
      12
       8
       8
       6
       9
       6
      12
       7
       5
       6
       7
       7
       5
       7
      13
      10
       8
      16
      11
      14
       9
       8
       6
       7
      10
       5
       6
      10
       8
      13
       9
       4
       7
       9
       8
       7
      12
       8
       5
      11
      12
      10
      10
      10
       8
       9
       9
       7
       9
      10
       6
       5
       5
       7
       9
       2
      11
       7
       6
       5
       8
       4
       6
       8
       6
       7
       7
       8
      10
       4
       9
       3
       7
       6
       8
       9
       8
       8
      11
       6
       7
       9
       8
       3
       7
       8
       7
       4
       3
       4
       4
       6
      11
       6
       2
       6
       6
       7
      10
       5
       3
       2
       3
       3
      11
       6
       6
       7
       5
       2
       5
       5
       6
      11
      10
      11
       9
       8
       5
       5
       9
      13
      14
       8
       5
       6
       8
       8
       6
       6
       7
       4
       4
       8
       6
       8
       1
       3
      13
      12
       6
       8
       2
       4
       6
       9
      12
       4
       7
       2
       6
       6
       6
       6
       5
       4
       2
       4
       5
       7
       7
       2
       4
       4
       5
       9
      11
       1
       9
       6
       3
       6
       5
       6
       7
       6
       5
      12
      11
       6
       5
       7
       4
       4
       3
      13
      10
       9
      14
      14
      17
      10
      13
      12
      11
       7
       8
      10
       6
      10
       9
      10
       6
       4
       6
       6
       8
       9
       4
       5
       2
       3
       3
       8
       4
       6
       5
       7
       3
       8
       7
       7
       7
       5
       3
       2
       3
      10
       5
       4
       8
       6
       4
       9
       1
       4
       5
       3
       6
       8
       5
       4
       4
       6
       8
       7
       8
      13
      15
      29
      65
      60
      53
      50
      36
      27
       7
       4
       7
       2
       5
       6
       8
       7
       2
       9
       7
      10
       4
       3
       8
       1
       2
       4
       8
       6
       5
       3
      10
       5
       6
      11
      13
       9
       6
       3
       5
       6
       7
       3
       6
       9
      13
       6
       5
      10
      10
       5
       9
       7
       4
       8
       9
       5
       5
       4
      13
       7
       8
       5
       4
       8
       3
       9
       3
       2
       7
       5
       2
       6
       7
       5
       6
       5
       6
       4
       5
       4
       7
       7
       8
       4
       9
       8
       5
       5
       4
       3
       8
       3
      11
       5
      12
       6
      13
       7
      13
      17
      23
      22
      15
       6
       7
       8
       2
       5
       3
       5
       8
       4
       3
       6
       8
       8
       2
       4
       4
       5
       6
       4
       9
       5
       6
       3
       2
       7
       4
      10
       4
       2
       7
       4
       4
       9
       7
       9
       3
       8
       4
       6
       4
       6
       6
       6
       6
       2
       1
       5
       0
       5
       3
       6
       4
       3
       4
       5
       8
      10
       4
       1
       8
       6
       6
       3
       2
       5
       4
       2
       4
       3
      10
       5
       4
       3
       7
       1
       4
       6
       4
       2
       5
       9
       8
       2
      13
      11
      11
       6
       8
       8
       1
       3
       4
       7
       4
       7
       5
       0
       4
       6
       5
       7
      11
       4
       3
       3
       3
       8
       4
       5
       4
       1
       4
       5
       7
       1
       4
       2
       6
       4
       4
       6
       4
       7
       3
       3
       7
       6
       7
       6
       4
      11
       3
       5
       7
       5
      11
       3
       5
       4
       3
       8
       4
       3
       6
       4
       4
       5
       5
       3
       2
       6
       4
       5
       4
      12
       6
       8
       1
       5
       5
       5
       8
       7
       4
       6
       5
       8
       5
       3
       2
       5
       5
       3
       5
       4
       4
       7
       9
       6
       5
       8
       7
       4
       5
       3
       6
       6
      14
       5
       3
       7
       7
       5
       4
       5
       2
       5
       3
       9
       6
       9
       1
       6
       4
       5
       4
       3
      10
       6
       6
       2
       6
       4
       4
       2
       6
      10
       8
       5
       4
       7
       4
       2
       0
       7
       4
       7
       2
      10
       4
       1
       7
       4
       8
       2
       4
       4
       5
       4
       2
       2
       3
       0
       3
       0
       5
       1
       2
       3
       4
       3
       6
       8
      13
      18
      14
      10
      13
       7
       6
       8
       7
       5
       6
       4
       5
       4
       8
      11
       3
       3
       9
       7
       1
       9
      10
       7
       4
       4
       4
       8
       4
       3
       3
       5
       0
       3
       3
       4
       7
       6
       6
       5
       3
       6
       8
      11
       3
       1
       1
       4
       5
       3
       5
       5
       3
       8
       6
       5
       2
       4
       5
       5
       7
       3
       4
       6
       4
       3
       4
       7
       4
       5
       4
       2
       4
       3
       6
       4
       7
       3
       4
       6
       3
       2
       3
       2
       0
       9
       4
       4
       6
       5
       2
       5
       5
       8
       5
       0
       3
       4
       6
       5
       8
       5
       2
       4
       4
       2
       5
       4
       1
       1
       7
       9
       4
      10
       5
       5
       4
       5
       3
       6
       0
       5
       2
       3
       5
       2
       4
       5
       4
       5
       7
       3
       5
       5
       1
       6
       7
       5
       4
       2
       7
       3
       5
       5
       5
       5
       2
       5
       6
       7
       9
      20
      15
      19
      22
      11
       8
      13
      13
      16
      23
      23
      24
      16
       9
       7
       6
       6
       2
       5
       5
       3
       3
       4
       4
       1
       1
       2
       4
       3
       2
       3
       6
       4
       2
      12
       5
       0
       5
       3
       1
       3
       3
       2
       5
       2
       4
       4
       6
       1
       2
       3
       1
       8
       2
       3
       3
       6
       2
       5
       4
       4
       4
       2
       0
       3
       4
       3
       2
       3
       3
       5
       3
       3
       2
       4
       2
       2
       7
       4
       3
       3
       3
       2
       4
       3
       2
       1
       1
       4
       2
       4
       3
       4
       4
       0
       4
       2
       3
       1
       2
       5
       1
       0
       1
       2
       1
       3
       1
       4
       3
       3
       4
       2
       2
       6
       7
       8
       1
       4
       5
       6
       5
       2
       3
       0
       2
       4
       6
       3
       4
       5
       3
       5
       1
       0
       3
       3
       3
       2
       2
       2
       5
       3
       2
       6
       4
       2
       3
       3
       3
       5
       3
       1
       3
       4
       2
       3
       3
       2
       1
       2
       1
       5
       2
       2
       2
       6
       4
       2
       6
       4
       4
       1
       2
       2
       3
       1
       5
       3
       3
       1
       4
       2
       2
       2
       5
       4
       2
       3
       3
       3
       4
       3
       2
       5
       6
       7
       5
       1
       5
       2
       3
       6
       2
       3
       1
       2
       1
       3
       1
       3
       2
       2
       4
       4
       3
       3
       3
       2
       4
       5
       4
       1
       0
       2
       0
       4
       5
       1
       8
       1
       1
       1
       2
       6
       5
       2
       4
       1
       3
       2
       1
       1
       2
       6
       3
       6
       5
       4
       2
       6
       1
       3
       3
       3
       2
       3
       2
       1
       3
       3
       3
       3
       5
       1
       3
       3
       3
       1
       3
       2
       2
       1
       3
       3
       0
       3
       1
       1
       8
       2
       6
       1
       7
       4
       3
       3
       1
       3
       0
       3
       3
       1
       3
       1
       2
       2
       3
       1
       4
       2
       1
       5
       2
       2
       4
       1
       1
       2
       2
       2
       3
       1
       1
       3
       3
       3
       2
       2
       0
       3
       3
       0
       2
       4
       7
       2
       5
       3
       3
       2
       5
       3
       1
       0
       2
       3
       2
       2
       4
       2
       1
       1
       8
       1
       1
       0
       1
       2
       0
       6
       3
       5
       9
       6
      23
      26
      23
      12
      18
       5
       5
       1
       0
       2
       3
       2
       4
       1
       1
       3
       0
       2
       0
       2
       0
       2
       0
       3
       6
       2
       3
       1
       0
       5
       0
       1
       2
       1
       2
       1
       2
       1
       0
       2
       5
       0
       2
       4
       2
       2
       3
       1
       3
       1
       3
       1
       2
       4
       2
       0
       2
       1
       1
       2
       0
       4
       1
       2
       3
       1
       1
       2
       2
       0
       3
       1
       4
       3
       1
       2
       1
       4
       6
       3
       4
       0
       0
       0
       1
       2
       3
       2
       4
       4
       1
       1
       4
       3
       0
       1
       1
       1
       1
       0
       1
       3
       2
       5
       1
       5
       1
       2
       3
       2
       4
       1
       1
       1
       1
       0
       2
       2
       4
       1
       2
       2
       1
       1
       3
       3
       2
       0
       1
       3
       2
       1
       2
       1
       3
       3
       0
       2
       5
       4
       0
       3
       1
       2
       1
       2
       0
       3
       3
       1
       4
       0
       0
       1
       3
       0
       0
       2
       1
       2
       5
       3
       5
       1
       5
       3
       2
       1
       6
       2
       1
       1
       1
       5
       2
       2
       0
       2
       4
       1
       2
       1
       2
       1
       0
       2
       4
       1
       1
       3
       3
       4
       6
       3
       2
       0
       4
       2
       1
       2
       0
       2
       3
       1
       2
       1
       4
       4
       8
      11
      21
      18
      20
      10
       8
       6
       2
       3
       0
       1
       1
       2
       3
       1
       1
       2
       2
       0
       3
       2
       3
       4
       2
       1
       1
       2
       0
       4
       1
       1
       1
       0
       3
       3
       3
       3
       2
       0
       4
       4
       2
       3
       1
       2
       0
       3
       0
       1
       2
       1
       1
       3
       0
       1
       2
       3
       2
       0
       0
       0
       1
       1
       5
       2
       5
       1
       0
       3
       4
       1
       2
       3
       5
       4
       6
       9
       6
       5
       1
       4
       0
       1
       2
       2
       2
       2
       1
       3
       2
       2
       2
       3
       2
       1
       2
       2
       1
       0
       1
       4
       2
       1
       1
       1
       1
       0
       0
       0
       2
       0
       2
       1
       1
       0
       1
       4
       3
       1
       0
       1
       2
       1
       1
       3
       1
       2
       4
       4
       1
       1
       1
       3
       2
       0
       3
       1
       3
       2
       1
       0
       1
       2
       1
       1
       1
       0
       0
       1
       0
       4
       0
       1
       0
       1
       1
       0
       1
       0
       2
       2
       1
       1
       2
       2
       0
       2
       1
       3
       0
       1
       2
       1
       1
       1
       2
       1
       1
       1
       0
       2
       1
       4
       2
       2
       4
       2
       6
       5
       5
       2
       0
       2
       4
       0
       1
       0
       0
       1
       1
       4
       2
       1
       3
       3
       5
       0
       0
       1
       0
       0
       1
       1
       0
       3
       1
       1
       3
       1
       0
       3
       2
       2
       4
       5
       2
       0
       1
       2
       0
       2
       0
       1
       2
       1
       0
       0
       0
       3
       0
       1
       1
       1
       0
       1
       1
       2
       2
       0
       1
       0
       1
       2
       2
       1
       1
       0
       1
       1
       1
       1
       1
       2
       0
       2
       1
       2
       0
       3
       1
       0
       1
       1
       0
       0
       2
       1
       2
       1
       3
       1
       1
       1
       1
       1
       1
       0
       4
       4
       8
      10
       9
      16
       8
      10
      10
       3
       0
       2
       2
       1
       1
       0
       0
       2
       2
       3
       1
       1
       5
       1
       2
       2
       2
       1
       2
       1
       1
       1
       0
       2
       1
       2
       1
       0
       1
       0
       1
       2
       2
       0
       0
       0
       1
       1
       3
       1
       1
       0
       2
       4
       1
       1
       1
       3
       2
       0
       0
       1
       0
       0
       2
       0
       1
       0
       1
       2
       1
       0
       1
       2
       1
       1
       0
       1
       0
       1
       0
       0
       0
       0
       0
       1
       0
       2
       0
       1
       0
       0
       2
       0
       2
       2
       2
       1
       1
       0
       2
       3
       1
       1
       0
       2
       1
       2
       1
       3
       3
       1
       1
       2
       2
       1
       2
       2
       4
       2
       1
       0
       3
       1
       2
       3
       1
       1
       0
       1
       1
       1
       1
       2
       2
       0
       0
       2
       0
       0
       1
       0
       1
       0
       2
       1
       0
       1
       2
       0
       3
       0
       2
       0
       0
       0
       1
       2
       2
       3
       2
       1
       2
       0
       2
       0
       0
       0
       0
       2
       1
       3
       1
       0
       0
       1
       0
       0
       0
       2
       0
       1
       0
       1
       0
       1
       2
       1
       0
       0
       0
       0
       1
       1
       0
       0
       0
       0
       1
       1
       3
       0
       1
       0
       1
       1
       0
       3
       1
       0
       0
       0
       0
       2
       1
       1
       2
       2
       1
       2
       0
       0
       1
       1
       1
       1
       0
       2
       2
       0
       1
       1
       1
       2
       2
       3
       0
       0
       0
       2
       1
       1
       0
       0
       0
       2
       1
       2
       2
       1
       0
       0
       0
       1
       0
       1
       1
       1
       0
       0
       0
       0
       0
       0
       0
       1
       0
       1
       1
       1
       1
       0
       0
       0
       1
       0
       1
       0
       0
       2
       0
       0
       2
       0
       0
       0
       0
       0
       0
       1
       0
       0
       0
       1
       2
       1
       0
       0
       0
       0
       2
       1
       0
       2
       0
       0
       2
       1
       2
       0
       0
       1
       1
       1
       0
       0
       1
       0
       1
       0
       1
       2
       0
       0
       0
       0
       2
       6
       6
       2
       3
       6
       2
       1
       2
       3
       1
       4
       1
       2
       2
       0
       1
       0
       0
       1
       3
       0
       2
       3
       0
       0
       2
       1
       0
       1
       2
       0
       1
       0
       1
       2
       1
       0
       0
       0
       0
       0
       0
       1
       0
       1
       0
       0
       0
       1
       1
       0
       0
       0
       1
       1
       2
       1
       0
       0
       0
       0
       0
       0
       0
       2
       1
       1
       1
       1
       0
       2
       1
       1
       3
       0
       0
       0
       0
       0
       2
       0
       1
       1
       0
       1
       0
       0
       1
       0
       1
       0
       0
       0
       0
       1
       1
       0
       0
       1
       1
       0
       0
       0
       1
       0
       1
       1
       1
       0
       0
       0
       1
       2
       0
       1
       1
       0
       0
       0
       0
       0
       0
       1
       1
       2
       0
       2
       2
       0
       2
       0
       1
       1
       0
       0
       0
       0
       0
       2
       0
       1
       0
       1
       0
       1
       0
       0
       1
       0
       0
       0
       0
       1
       1
       0
       1
       0
       1
       2
       1
       0
       1
       1
       0
       0
       2
       0
       0
       1
       2
       0
       0
       1
       1
       2
       0
       1
       1
       0
       0
       0
       1
       0
       0
       1
       0
       0
       1
       0
       0
       0
       0
       0
       1
       0
       0
       0
       1
       0
       0
       2
       0
       1
       1
       0
       0
       0
       1
       1
       0
       0
       1
       2
       0
       0
       0
       2
       1
       1
       2
       0
       1
       1
       1
       2
       1
       0
       0
       1
       1
       1
       0
       1
       0
       0
       0
       2
       0
       0
       1
       0
       0
       0
       1
       0
       1
       0
       0
       0
       1
       0
       0
       0
       0
       2
       1
       1
       2
       0
       0
       0
       1
       1
       0
       0
       0
       0
       0
       1
       0
       0
       0
       3
       0
       0
       1
       2
       1
       0
       0
       0
       1
       0
       0
       0
       0
       0
       0
       0
       0
       0
       1
       0
       1
       0
       0
       1
       0
       0
       0
       1
       0
       2
       0
       0
       1
       0
       0
       0
       0
       0
       0
       0
       0
       0
       1
       0
       0
       1
       1
       0
       0
       0
       0
       0
       0
       0
       2
       1
       0
       0
       0
       1
       0
       2
       0
       1
       3
       0
       0
       1
       0
       0
       1
       1
       2
       1
       2
       1
       0
       0
       0
       2
       0
       0
       0
       2
       1
       0
       1
       0
       0
       0
       0
       1
       1
       0
       0
       0
       0
       0
       0
       0
       0
       0
       1
       0
       2
       0
       0
       2
       0
       0
       0
       0
       0
       0
       0
       1
       2
       0
       0
       0
       0
       0
       0
       0
       0
       1
       1
       0
       1
       0
       0
       0
       0
       2
       0
       0
       0
       0
       0
       0
       0
       0
       0
       0
       0
       0
       3
       0
       0
       0
       1
       1
       0
       0
       0
       0
       0
       1
       0
       1
       1
       0
       1
       1
       1
       1
       0
       0
       0
       0
       0
       0
       0
       0
       0
       1
       0
       0
       0
       1
       0
       1
       0
       2
       0
       0
       1
       0
       0
       0
       1
       0
       0
       0
       0
       0
       0
       0
       0
       2
       0
       0
       0
       1
       2
       0
       0
       0
       1
       1
       0
       0
       4
       1
       0
       1
       0
       1
       0
       0
       1
       0
       0
       0
       0
       1
       2
       0
       0
       0
       1
       0
       0
       0
       0
       1
       0
       0
       0
       0
       0
       0
       0
       1
       1
       2
       2
       0
       0
       1
       0
       0
       0
       1
       0
       1
       0
       0
       0
       1
       1
       0
       0
       1
       1
       2
       1
       0
       0
       0
       1
       0
       1
       0
       2
       1
       0
       0
       0
       0
       0
       2
       1
       0
       0
       2
       0
       1
       0
       0
       0
       0
       0
       0
       0
       0
       2
       0
       0
       0
       0
       0
       1
       1
       0
       0
       0
       0
       0
       0
       0
       0
       0
       0
       0
       0
       0
       0
       0
       0
       0
       0
       0
       1
       0
       0
       0
       0
       0
       0
       0
       1
       0
       0
       0
       0
       0
       0
       0
       0
       0
       0
       0
       0
       0
       0
       2
       0
       0
       0
       1
       3
       1
       0
       0
       0
       0
       1
       0
       0
       0
       1
       0
       1
       0
       0
       0
       0
       0
       0
       2
       0
       0
       0
       1
       1
       0
       0
       1
       1
       0
       0
       4
       0
       1
       0
       0
       0
       2
       0
       0
       1
       0
       0
       0
       0
       0
       1
       0
       0
       0
       0
       0
       0
       0
       0
       0
       1
       0
       1
       0
       0
       4
       0
       1
       1
       0
       0
       1
       0
       1
       0
       0
       0
       0
       0
       0
       2
       1
       0
       0
       0
       2
       1
       0
       0
       0
       1
       0
       0
       1
       0
       0
       0
       3
       0
       0
       0
       1
       1
       0
       0
       0
       0
       0
       1
       3
       0
       1
       1
       0
       1
       1
       3
       0
       1
       1
       0
       0
       1
       0
       0
       0
       0
       0
       0
       0
       1
       1
       0
       1
       0
       1
       0
       1
       0
       0
       0
       2
       0
       0
       0
       0
       0
       0
       1
       0
       0
       0
       0
       0
       1
       0
       0
       1
       0
       0
       0
       1
       1
       1
       0
       0
       1
       1
       1
       0
       1
       0
       0
       1
       1
       0
       0
       0
       0
       0
       0
       1
       0
       0
       1
       0
       0
       1
       0
       1
       0
       0
       0
       0
       0
       0
       0
       0
       1
       0
       0
       0
       1
       0
       0
       0
       0
       0
       0
       1
       1
       1
       0
       1
       1
       1
       0
       1
       0
       1
       1
       0
       0
       0
       0
       0
       0
       0
       1
       0
       0
       0
       1
       0
       0
       0
       0
       2
       0
       0
       0
       1
       1
       0
       2
       1
       0
       0
       2
       0
       0
       1
       0
       0
       1
       0
       1
       0
       0
       1
       0
       0
       0
       0
       0
       0
       0
       0
       0
       0
       0
       2
       1
       0
       0
       0
       0
       0
       0
       0
       0
       0
       1
       0
       0
       0
       0
       0
       1
       1
       0
       0
       0
       1
       0
       0
       0
       0
       1
       0
       1
       0
       0
       1
       0
       0
       0
       1
       2
       0
       0
       0
       0
       0
       1
       0
       1
       0
       0
       0
       0
       1
       0
       0
       2
       1
       0
       1
       0
       0
       0
       1
       0
       0
       0
       0
       0
       2
       0
       0
       0
       0
       0
       0
       0
       1
       1
       0
       0
       0
       0
       1
       1
       1
       0
       0
       1
       1
       0
       1
       0
       1
       0
       0
       0
       0
       0
       0
       1
       0
       0
       1
       0
       0
       0
       1
       0
       0
       0
       2
       0
       0
       1
       1
       0
       0
       0
       0
       1
       0
       0
       0
       0
       0
       0
       2
       0
       0
       0
       1
       0
       0
       1
       0
       0
       0
       1
       1
       0
       0
       0
       1
       0
       1
       0
       0
       1
       2
       0
       0
       0
       0
       0
       0
       0
       0
       0
       0
       0
       0
       0
       0
       0
       0
       0
       0
       0
       0
       0
       0
       0
       0
       0
       0
       0
       0
       0
       0
       0
       0
       0
       1
       0
       0
       0
       1
       1
       0
       0
       0
       0
       0
       0
       0
       0
       0
       1
       0
       0
       0
       1
       0
       2
       0
       0
       0
       0
       0
       0
       0
       1
       0
       0
       0
       0
       0
       0
       0
       1
       2
       1
       0
       0
       0
       0
       0
       0
       0
       0
       1
       1
       1
       0
       0
       0
       1
       0
       0
       1
       0
       0
       0
       0
       0
       0
       0
       0
       1
       0
       0
       0
       0
       0
       0
       0
       0
       0
       1
       1
       0
       0
       1
       0
       0
       0
       0
       0
       0
       0
       0
       0
       0
       0
       0
       0
       0
       0
       0
       0
       0
       1
       0
       0
       0
       1
       0
       2
       0
       0
       0
       0
       1
       0
       0
       0
       0
       0
       0
       0
       0
       1
       0
       2
       0
       0
       0
       0
       1
       0
       0
       0
       1
       0
       0
       0
       0
       0
       0
       0
       0
       1
       1
       1
       2
       0
       0
       0
       0
       1
       1
       0
       0
       0
       0
       0
       0
       0
       0
       0
       0
       0
       0
       0
       0
       1
       1
       1
       0
       0
       0
       0
       0
       0
       0
       0
       0
       0
       0
       0
       0
       0
       0
       0
       0
       0
       0
       0
       0
       0
       2
       1
       1
       2
       0
       0
       0
       0
       0
       0
       1
       0
       0
       0
       0
       0
       0
       0
       0
       0
       0
       0
       0
       0
       0
       0
       1
       0
       1
       0
       0
       0
       0
       1
       0
       0
       0
       0
       0
       0
       0
       0
       0
       0
       1
       0
       0
       0
       0
       0
       1
       0
       0
       0
       0
       0
       0
       0
       0
       0
       0
       0
       0
       2
       0
       0
       0
       2
       0
       0
       0
       0
       0
       0
       0
       0
       0
       0
       0
       1
       0
       0
       0
       1
       0
       1
       0
       0
       0
       0
       0
       1
       0
       0
       0
       0
       0
       0
       0
       0
       0
       1
       0
       1
       1
       0
       0
       0
       0
       0
       0
       0
       0
       0
       0
       0
       0
       0
       0
       0
       0
       0
       0
       1
       0
       0
       0
       0
       0
       0
       0
       0
       0
       0
       0
       0
       0
       0
       0
       0
       0
       0
       0
       2
       0
       1
       0
       0
       0
       0
       0
       0
       0
       0
       0
       0
       1
       0
       0
       0
       1
       0
       2
       0
       0
       0
       0
       0
       0
       0
       0
       0
       0
       1
       0
       0
       0
       0
       0
       0
       0
       0
       0
       0
       0
       0
       0
       0
       0
       0
       1
       0
       0
       0
       0
       0
       0
       0
       1
       0
       0
       0
       0
       0
       0
       0
       0
       0
       0
       0
       0
       0
       0
       0
       0
       0
       0
       0
       0
       0
       0
       0
       0
       0
       0
       0
       0
       1
       0
       0
       0
       0
       0
       0
       0
       0
       0
       1
       0
       0
       0
       0
       0
       0
       0
       0
       0
       0
       0
       0
       0
       0
       0
       0
       0
       0
       0
       0
       1
       1
       0
       0
       0
       0
       0
       0
       0
       0
       0
       0
       1
       0
       0
       0
       0
       0
       0
       0
       0
       0
       1
       0
       0
       0
       0
       0
       0
       0
       1
       0
       0
       0
       0
       0
       0
       1
       1
       0
       0
       0
       0
       0
       0
       0
       0
       0
       0
       0
       0
       0
       0
       0
       0
       0
       0
       0
       0
       0
       0
       0
       0
       0
       0
       0
       0
       0
       0
       0
       0
       0
       0
       0
       0
       1
       0
       0
       0
       0
       0
       0
       0
       0
       0
       0
       0
       0
       0
       0
       0
       0
       0
       1
       0
       0
       0
       0
       0
       0
       0
       0
       1
       0
       0
       0
       0
       0
       0
       0
       0
       0
       0
       0
       0
       0
       0
       1
       0
       0
       0
       0
       0
       0
       0
       0
       0
       0
       0
       0
       0
       0
       0
       0
       0
       0
       0
       0
       0
       0
       0
       0
       0
       0
       0
       0
       0
       0
       0
       0
       0
       0
       0
       0
       0
       0
       0
       0
       0
       0
       0
       0
       0
       0
       0
       0
       0
       0
       0
       0
       0
       0
       0
       0
       0
       0
       1
       0
       0
       0
       0
       0
       0
       0
       0
       0
       0
       0
       0
       0
       0
       0
       0
       0
       0
       1
       0
       0
       0
       0
       0
       0
       0
       0
       0
       0
       0
       1
       1
       0
       0
       0
       0
       0
       0
       0
       0
       1
       0
       1
       0
       0
       0
       0
       0
       0
       0
       0
       0
       0
       0
       0
       0
       0
       0
       0
       1
       0
       0
       0
       0
       0
       0
       0
       0
       0
       0
       0
       0
       0
       0
       0
       0
       0
       0
       0
       0
       0
       0
       0
       0
       1
       0
       0
       0
       0
       1
       2
       2
       2
       0
       2
       2
       1
       0
       4
       0
       1
       0
       0
       0
       0
       0
       0
       0
       0
       0
       1
       0
       0
       0
       1
       0
       0
       0
       0
       0
       0
       0
       0
       0
       1
       0
       1
       0
       0
       0
       0
       0
       0
       0
       0
       0
       0
       0
       0
       0
       0
       0
       0
       0
       0
       0
       0
       0
       0
       0
       0
       0
       0
       0
       0
       0
       0
       0
       0
       0
       0
       0
       0
       0
       0
       0
       0
       0
       0
       0
       0
       0
       0
       0
       0
       0
       1
       0
       0
       0
       0
       0
       0
       0
       0
       0
       0
       0
       0
       0
       1
       0
       0
       0
       0
       0
       0
       1
       0
       0
       0
       0
       0
       0
       0
       1
       0
       0
       0
       0
       0
       0
       0
       0
       0
       0
       0
       0
       0
       0
       0
       0
       0
       0
       0
       1
       0
       0
       0
       0
       0
       0
       0
       0
       0
       0
       0
       0
       0
       0
       0
       0
       0
       0
       0
       0
       0
       0
       0
       1
       0
       0
       0
       0
       0
       0
       0
       0
       0
       0
       0
       0
       0
       0
       0
       0
       0
       0
       0
       0
       0
       0
       2
       0
       0
       0
       0
       0
       0
       0
       0
       0
       0
       0
       0
       0
       0
       0
       0
       0
       0
       0
       0
       0
       0
       0
       0
       0
       0
       1
       0
       0
       1
       0
       0
       0
       0
       0
       0
       0
       0
       0
       0
       0
       0
       0
       0
       0
       0
       0
       0
       0
       0
       1
       0
       0
       1
       0
       0
       0
       0
       0
       0
       0
       0
       0
       0
       0
       0
       0
       0
       0
       0
       0
       0
       0
       0
       0
       0
       0
       0
       0
       0
       0
       0
       0
       1
       0
       0
       0
       0
       0
       0
       0
       0
       0
       0
       0
       0
       0
       0
       0
       0
       0
       0
       0
       0
       0
       0
       0
       0
       0
       0
       0
       0
       0
       0
       0
       0
       0
       0
       0
       0
       0
       0
       0
       0
       0
       0
       0
       0
       0
       0
       0
       0
       0
       0
       0
       0
       0
       0
       0
       0
       0
       0
       0
       0
       0
       0
       0
       0
       0
       0
       0
       0
       0
       0
       0
       0
       0
       0
       0
       0
       0
       0
       0
       0
       0
       0
       0
       0
       0
       0
       0
       0
       0
       0
       0
       0
       0
       0
       0
       0
       0
       0
       0
       0
       1
       0
       0
       0
       0
       0
       0
       0
       0
       0
       0
       0
       0
       0
       0
       0
       0
       0
       0
       0
       0
       0
       0
       0
       0
       0
       0
       0
       0
       0
       0
       0
       0
       0
       0
       0
       0
       0
       0
       0
       0
       0
       0
       0
       0
       0
       0
       0
       0
       0
       0
       0
       0
       0
       0
       0
       0
       0
       0
       0
       0
       0
       0
       0
       0
       0
       0
       0
       0
       1
       0
       0
       0
       0
       0
       0
       0
       0
       0
       0
       0
       0
       0
       0
       0
       0
       0
       0
       0
       0
       0
       0
       0
       0
       0
       0
       0
       0
       0
       0
       0
       0
       1
       0
       0
       0
       0
       0
       0
       0
       0
       0
       0
       0
       0
       0
       0
       0
       0
       0
       0
       0
       0
       0
       0
       0
       0
       0
       0
       0
       0
       0
       0
       0
       0
       0
       0
       1
       0
       0
       0
       0
       0
       0
       0
       0
       0
       0
       0
       0
       0
       0
       0
       0
       0
       0
       0
       0
       0
       0
       0
       0
       0
       0
       0
       0
       0
       0
       0
       0
       0
       0
       0
       0
       0
       0
       0
       0
       0
       0
       0
       0
       0
       0
       0
       0
       0
       0
       0
       0
       0
       0
       0
       0
       0
       0
       0
       0
       0
       0
       0
       0
       0
       0
       0
       0
       0
       0
       0
       0
       0
       0
       0
       0
       0
       0
       0
       0
       0
       0
       0
       0
       0
       0
       0
       0
       0
       0
       0
       0
       0
       0
       0
       0
       1
       0
       0
       0
       0
       0
       0
       0
       0
       0
       0
       0
       0
       0
       0
       0
       0
       0
       0
       0
       0
       0
       0
       0
       0
       0
       0
       0
       0
       0
       0
       1
       0
       0
       0
       1
       0
       0
       0
       0
       0
       0
       0
       0
       0
       0
       0
       0
       0
       0
       0
       0
       0
       0
       0
       0
       0
       0
       0
       0
       0
       0
       0
       0
       0
       0
       0
       0
       0
       0
       0
       0
       0
       0
       0
       0
       0
       0
       0
       0
       0
       0
       0
       0
       0
       0
       0
       0
       0
       0
       0
       0
       0
       0
       0
       0
       0
       0
       0
       0
       0
       0
       0
       0
       0
       0
       0
       0
       0
       0
       0
       0
       0
       0
       0
       0
       0
       0
       0
       0
       0
       0
       0
       0
       0
       0
       0
       0
       0
       0
       0
       1
       0
       0
       0
       0
       0
       0
       0
       0
       0
       0
       0
       0
       0
       0
       0
       0
       0
       0
       0
       0
       0
       1
       0
       0
       0
       0
       0
       0
       0
       0
       0
       0
       0
       0
       0
       0
       0
       0
       0
       0
       0
       0
       0
       0
       0
       0
       0
       0
       0
       0
       0
       0
       0
       0
       0
       0
       0
       0
       0
       0
       0
       0
       0
       0
       0
       0
       0
       0
       0
       0
       0
       0
       0
       0
       0
       0
       0
       0
       0
       0
       0
       0
       0
       0
       0
       0
       0
       0
       0
       0
       0
       0
       0
       0
       0
       0
       2
       0
       0
       0
       0
       0
       0
       0
       1
       0
       0
       0
       0
       0
       0
       0
       0
       0
       0
       0
       0
       0
       0
       0
       0
       0
       0
       0
       0
       0
       0
       0
       0
       0
       0
       0
       0
       0
       0
       0
       0
       0
       0
       0
       0
       0
       0
       0
       0
       0
       0
       0
       0
       0
       0
       0
       0
       0
       0
       0
       0
       0
       0
       0
       0
       0
       0
       0
       0
       0
       0
       0
       0
       0
       0
       0
       0
       0
       0
       0
       0
       0
       0
       0
       0
       0
       0
       0
       0
       0
       0
       0
       0
       0
       0
       0
       0
       0
       0
       0
       0
       0
       0
       0
       0
       0
       0
       0
       0
       0
       0
       0
       0
       0
       0
       0
       0
       0
       0
       0
       0
       0
       0
       0
       0
       0
       0
       0
       0
       0
       0
       0
       0
       0
       0
       0
       0
       0
       0
       0
       0
       0
       0
       0
       0
       0
       0
       0
       0
       0
       0
       0
       0
       0
       0
       0
       0
       0
       0
       0
       0
       0
       1
       0
       0
       0
       0
       0
       0
       0
       0
       0
       0
       0
       0
       0
       0
       0
       0
       0
       0
       0
       0
       0
       0
       1
       0
       0
       0
       0
       0
       0
       0
       0
       0
       0
       0
       0
       0
       0
       0
       0
       0
       0
       0
       0
       0
       0
       0
       0
       0
       0
       0
       0
       0
       0
       0
       0
       0
       0
       0
       0
       0
       0
       0
       0
       0
       0
       0
       0
       0
       0
       0
       0
       0
       0
       0
       0
       0
       0
       0
       0
       0
       0
       0
       0
       0
       0
       0
       0
       0
       0
       0
       0
       0
       0
       0
       0
       0
       0
       0
       0
       0
       0
       0
       0
       0
       0
       0
       0
       0
       0
       0
       0
       0
       0
       0
       0
       0
       0
       0
       0
       0
       0
       0
       0
       0
       1
       0
       0
       0
       0
       0
       0
       0
       0
       0
       0
       0
       0
       0
       0
       0
       0
       0
       0
       0
       0
       0
       0
       0
       0
       0
       0
       0
       0
       0
       0
       0
       0
       0
       0
       0
       0
       0
       0
       0
       0
       0
       0
       0
       0
       1
       0
       0
       0
       0
       0
       0
       0
       0
       0
       0
       0
       0
       0
       0
       0
       0
       0
       0
       0
       0
       0
       0
       0
       0
       0
       0
       0
       0
       0
       0
       0
       0
       0
       0
       0
       0
       0
       0
       0
       0
       0
       0
       0
       0
       0
       0
       0
       0
       0
       0
       0
       0
       0
       0
       0
       0
       0
       0
       0
       0
       0
       0
       0
       0
       0
       0
       0
       0
       0
       0
       0
       0
       0
       0
       0
       0
       0
       0
       0
       0
       0
       0
       0
       0
       0
       0
       0
       0
       0
       0
       0
       0
       0
       0
       0
       0
       0
       0
       0
       0
       0
       0
       0
       1
       0
       0
       0
       0
       0
       0
       0
       0
       0
       0
       0
       0
       0
       0
       0
       0
       0
       0
       0
       0
       0
       0
       0
       0
       0
       0
       0
       0
       0
       0
       0
       0
       0
       0
       0
       0
       0
       0
       0
       0
       0
       0
       0
       0
       0
       0
       0
       0
       0
       0
       0
       0
       0
       0
       0
       0
       1
       0
       0
       0
       0
       0
       0
       0
       0
       0
       0
       0
       0
       0
       0
       0
       0
       0
       0
       0
       0
       0
       0
       0
       0
       0
       0
       0
       0
       0
       0
       0
       0
       0
       0
       0
       0
       0
       0
       0
       0
       0
       1
       0
       0
       0
       0
       0
       0
       0
       0
       0
       0
       0
       0
       0
       0
       0
       0
       0
       0
       0
       0
       0
       0
       0
       0
       0
       0
       0
       0
       0
       0
       0
       0
       0
       0
       0
       0
       0
       0
       0
       0
       0
       0
       0
       0
       0
       0
       0
       0
       0
       0
       0
       0
       0
       0
       0
       0
       0
       0
       0
       0
       0
       0
       0
       0
       0
       0
       0
       0
       0
       0
       0
       0
       0
       0
       0
       0
       0
       0
       0
       0
       0
       0
       0
       0
       0
       0
       0
       0
       0
       0
       0
       0
       0
       0
       0
       0
       0
       0
       0
       0
       0
       0
       0
       0
       0
       0
       0
       0
       0
       0
       0
       0
       0
       0
       0
       0
       0
       0
       0
       0
       0
       0
       0
       0
       0
       0
       0
       0
       0
       0
       0
       0
       0
       0
       0
$ROI:
0
$PRESETS:
Real Time
180
0
$ENER_FIT:
0.888569 0.390988
$MCA_CAL:
3
8.885689E-001 3.909876E-001 3.191953E-008 keV
$SHAPE_CAL:
3
0.000000E+000 0.000000E+000 0.000000E+000
