$SPEC_ID:
1
$SPEC_REM:
DET# 2
DETDESC# MCB 130 Normal
AP# Maestro Version 7.01
$DATE_MEA:
10/04/2019 00:38:25
$MEAS_TIM:
175 180
$DATA:
0 8191
       0
       0
       0
       0
       0
       0
       0
       0
       0
       0
       0
       0
       0
       0
       0
       0
       0
       0
       0
       0
       0
       0
       0
       0
       0
       0
      33
     845
     264
     155
     219
     272
     318
     317
     226
     228
     217
     257
     324
     425
     395
     360
     309
     288
     325
     284
     211
     193
     207
     238
     269
     219
     185
     174
     159
     176
     161
     180
     178
     186
     189
     173
     180
     215
     209
     219
     218
     245
     281
     479
     771
     888
     594
     374
     375
     463
     610
     613
     429
     340
     402
     425
     322
     288
     254
     277
     305
     546
     968
    1522
    1575
     920
     370
     203
     206
     244
     268
     292
     276
     240
     342
     504
     641
     511
     344
     263
     213
     179
     172
     203
     205
     165
     177
     179
     169
     182
     176
     163
     190
     184
     186
     183
     188
     247
     324
     448
     407
     216
     192
     193
     176
     179
     206
     180
     196
     182
     178
     167
     180
     168
     177
     185
     223
     310
     576
     674
     435
     269
     166
     198
     193
     208
     174
     187
     169
     152
     184
     179
     177
     177
     183
     161
     216
     192
     213
     206
     205
     202
     204
     195
     193
     205
     191
     173
     205
     204
     191
     200
     199
     239
     214
     226
     207
     229
     238
     217
     236
     197
     198
     245
     315
     272
     222
     215
     198
     239
     209
     216
     231
     206
     194
     227
     240
     261
     465
     839
     754
     432
     262
     235
     205
     207
     201
     224
     264
     229
     238
     233
     216
     226
     230
     246
     237
     221
     211
     210
     244
     211
     228
     201
     270
     365
     345
     260
     239
     242
     216
     231
     258
     288
     394
     407
     303
     272
     244
     230
     247
     231
     289
     398
     519
     464
     331
     253
     252
     219
     206
     223
     232
     244
     274
     249
     222
     273
     233
     196
     218
     221
     215
     210
     214
     227
     196
     207
     211
     233
     222
     235
     213
     217
     251
     270
     306
     296
     309
     289
     261
     221
     234
     226
     247
     255
     236
     241
     234
     262
     255
     249
     232
     226
     229
     221
     238
     226
     214
     233
     200
     205
     213
     221
     233
     263
     198
     207
     227
     191
     203
     206
     234
     236
     204
     210
     231
     213
     207
     208
     196
     211
     220
     197
     235
     231
     208
     208
     237
     203
     202
     242
     226
     239
     221
     212
     217
     236
     200
     204
     214
     223
     204
     233
     206
     186
     179
     191
     201
     245
     741
    1883
    2805
    2163
     807
     298
     177
     160
     173
     189
     203
     173
     179
     247
     324
     331
     251
     194
     174
     168
     189
     187
     178
     180
     184
     205
     218
     181
     159
     196
     190
     189
     172
     198
     148
     177
     169
     165
     147
     150
     160
     146
     154
     164
     182
     181
     176
     178
     171
     177
     177
     161
     142
     157
     171
     149
     169
     204
     210
     209
     206
     167
     156
     148
     156
     143
     154
     130
     172
     165
     147
     184
     153
     191
     164
     175
     158
     164
     161
     153
     180
     138
     149
     153
     163
     152
     167
     172
     144
     164
     152
     139
     167
     151
     181
     178
     148
     144
     145
     156
     156
     143
     142
     154
     180
     258
     286
     253
     209
     152
     170
     143
     150
     155
     133
     139
     157
     155
     172
     156
     156
     149
     161
     132
     139
     149
     144
     146
     137
     130
     141
     161
     136
     128
     135
     117
     138
     157
     137
     141
     144
     111
     127
     132
     144
     147
     131
     145
     136
     134
     154
     128
     125
     117
     138
     145
     137
     163
     128
     129
     143
     116
     121
     124
     141
     135
     139
     142
     138
     146
     149
     125
     133
     130
     144
     134
     135
     129
     126
     124
     140
     123
     129
     109
     113
     127
     123
     133
     123
     114
     120
     127
     127
     136
     125
     132
     113
     123
     109
     119
     133
     120
     115
     123
     118
     111
     117
     126
     141
     131
     111
     101
     118
     120
     106
     115
     105
     124
     124
     124
     111
     107
     116
     118
     145
     394
     937
    1259
    1078
     482
     174
     122
     112
     128
     152
     147
     156
     130
     117
     118
      95
     102
     112
      95
     112
      99
     122
     121
     102
     100
      88
     107
     103
     126
     125
     126
      77
     113
     109
     128
     114
     101
     100
      97
     102
      86
      91
     105
     103
      83
     103
     100
      89
     103
     103
     103
      81
     116
      97
     199
     677
    1567
    2184
    1612
     652
     215
     108
      88
      85
      75
     101
     108
     117
     124
     136
      89
      86
      94
      86
      77
      82
      69
      87
      91
      77
      93
      73
      88
      83
      85
      91
      93
      98
      95
     101
     110
     101
      93
      91
      73
      86
      96
      86
      91
     121
     138
     139
     154
     105
      89
      93
      77
     102
      95
      73
      90
      86
      84
      91
     101
      91
      96
      78
      84
      93
      88
      95
     106
      96
     103
      99
      89
      81
      97
      85
      65
      74
      85
      91
      78
      98
      90
      77
      74
      69
      84
      84
      85
      77
      80
     110
     103
      97
      83
      85
      97
      70
      75
      73
      84
      79
     106
      88
      87
      89
      81
      73
      79
      70
      81
     114
     217
     509
     919
     862
     474
     208
      98
      84
     100
      91
      81
      70
      72
      83
     107
      94
     113
     104
      88
      91
      76
      87
      69
      68
      63
      84
      80
      91
      85
      78
     105
      89
      74
      99
      77
      99
     116
      95
      84
      64
      74
      85
      98
      88
      76
      82
      76
      63
      79
      69
      87
      67
      75
      72
      74
      65
      78
      87
      81
      96
      95
      99
     107
      87
      89
      74
      76
     114
     118
     128
     113
      94
      87
      73
      76
      63
      67
      70
      80
      76
      79
      61
      64
      73
      88
      81
      74
      55
      80
      79
      75
      74
     101
     114
     125
      89
      79
      69
      65
      75
      77
      83
      84
      78
      80
      51
      85
      75
      86
      81
      71
      83
      74
      78
      75
      77
      73
      65
      87
      58
      89
      81
     104
     105
      60
      65
      67
      64
      75
      76
      75
      70
      69
      69
      71
      65
      74
      73
      77
      72
      85
      81
      75
      63
      56
      77
      63
      76
     111
     149
     125
     134
      93
     103
      71
      75
      77
      77
      69
      83
      67
      98
      91
     101
      68
      64
      70
      66
      57
      71
      58
      56
      52
      63
      67
      65
      55
      90
      63
      61
      52
      60
      78
     133
     216
     239
     214
     126
      70
      78
      79
      71
      72
      68
      66
      48
      59
      59
      45
      53
      64
      50
      59
      66
      64
      43
      39
      60
      62
      65
      55
      60
      55
      67
      58
      57
      68
      55
      66
      52
      45
      59
      73
      55
      50
      66
      58
      47
      53
      62
      57
      61
      58
      52
      53
      49
      59
      61
      61
      54
      69
      51
      55
      51
      58
      67
      50
      56
      54
      39
      53
      43
      56
      47
      53
      63
      56
      57
      55
      56
      53
      59
      62
      52
      52
      46
      51
      56
      49
      57
      61
      46
      44
      49
      70
      43
      51
      69
      55
      48
      71
      45
      48
      54
      60
      55
      46
      35
      46
      61
      58
      58
      53
      47
      46
      65
      48
      47
      50
      55
      51
      56
      43
      62
      54
      51
      50
      53
      60
      44
      56
      57
      59
      51
      54
      52
      59
      50
      58
      57
      66
      76
      54
      49
      58
      49
      41
      45
      48
      62
      53
      50
      49
      52
      62
      60
      71
      56
      54
      45
      54
      47
      56
      49
      49
      46
      44
      57
      46
      43
      43
      38
      69
      45
      50
      44
      46
      60
      58
      40
      48
      63
      40
      59
      57
      46
      56
      41
      54
      57
      37
      45
      78
      34
      66
      42
      49
      52
      62
      69
      53
      41
      48
      52
      51
      47
      56
      38
      60
      42
      51
      59
      50
      59
      69
      69
      54
      55
      43
      53
      41
      51
      47
      42
      37
      51
      39
      50
      56
      41
      69
      50
      51
      51
      42
      40
      57
      52
      50
      48
      47
      35
      46
      46
      56
      50
      59
      53
      47
      47
      54
      57
      51
      68
      49
      51
      55
      53
      41
      49
      54
      46
      63
      52
      40
      47
      51
      52
      49
      52
      60
      58
      57
      60
      55
      49
      54
      48
      39
      42
      50
      55
      42
      59
      45
      51
      44
      57
      52
      54
      48
      46
      49
      47
      51
      48
      53
      50
      54
      37
      44
      50
      51
      47
      47
      46
      50
      50
      33
      43
      30
      38
      43
      42
      54
      45
      61
      63
     101
     105
      75
      80
      48
      51
      44
      53
      58
      62
      63
      64
      37
      42
      42
      37
      34
      30
      35
      35
      52
      35
      40
      36
      47
      47
      83
      70
      61
      62
      44
      35
      40
      43
      48
      45
      37
      34
      35
      36
      44
      37
      46
      47
      37
      40
      29
      47
      55
      71
      59
      58
      80
      91
      89
      78
      69
      45
      35
      54
      62
      67
      56
      49
      52
      45
      35
      41
      36
      38
      34
      49
      34
      44
      29
      45
      43
      34
      41
      32
      39
      43
      49
      24
      40
      44
      40
      44
      39
      51
      59
     114
     127
     111
      73
      42
      31
      38
      39
      48
      49
      62
      62
      65
      49
      37
      38
     101
     269
     576
     949
     967
     700
     321
     132
      60
      46
      30
      49
      37
      34
      41
      28
      34
      37
      46
      56
      49
      59
      88
     101
      67
      47
      31
      36
      37
      40
      40
      30
      42
      43
      22
      37
      43
      40
      35
      29
      31
      34
      40
      40
      37
      51
      53
      61
      45
      50
      36
      29
      31
      28
      26
      31
      27
      30
      21
      26
      26
      37
      36
      41
      29
      44
      59
     104
     190
     317
     279
     171
      86
      46
      30
      27
      26
      27
      25
      18
      23
      16
      25
      29
      25
      37
      34
      31
      30
      21
      23
      25
      25
      25
      36
      31
      24
      25
      27
      34
      27
      29
      19
      29
      27
      25
      28
      18
      30
      24
      20
      31
      20
      22
      27
      20
      28
      29
      17
      28
      17
      30
      30
      28
      19
      14
      24
      15
      32
      24
      26
      18
      28
      25
      29
      22
      33
      20
      31
      27
      41
      31
      32
      15
      28
      26
      25
      20
      32
      32
      32
      32
      20
      26
      23
      25
      34
      18
      18
      22
      27
      31
      29
      17
      17
      15
      18
      24
      17
      14
      21
      23
      21
      17
      25
      21
      22
      19
      22
      26
      26
      25
      19
      12
      30
      19
      24
      23
      32
      32
      33
      23
      25
      21
      23
      24
      20
      16
      21
      23
      28
      18
      29
      34
      51
      43
      42
      41
      42
      23
      23
      21
      23
      21
      12
      23
      16
      12
      15
      17
      23
      17
      17
      19
      24
      18
      17
      25
      25
      38
      18
      28
      27
      21
      29
      36
      31
      27
      25
      23
      17
      18
      12
      12
      21
      18
      27
      21
      14
      16
      15
      17
      16
      18
      12
       9
      15
      22
      27
      48
      69
     101
      55
      44
      16
      20
      17
      18
      16
       8
      10
      35
      11
      24
      22
      14
      20
      24
      20
      16
      21
      18
      18
      20
      18
      18
      19
      16
      15
      16
      17
      14
      19
      12
      19
      22
      15
      18
      13
      16
      13
      14
      16
      14
      17
      26
      16
      15
      15
      23
      18
      21
      31
      24
      20
      31
      45
      47
      36
      35
      48
      28
      33
      12
      14
      16
      17
      23
      44
     113
     296
     586
     732
     702
     399
     167
      56
      24
      14
      22
      15
      25
      20
      21
      17
      21
      24
      42
      67
      57
      42
      31
      25
      39
     125
     235
     397
     389
     268
     162
      66
      36
      34
      36
      25
      39
      31
      31
      28
      17
      13
      19
      13
      20
      14
      17
      13
      20
      10
      18
      21
      23
      15
      11
      11
      14
      12
      13
      18
      14
      23
      12
      12
      13
       8
       7
       7
       4
      13
      14
       9
      10
      17
      15
      17
       6
      10
      11
       9
      18
      15
      11
      14
      13
      14
      14
      13
      14
      11
      12
       7
       9
       8
      13
      10
      17
      13
      16
      12
      11
       9
      12
      12
      16
      11
      14
      14
      13
      19
       9
      21
       5
       9
      11
      14
      11
      11
      12
      21
      11
      22
      13
      13
      19
      17
      28
      25
      24
      16
      16
       9
      10
      14
      13
      17
      12
      16
      12
      11
      13
      13
      14
      20
      11
      18
       9
      11
      10
      11
       6
       7
      19
      12
       9
      12
      14
      15
      14
      14
      11
      13
      15
      18
      14
      41
      49
      58
      40
      18
      17
      26
      31
      27
      23
      17
      11
      20
      29
      32
      36
      21
      25
      13
      19
      14
      18
      10
      17
      10
      17
      12
      14
      11
      10
      16
       9
      10
      12
      15
      10
      18
      11
       8
       8
      17
      19
      12
      14
      21
      48
      87
      65
      53
      35
      11
      17
      24
      87
     203
     428
     562
     535
     402
     224
      73
      23
      19
      12
       9
       8
      18
      15
       6
      15
      24
      52
      93
      86
      72
      43
      34
      21
      17
      11
       9
      12
      15
      15
       9
      11
       5
      14
      18
      20
      31
      32
      29
      19
      11
      10
       8
      12
       6
       7
       3
      11
      13
      14
       9
      16
      11
      13
       8
       6
      13
      12
      10
       8
      12
      13
       7
      11
      13
      17
      16
      15
       6
      13
       9
       9
      14
      21
      53
      97
     186
     228
     293
     189
     103
      42
      25
      15
       8
       6
       7
      14
      17
      14
      29
      22
      25
      11
      19
      11
      15
       7
      11
      17
      16
      12
       9
      17
      13
      11
       5
       8
      11
      14
      11
      10
       8
       9
      10
       8
      11
       6
       8
      14
      11
       9
      14
       8
      12
       7
      17
       6
      10
      20
       9
      20
      23
      11
      12
       9
       9
      11
       8
       7
       4
      15
       7
       4
      13
      14
       8
      10
       6
       6
       6
      12
      12
      11
       8
      12
      14
      12
      10
      11
      11
      16
      12
      10
       8
       6
       4
       9
       9
       3
      15
      17
      18
      11
      13
      11
      19
      23
      28
      24
      39
      17
      13
       4
      13
      17
      15
      26
      29
      30
      17
      12
       7
       5
       9
       5
       9
      12
      12
      13
      10
      11
      10
       8
      12
       9
      10
      12
      13
      13
      10
      12
       7
       6
       6
       9
       7
       4
      10
       5
      10
      13
       6
       4
       7
       6
      10
       4
       9
      10
       5
       5
       3
      16
       8
       4
       6
       7
      10
       7
      11
       9
      16
      19
      13
      12
      10
      10
       9
       5
      12
       8
       5
       7
       7
       8
       7
       8
      13
       7
       5
       4
       3
       7
       9
      12
       8
       8
       6
       8
       7
      12
       6
       6
      13
       4
       4
       6
      10
      12
      12
      15
      10
      16
      12
       9
       7
       7
      12
      18
       7
      11
      11
      10
      11
       9
       7
       5
       7
      10
       9
      12
       8
       5
       8
       6
       9
       7
       7
       8
       9
       9
       5
       9
       9
      10
       9
      11
       7
       9
      11
      18
       8
      15
       8
       9
      10
       8
      13
       6
      12
       8
       7
       7
      12
       8
      11
      13
      22
      21
      33
      32
      29
      27
      12
      11
      11
      16
      15
      13
      23
      17
      15
      24
      16
       9
       5
      10
       6
       6
       7
       9
       8
       7
       4
       7
      11
       6
       5
       7
      15
       6
       5
       9
       8
      13
       7
       9
      12
       5
       7
       9
      13
       9
      15
       8
       7
       5
      10
       6
       7
       6
       8
      13
       7
       5
       5
       8
       6
      10
       7
       9
      10
      13
       6
       7
       5
       3
       8
      10
       5
      10
       7
       9
       5
       6
       6
       5
       5
       2
       5
       4
      10
       4
       6
       6
       5
       3
       9
      11
      11
      13
      16
      10
       7
      11
      12
       4
       5
       8
       6
       8
       1
       4
       7
       7
       5
       6
       6
       7
       4
       8
       7
       8
       5
       8
      13
       8
       7
       5
       7
      10
       7
       5
       8
      12
      13
      18
      17
      24
      27
      13
      10
       7
       9
       9
      15
       4
       4
       3
       5
       6
       3
       7
      14
       8
       5
       7
       6
       5
       9
       7
      13
      18
      11
       7
       5
       6
       5
       7
       7
      12
       5
      10
      11
      11
       7
       1
       7
       4
       7
       7
       7
       4
       7
       4
       6
       9
       6
       6
       7
      10
       5
       8
      12
       6
      10
       6
       9
       5
       8
       4
       9
       7
       6
       6
       6
       5
       5
       6
      17
      27
      53
      37
      56
      25
      28
      23
       6
       5
       8
       6
      13
       4
       3
      12
      10
       2
       3
       6
       7
       5
       6
       9
      12
       4
       5
       4
       7
       7
      15
       8
      16
      19
      14
       8
       7
       5
       6
       4
      14
       7
       8
      15
       7
      14
       9
       6
       8
       5
       5
       5
       4
       4
       6
       2
       1
       8
       2
       5
       7
       4
       2
       2
       7
       7
       3
       6
       4
       7
       6
       4
       2
       3
       2
       6
       5
       6
       9
      10
       9
       5
       4
       8
       3
       0
       8
       6
       6
       4
       6
       4
       4
      10
       7
       6
       6
       1
       9
       3
       3
       4
       4
       3
       3
       4
       4
       3
       6
       5
       4
       3
       9
       7
       3
       9
       4
       7
       3
       5
       4
       1
       4
       3
       3
      10
       5
       6
      13
       9
       8
       5
       4
       3
       2
       5
       3
       5
       2
       9
       2
       5
       4
       4
       6
       4
       4
       4
       8
      11
       3
       4
       6
       7
       5
       4
       4
       4
       2
       4
       8
       9
       4
       2
       5
       2
       4
       3
       6
       2
       6
       6
       9
      10
      10
       5
       7
      10
      18
      42
      50
      58
      74
      52
      35
      20
      12
       9
       9
       4
      10
       8
       6
       8
       7
       6
       2
       6
       6
       3
       1
       7
       6
       9
       3
       8
       5
      13
       5
       5
      11
       6
       5
       8
       5
       8
       7
       8
      11
      14
      17
      10
       6
       2
       4
       3
       3
       7
       6
       7
       4
       8
       7
       3
       6
       3
       4
       2
       4
       4
       2
       3
       5
       3
       5
       6
       6
       3
       8
       7
       8
      11
       9
       5
       3
       8
       6
       6
       8
       3
       5
       3
      10
       8
       3
       4
       3
       3
       5
       6
       4
       5
      10
       3
       6
       1
       8
       5
       3
       7
       7
       6
       2
       5
       6
       4
       5
       3
       7
       4
       7
       2
       1
       4
       4
       3
       5
       2
       8
       2
       2
       5
       3
       3
       2
       4
       3
       1
       6
       4
       5
       5
       4
       7
       4
       5
       6
       4
       3
       6
       4
       6
       5
       8
       7
       7
       5
       2
       9
       7
       2
       4
       6
       2
       6
       5
       4
       4
       4
       8
       5
       2
       3
       6
       4
       3
       3
       3
       4
       1
       3
       6
       3
       3
       5
       4
       2
       7
       7
       6
       2
       1
       7
       2
       5
       7
       6
       5
       5
       4
       4
       8
       8
       6
       4
       1
       5
       3
       6
       6
       7
      10
       4
       4
       7
       5
       6
       6
       4
       2
       2
       6
       5
       5
       6
      10
       6
       9
       5
       1
       5
       3
       5
       4
       2
       3
       5
       1
       8
       6
       3
       4
       4
       4
       5
       3
       7
       5
       5
       5
       7
       0
       1
       6
       1
       6
      10
       8
      12
       7
       9
       5
       7
       4
       6
       3
       3
       7
       7
       3
      14
       4
      12
       6
       5
       3
       7
       3
       2
       6
       5
       5
       3
       8
       8
      18
      20
      17
      14
       7
       9
       4
       4
       8
       2
       5
       7
       8
       9
      11
       7
       8
       9
       3
       7
       4
       1
       5
       5
       3
       3
       3
       5
       5
       6
       1
       6
       5
       5
       7
       2
       7
       4
       5
       2
       8
       9
      13
      12
      15
      14
      12
       8
       3
       5
       6
       3
       8
       4
       4
       2
       5
       4
       6
       3
       8
       5
       4
       4
       4
       2
       2
       4
       5
       3
       9
       5
       1
       4
       1
       4
       3
       2
       5
       5
       4
       4
       3
       3
       3
       7
       1
       5
       4
       3
       3
       2
       5
       3
       3
       3
       4
       1
       6
       5
       4
       2
       5
       2
       9
       2
       3
       7
       9
       8
       5
       6
       8
       1
       4
       3
       1
       6
       8
       8
       4
       4
       6
       3
       2
       2
       2
       1
       2
       4
       4
       4
       0
       4
       6
       7
       2
       3
       4
       5
       6
       1
       3
       4
       1
       6
       1
       5
       2
       2
       2
       3
       7
       4
       3
       1
       4
       4
       3
       3
       2
       3
       2
       3
       1
       4
       0
       1
       2
       2
       3
       1
       7
       4
       4
       6
       1
       1
       8
       3
       3
       7
       3
       1
       1
       5
       3
       1
       7
       4
       5
       2
       3
       4
       6
       7
       7
       4
       4
       4
       3
       3
       4
       3
       2
       4
       2
       0
       3
       0
       4
       4
       6
       7
       4
       8
       5
       4
       4
       1
       5
       1
       4
       4
       5
       0
       2
       4
       5
       2
       5
       2
       1
       2
       4
       5
       1
       3
       4
       2
       0
       3
       3
       2
       3
       4
       3
       6
       3
       6
       1
       5
       3
       3
       2
       4
       3
       0
       4
       6
       1
       2
       1
       4
       6
       2
       4
       8
       8
       7
       6
      12
      11
       5
       3
       3
       1
       7
       3
       2
       0
       2
       3
       5
       5
       5
       2
       2
       3
       0
       5
       5
       3
       4
       0
       4
       2
       6
       2
       0
       1
       7
       5
       2
       4
       4
       2
       2
       2
       8
       4
       6
       3
       0
       2
       1
       2
       4
       3
       6
       4
       4
       3
       3
       6
       5
       3
       3
       3
      10
      16
      19
      26
      14
      11
       7
      11
       2
       5
       2
       1
       5
       2
       3
       2
       1
       4
       1
       1
       4
       5
       2
       3
       2
       2
       2
       3
       3
       5
       4
       4
       4
       4
       4
       4
       1
       1
       3
       8
       0
       4
       3
       3
       8
       6
       1
       5
       1
       5
       5
       2
       1
       2
       6
       2
       2
       6
       2
       1
       2
       4
       6
       1
       2
       3
       3
       4
       4
       2
       0
       2
       3
       1
       2
       3
       1
       4
       4
       1
       7
       4
       6
       4
       1
       5
       3
       6
       3
       3
       3
       4
       6
       1
       5
       1
       7
       7
       5
       6
       9
      10
       8
       4
       3
       2
       3
       3
       0
       0
       2
       4
       1
       2
       2
       4
       1
       6
       1
       2
       1
       3
       4
       5
       4
       1
       4
       2
       1
       4
       3
       2
       4
       6
       0
       3
       1
       3
       1
       3
       0
       0
       1
       1
       1
       1
       2
       6
       0
       4
       4
       4
       0
       4
       4
       4
       1
       6
       3
       3
       1
       2
       2
       1
       2
       3
       1
       2
       1
       2
       2
       4
       3
       1
       3
       4
       3
       5
       2
       5
       1
       3
       5
       2
       0
       4
       4
       4
       7
       3
       4
       4
       3
       3
       2
       3
       2
       2
       4
       3
       2
       1
       3
       4
       3
       3
       9
       3
       4
       5
       3
       1
       2
       1
       3
       1
       0
       1
       3
       2
       4
       3
       3
       3
       2
       1
       2
       1
       2
       2
       0
       3
       4
       5
       1
       4
       2
       2
       1
       4
       4
       1
       1
       2
       1
       2
       3
       3
       0
       2
       1
       1
       2
       1
       3
       1
       4
       3
       4
       3
       4
       4
       5
       6
       6
       6
       3
       5
       1
       1
       1
       1
       3
       1
       2
       2
       0
       0
       5
       4
       0
       1
       4
       4
       4
       2
       6
       7
       3
       7
       4
       2
       1
       4
       4
       2
       0
       4
       3
       1
       2
       1
       4
       3
       5
       2
       3
       3
       2
       1
       1
       1
       1
       2
       7
       0
       3
       1
       0
       2
       3
       0
       2
       3
       0
       3
       2
       1
       3
       3
       1
       3
       3
       1
       2
       4
       1
       1
       3
       1
       0
       3
       1
       2
       2
       2
       0
       1
       1
       2
       1
       0
       3
       4
      12
      12
      10
       6
      11
      12
       6
       3
       1
       3
       0
       3
       5
       2
       2
       1
       2
       1
       2
       2
       3
       4
       0
       2
       1
       2
       2
       3
       2
       0
       2
       1
       1
       2
       2
       1
       2
       0
       2
       2
       0
       3
       4
       0
       2
       1
       3
       3
       1
       0
       0
       1
       3
       1
       5
       1
       4
       3
       0
       2
       2
       3
       2
       3
       2
       0
       2
       0
       3
       3
       3
       3
       5
       6
       1
       5
       0
       2
       1
       0
       3
       1
       3
       2
       0
       1
       1
       2
       5
       1
       1
       1
       3
       2
       3
       1
       1
       2
       2
       0
       1
       3
       0
       4
       0
       1
       3
       2
       2
       3
       1
       2
       1
       2
       4
       4
       1
       7
       3
       4
       2
       1
       2
       1
       3
       2
       1
       2
       2
       1
       1
       2
       1
       2
       5
       1
       3
       3
       4
       0
       2
       2
       1
       0
       1
       4
       0
       3
       1
       1
       1
       4
       4
       2
       6
       5
       7
       6
       5
      11
      14
      29
      24
      21
      10
       9
       5
       7
       2
       2
       1
       0
       0
       0
       1
       3
       2
       2
       1
       2
       1
       3
       1
       2
       3
       1
       1
       1
       3
       2
       3
       0
       0
       2
       1
       2
       2
       1
       1
       2
       1
       1
       0
       2
       0
       3
       0
       0
       1
       2
       1
       0
       0
       0
       2
       0
       3
       1
       0
       3
       4
       1
       1
       2
       1
       1
       1
       1
       1
       1
       1
       3
       2
       4
       3
       2
       4
       1
       0
       1
       3
       1
       1
       2
       2
       2
       1
       0
       0
       3
       0
       2
       3
       1
       2
       1
       0
       0
       0
       0
       3
       2
       2
       3
       3
       1
       1
       3
       4
       2
       2
       1
       2
       0
       0
       2
       0
       2
       0
       0
       0
       1
       3
       3
       1
       4
       6
       1
       2
       1
       3
       1
       0
       0
       1
       0
       0
       1
       1
       1
       0
       4
       4
       1
       0
       2
       2
       1
       0
       1
       0
       2
       2
       1
       2
       0
       1
       1
       0
       1
       0
       0
       2
       0
       0
       1
       0
       2
       0
       0
       2
       2
       1
       0
       2
       2
       4
       2
       1
       0
       0
       2
       0
       2
       1
       0
       0
       0
       0
       1
       0
       2
       2
       2
       0
       1
       2
       1
       3
       0
       1
       0
       2
       0
       0
       1
       0
       1
       0
       4
       1
       0
       0
       0
       0
       2
       2
       1
       0
       1
       1
       2
       2
       3
       3
       2
       2
       1
       1
       0
       0
       0
       1
       0
       1
       2
       0
       1
       1
       1
       0
       2
       0
       1
       1
       1
       2
       0
       3
       1
       0
       2
       2
       0
       2
       3
       2
       0
       0
       1
       0
       1
       1
       2
       2
       4
       0
       2
       1
       3
       3
       0
       0
       3
       2
       1
       1
       2
       2
       0
       2
       0
       1
       2
       4
       0
       2
       0
       1
       2
       1
       3
       0
       2
       3
       1
       1
       3
       0
       1
       1
       0
       1
       1
       2
       0
       3
       1
       2
       2
       1
       2
       0
       0
       0
       3
       3
       0
       1
       0
       1
       0
       1
       0
       0
       1
       2
       0
       1
       1
       0
       0
       1
       1
       1
       2
       0
       1
       0
       0
       2
       5
       3
       4
       2
      17
      16
      13
      23
      31
      35
      12
       6
       9
       2
       0
       1
       0
       2
       1
       1
       0
       2
       0
       1
       1
       1
       0
       0
       2
       1
       0
       1
       4
       1
       1
       1
       1
       0
       1
       2
       0
       0
       2
       1
       1
       1
       0
       1
       3
       0
       2
       2
       1
       1
       2
       0
       1
       1
       1
       2
       1
       3
       0
       0
       1
       1
       2
       1
       1
       2
       2
       0
       0
       1
       2
       0
       0
       0
       1
       1
       0
       0
       1
       0
       0
       0
       0
       1
       1
       0
       0
       1
       1
       2
       0
       0
       2
       3
       3
       0
       0
       2
       0
       0
       0
       0
       2
       1
       0
       1
       0
       1
       0
       4
       1
       0
       1
       2
       0
       0
       2
       0
       0
       1
       0
       1
       1
       2
       0
       1
       0
       2
       0
       4
       1
       0
       1
       1
       2
       1
       0
       1
       2
       0
       2
       0
       1
       3
       2
       1
       1
       2
       0
       1
       0
       0
       1
       0
       1
       1
       4
       3
       0
       0
       2
       2
       0
       1
       0
       1
       0
       0
       1
       0
       0
       1
       1
       0
       0
       0
       0
       0
       1
       2
       0
       0
       0
       0
       1
       0
       1
       1
       1
       1
       1
       0
       1
       1
       1
       0
       1
       0
       1
       0
       0
       2
       1
       0
       1
       0
       1
       0
       0
       1
       5
       2
       6
       2
       6
       7
       2
       3
       0
       1
       1
       1
       1
       0
       2
       0
       0
       0
       1
       1
       3
       2
       0
       0
       0
       2
       2
       2
       1
       2
       1
       0
       0
       0
       2
       1
       0
       0
       3
       0
       1
       2
       0
       1
       0
       2
       0
       1
       0
       0
       3
       2
       1
       1
       0
       3
       0
       0
       0
       0
       1
       1
       3
       1
       0
       0
       1
       0
       0
       2
       0
       1
       0
       1
       0
       2
       2
       2
       0
       2
       1
       0
       3
       1
       2
       2
       0
       1
       2
       1
       0
       1
       0
       1
       2
       1
       2
       0
       1
       1
       0
       0
       1
       0
       0
       0
       0
       0
       3
       2
       0
       0
       0
       1
       0
       0
       1
       0
       0
       1
       1
       1
       1
       0
       2
       1
       2
       0
       0
       0
       1
       1
       0
       0
       1
       0
       1
       1
       0
       0
       1
       0
       0
       0
       0
       0
       0
       0
       1
       0
       2
       0
       0
       1
       0
       0
       1
       0
       3
       0
       0
       1
       0
       1
       0
       0
       0
       0
       0
       2
       0
       0
       0
       0
       1
       0
       1
       0
       0
       0
       0
       1
       0
       1
       0
       0
       0
       3
       0
       2
       1
       2
       1
       0
       0
       0
       1
       1
       0
       0
       0
       0
       0
       1
       1
       0
       0
       0
       1
       1
       2
       0
       0
       0
       2
       1
       2
       2
       1
       0
       1
       1
       2
       1
       4
       2
       1
       1
       0
       0
       0
       2
       0
       0
       1
       0
       0
       1
       0
       0
       0
       0
       1
       1
       1
       0
       0
       0
       0
       0
       0
       2
       0
       1
       0
       1
       0
       0
       0
       2
       0
       0
       1
       1
       0
       1
       0
       1
       0
       0
       1
       1
       0
       0
       2
       1
       2
       0
       1
       0
       0
       0
       2
       2
       1
       0
       0
       0
       0
       0
       3
       1
       8
       4
       4
       1
       2
       0
       0
       0
       0
       2
       0
       1
       2
       0
       0
       2
       0
       0
       0
       2
       1
       0
       0
       0
       0
       2
       1
       0
       0
       0
       1
       0
       0
       1
       0
       1
       1
       1
       0
       0
       0
       0
       2
       1
       0
       0
       2
       0
       1
       0
       1
       1
       1
       0
       0
       1
       0
       0
       0
       1
       0
       0
       0
       0
       1
       0
       0
       0
       0
       0
       0
       1
       0
       1
       1
       0
       0
       0
       1
       0
       1
       0
       0
       1
       0
       0
       0
       0
       0
       0
       0
       0
       0
       0
       1
       3
       1
       1
       0
       1
       0
       0
       0
       0
       0
       1
       0
       0
       1
       1
       1
       0
       0
       0
       0
       0
       0
       0
       0
       0
       0
       0
       1
       0
       0
       0
       1
       0
       0
       1
       0
       2
       1
       1
       1
       0
       0
       0
       0
       0
       1
       1
       0
       0
       2
       2
       0
       1
       0
       0
       0
       0
       1
       0
       0
       1
       0
       1
       3
       0
       0
       0
       0
       0
       0
       0
       0
       0
       1
       0
       1
       0
       0
       0
       1
       0
       1
       1
       0
       0
       0
       0
       0
       0
       0
       2
       0
       0
       0
       0
       1
       0
       1
       0
       0
       0
       0
       0
       0
       0
       0
       2
       0
       1
       0
       0
       0
       0
       0
       0
       0
       0
       0
       0
       0
       0
       0
       1
       0
       0
       0
       0
       0
       0
       0
       0
       0
       0
       0
       0
       0
       0
       0
       1
       0
       2
       0
       0
       0
       0
       0
       0
       0
       0
       1
       0
       1
       0
       0
       0
       0
       0
       0
       0
       1
       0
       0
       1
       1
       1
       0
       0
       0
       0
       1
       0
       1
       2
       0
       1
       0
       0
       0
       0
       1
       0
       0
       0
       0
       0
       2
       0
       1
       0
       2
       1
       1
       1
       0
       1
       0
       0
       0
       1
       0
       0
       0
       0
       0
       0
       1
       0
       0
       0
       0
       0
       0
       0
       0
       1
       0
       0
       0
       0
       0
       0
       0
       0
       2
       0
       1
       0
       0
       4
       3
       2
       0
       3
       1
       2
       1
       0
       5
       1
       2
       2
       0
       1
       2
       0
       0
       0
       0
       0
       0
       0
       0
       0
       0
       1
       0
       1
       0
       0
       0
       0
       0
       0
       0
       0
       0
       0
       0
       1
       0
       0
       0
       0
       1
       0
       0
       0
       0
       0
       0
       0
       0
       0
       1
       0
       0
       0
       1
       0
       0
       0
       0
       0
       0
       0
       0
       1
       0
       0
       0
       0
       0
       1
       0
       0
       1
       0
       0
       0
       0
       0
       0
       0
       0
       0
       0
       0
       0
       0
       0
       0
       0
       0
       0
       0
       0
       0
       0
       1
       0
       0
       0
       0
       0
       0
       0
       1
       1
       0
       0
       0
       0
       0
       0
       0
       0
       0
       0
       0
       0
       0
       0
       0
       0
       0
       0
       0
       0
       0
       0
       0
       1
       0
       0
       0
       0
       1
       0
       0
       1
       0
       1
       0
       1
       1
       0
       0
       0
       0
       0
       0
       0
       0
       0
       1
       1
       0
       0
       0
       1
       0
       0
       0
       1
       0
       0
       0
       0
       0
       0
       0
       0
       0
       0
       0
       0
       0
       0
       0
       0
       0
       0
       0
       0
       0
       1
       1
       0
       0
       1
       0
       0
       0
       2
       0
       0
       0
       0
       0
       0
       0
       0
       0
       1
       0
       0
       0
       0
       0
       0
       0
       0
       0
       0
       0
       3
       3
       1
       1
       1
       0
       0
       0
       0
       0
       1
       0
       0
       1
       0
       0
       0
       0
       0
       0
       0
       0
       0
       0
       0
       0
       1
       0
       0
       0
       0
       0
       0
       0
       0
       0
       0
       0
       0
       0
       0
       0
       0
       0
       0
       0
       1
       1
       0
       0
       0
       0
       0
       0
       0
       0
       0
       1
       1
       0
       0
       0
       0
       0
       1
       1
       0
       0
       0
       1
       0
       0
       0
       0
       0
       0
       1
       0
       0
       1
       1
       0
       0
       1
       0
       0
       0
       0
       0
       0
       0
       0
       1
       1
       0
       1
       1
       0
       0
       0
       0
       0
       1
       0
       0
       0
       0
       0
       0
       2
       0
       0
       1
       0
       0
       0
       1
       0
       0
       1
       0
       0
       0
       0
       0
       0
       0
       0
       0
       0
       0
       0
       0
       0
       0
       0
       0
       0
       0
       0
       0
       0
       0
       0
       0
       0
       0
       0
       0
       0
       0
       1
       0
       0
       0
       0
       0
       0
       0
       0
       0
       0
       0
       0
       0
       0
       0
       0
       0
       0
       1
       0
       0
       0
       1
       0
       0
       0
       0
       0
       0
       0
       0
       1
       0
       0
       0
       0
       0
       0
       0
       0
       0
       0
       0
       0
       0
       0
       0
       0
       0
       0
       0
       0
       0
       0
       0
       0
       0
       1
       0
       0
       0
       1
       0
       0
       0
       0
       0
       0
       0
       0
       0
       0
       0
       0
       0
       0
       0
       0
       0
       0
       0
       0
       0
       0
       0
       0
       0
       0
       0
       1
       0
       1
       0
       0
       0
       0
       0
       0
       0
       0
       0
       1
       0
       0
       0
       1
       0
       0
       0
       1
       0
       0
       1
       0
       0
       0
       1
       0
       0
       0
       0
       0
       1
       0
       0
       0
       0
       0
       0
       0
       1
       0
       1
       0
       0
       1
       1
       0
       0
       0
       0
       1
       0
       0
       1
       0
       0
       0
       0
       1
       0
       0
       0
       1
       0
       0
       0
       0
       1
       0
       0
       1
       0
       0
       0
       0
       0
       0
       0
       0
       0
       0
       0
       0
       0
       0
       0
       0
       0
       0
       0
       0
       0
       0
       0
       0
       0
       0
       1
       1
       0
       0
       0
       0
       0
       0
       0
       0
       0
       0
       0
       0
       0
       0
       0
       0
       1
       0
       0
       1
       0
       0
       0
       0
       0
       0
       0
       0
       0
       1
       0
       0
       0
       1
       0
       0
       0
       0
       0
       0
       0
       0
       0
       0
       0
       0
       0
       0
       0
       0
       0
       0
       0
       0
       1
       0
       1
       0
       0
       0
       0
       0
       1
       0
       0
       0
       0
       0
       0
       0
       0
       0
       0
       0
       0
       0
       0
       0
       0
       0
       0
       0
       0
       0
       0
       0
       0
       0
       0
       0
       0
       0
       0
       1
       0
       0
       0
       0
       0
       0
       0
       0
       0
       0
       0
       0
       0
       0
       0
       0
       0
       0
       0
       0
       0
       0
       0
       0
       0
       0
       0
       0
       0
       1
       0
       0
       0
       0
       0
       0
       1
       0
       0
       0
       0
       0
       0
       0
       0
       0
       0
       0
       0
       0
       0
       1
       1
       0
       0
       0
       0
       0
       0
       0
       0
       0
       0
       0
       0
       0
       0
       0
       0
       0
       0
       0
       0
       0
       1
       0
       0
       0
       2
       0
       1
       1
       0
       0
       0
       0
       1
       0
       2
       1
       0
       1
       0
       0
       0
       0
       1
       0
       0
       0
       0
       0
       0
       0
       0
       0
       0
       0
       0
       0
       0
       1
       0
       1
       0
       1
       0
       0
       0
       0
       0
       0
       0
       0
       0
       0
       0
       0
       0
       0
       0
       0
       0
       0
       0
       0
       0
       0
       0
       0
       0
       0
       0
       0
       0
       0
       0
       0
       0
       0
       0
       0
       0
       0
       0
       0
       0
       0
       0
       0
       1
       0
       0
       0
       0
       0
       0
       0
       0
       0
       0
       0
       0
       0
       0
       0
       0
       0
       0
       0
       0
       0
       0
       0
       0
       0
       0
       0
       0
       0
       0
       0
       0
       0
       1
       0
       0
       0
       0
       1
       0
       0
       0
       0
       0
       0
       0
       0
       0
       0
       0
       0
       0
       0
       0
       0
       1
       0
       0
       0
       0
       0
       0
       0
       0
       0
       0
       0
       1
       0
       0
       0
       0
       0
       0
       0
       0
       0
       0
       0
       0
       0
       0
       0
       0
       1
       1
       0
       0
       0
       1
       0
       0
       0
       0
       0
       0
       0
       1
       0
       0
       0
       0
       0
       0
       0
       0
       0
       0
       0
       0
       0
       0
       0
       0
       0
       0
       0
       0
       0
       0
       0
       0
       0
       0
       0
       0
       0
       1
       0
       0
       0
       0
       0
       0
       1
       0
       0
       0
       0
       0
       0
       0
       0
       0
       0
       0
       0
       0
       0
       0
       0
       0
       0
       0
       0
       0
       0
       0
       0
       0
       0
       0
       0
       0
       0
       0
       0
       0
       0
       0
       0
       0
       0
       0
       0
       0
       0
       0
       0
       0
       0
       0
       0
       0
       0
       0
       1
       0
       0
       0
       0
       0
       0
       0
       0
       0
       0
       0
       0
       0
       1
       0
       0
       0
       0
       0
       0
       0
       0
       0
       0
       0
       1
       0
       0
       0
       0
       1
       0
       0
       0
       0
       0
       0
       0
       0
       0
       0
       0
       0
       0
       0
       0
       1
       0
       0
       0
       0
       0
       0
       0
       0
       0
       0
       0
       0
       0
       0
       0
       0
       0
       0
       0
       0
       0
       0
       0
       1
       0
       0
       0
       0
       0
       0
       0
       0
       0
       0
       0
       0
       0
       1
       0
       0
       0
       0
       0
       0
       0
       0
       1
       1
       0
       0
       0
       1
       3
       0
       0
       0
       0
       0
       0
       0
       1
       0
       1
       0
       0
       0
       0
       0
       0
       0
       0
       1
       0
       0
       0
       1
       0
       0
       0
       0
       0
       0
       0
       0
       0
       0
       0
       0
       0
       0
       0
       0
       0
       0
       0
       0
       0
       0
       0
       0
       0
       0
       0
       0
       1
       0
       0
       0
       0
       0
       0
       0
       0
       0
       0
       0
       0
       0
       0
       0
       0
       0
       0
       0
       0
       0
       1
       0
       0
       0
       0
       0
       0
       0
       1
       0
       0
       0
       1
       0
       0
       0
       0
       0
       0
       0
       0
       0
       1
       0
       0
       0
       0
       0
       0
       0
       0
       0
       0
       0
       0
       0
       0
       1
       0
       0
       0
       0
       1
       0
       0
       0
       0
       0
       0
       0
       0
       0
       0
       0
       0
       0
       0
       0
       1
       0
       1
       1
       0
       0
       0
       0
       0
       0
       0
       0
       0
       0
       0
       0
       0
       1
       0
       0
       0
       0
       0
       0
       0
       1
       0
       0
       0
       0
       0
       0
       0
       1
       0
       0
       0
       0
       0
       0
       0
       0
       0
       0
       0
       0
       0
       0
       0
       0
       0
       0
       0
       0
       0
       0
       0
       0
       0
       0
       0
       0
       0
       0
       0
       0
       0
       0
       0
       0
       0
       0
       0
       0
       0
       0
       0
       0
       0
       1
       0
       0
       0
       0
       0
       0
       0
       0
       0
       0
       0
       0
       0
       1
       0
       0
       0
       0
       0
       0
       0
       0
       0
       0
       0
       0
       0
       0
       0
       0
       0
       0
       1
       0
       0
       0
       0
       0
       0
       0
       0
       1
       0
       0
       0
       0
       0
       1
       0
       1
       0
       0
       0
       0
       0
       0
       0
       0
       0
       0
       0
       1
       0
       0
       0
       0
       0
       0
       0
       0
       0
       0
       0
       0
       0
       0
       0
       0
       0
       0
       0
       0
       0
       0
       0
       0
       0
       0
       0
       1
       0
       0
       0
       0
       0
       0
       0
       0
       0
       0
       0
       0
       0
       0
       0
       0
       0
       0
       0
       0
       0
       0
       0
       0
       0
       0
       0
       0
       0
       0
       0
       0
       0
       0
       0
       0
       0
       2
       0
       0
       0
       0
       0
       0
       0
       0
       0
       0
       0
       0
       0
       0
       0
       0
       0
       0
       0
       0
       0
       1
       1
       0
       0
       0
       0
       0
       0
       0
       0
       0
       0
       0
       0
       0
       0
       0
       0
       0
       0
       0
       0
       0
       0
       0
       0
       0
       0
       0
       0
       0
       0
       0
       0
       0
       0
       0
       0
       0
       0
       0
       0
       0
       1
       0
       0
       0
       0
       0
       0
       0
       0
       0
       0
       0
       0
       0
       0
       0
       0
       0
       0
       0
       0
       0
       0
       0
       0
       0
       0
       0
       0
       0
       0
       0
       0
       0
       0
       0
       0
       0
       0
       2
       0
       0
       0
       0
       0
       1
       0
       0
       0
       0
       0
       0
       0
       0
       0
       1
       0
       0
       0
       0
       0
       0
       0
       0
       0
       0
       0
       0
       0
       0
       0
       0
       0
       0
       0
       0
       0
       0
       0
       0
       0
       0
       0
       0
       0
       0
       0
       0
       0
       0
       0
       0
       0
       0
       0
       0
       0
       0
       0
       0
       0
       0
       0
       0
       0
       0
       0
       0
       0
       0
       0
       0
       0
       0
       0
       0
       0
       0
       0
       0
       0
       0
       0
       0
       0
       0
       0
       0
       0
       0
       0
       0
       0
       0
       0
       0
       0
       0
       0
       1
       0
       0
       0
       0
       0
       0
       0
       0
       0
       0
       0
       0
       0
       0
       0
       0
       0
       0
       0
       0
       0
       0
       0
       0
       0
       0
       0
       0
       0
       0
       0
       0
       0
       1
       0
       0
       0
       0
       0
       0
       0
       0
       0
       0
       0
       0
       0
       0
       0
       0
       0
       0
       0
       0
       0
       0
       1
       0
       0
       0
       0
       0
       0
       0
       0
       0
       0
       0
       0
       0
       0
       0
       1
       0
       0
       0
       0
       0
       0
       0
       0
       0
       0
       0
       0
       0
       0
       0
       0
       0
       0
       0
       0
       0
       0
       0
       0
       0
       0
       0
       1
       0
       0
       0
       0
       0
       0
       0
       0
       0
       0
       0
       0
       0
       0
       0
       0
       1
       0
       0
       0
       0
       0
       0
       0
       0
       0
       0
       0
       0
       0
       0
       0
       0
       1
       0
       0
       0
       0
       3
       1
       1
       4
       2
       3
       0
       1
       0
       0
       0
       0
       0
       0
       0
       0
       0
       0
       0
       0
       0
       0
       0
       0
       0
       0
       0
       0
       0
       0
       0
       0
       0
       0
       0
       0
       0
       0
       0
       0
       0
       0
       0
       0
       0
       0
       0
       0
       0
       0
       0
       0
       0
       0
       0
       0
       0
       0
       0
       0
       0
       0
       0
       0
       0
       0
       0
       0
       0
       0
       0
       0
       0
       0
       0
       0
       0
       0
       0
       0
       0
       0
       0
       0
       0
       0
       0
       0
       0
       0
       0
       0
       0
       0
       0
       0
       0
       0
       0
       0
       0
       0
       0
       0
       0
       0
       0
       0
       0
       0
       0
       0
       0
       0
       0
       0
       0
       0
       0
       0
       0
       0
       0
       0
       0
       0
       0
       0
       0
       0
       0
       0
       0
       0
       0
       0
       0
       0
       0
       0
       0
       0
       0
       1
       0
       0
       0
       0
       0
       0
       0
       0
       0
       0
       0
       0
       0
       0
       0
       0
       0
       0
       0
       0
       0
       0
       0
       0
       0
       0
       0
       0
       0
       0
       0
       0
       0
       0
       0
       0
       0
       0
       0
       0
       0
       0
       0
       0
       0
       0
       0
       0
       0
       0
       0
       0
       0
       0
       0
       0
       0
       0
       0
       0
       0
       0
       0
       0
       0
       0
       0
       0
       0
       0
       0
       0
       1
       0
       0
       0
       0
       0
       0
       0
       1
       0
       0
       0
       0
       0
       0
       0
       0
       0
       0
       0
       0
       0
       0
       0
       0
       0
       0
       0
       0
       0
       0
       0
       0
       0
       0
       0
       0
       0
       0
       0
       0
       0
       0
       0
       0
       0
       0
       0
       1
       0
       0
       0
       0
       0
       0
       0
       0
       0
       0
       0
       0
       0
       0
       0
       0
       0
       0
       0
       0
       0
       0
       0
       0
       0
       0
       0
       0
       0
       0
       0
       0
       0
       0
       0
       0
       0
       0
       0
       0
       0
       0
       0
       1
       0
       0
       0
       0
       0
       0
       0
       0
       0
       0
       0
       0
       0
       0
       0
       0
       0
       0
       0
       0
       0
       0
       0
       0
       0
       0
       0
       0
       0
       0
       0
       0
       0
       0
       0
       0
       0
       0
       0
       0
       0
       0
       0
       0
       0
       0
       0
       0
       0
       0
       0
       0
       0
       0
       0
       0
       0
       0
       0
       0
       0
       0
       0
       0
       0
       0
       1
       0
       0
       0
       0
       0
       0
       0
       0
       0
       0
       0
       0
       0
       0
       0
       0
       0
       0
       0
       0
       0
       0
       0
       0
       0
       0
       0
       0
       0
       0
       0
       0
       0
       0
       0
       0
       0
       0
       0
       0
       0
       0
       0
       0
       0
       0
       0
       0
       0
       0
       0
       0
       0
       0
       0
       0
       0
       0
       0
       0
       0
       0
       0
       0
       0
       0
       0
       0
       0
       0
       0
       0
       0
       0
       0
       0
       0
       0
       0
       0
       0
       0
       0
       0
       0
       0
       0
       0
       0
       0
       0
       0
       0
       0
       0
       0
       0
       0
       0
       0
       0
       0
       0
       0
       0
       0
       0
       0
       0
       0
       0
       0
       0
       0
       0
       0
       0
       0
       0
       0
       0
       0
       0
       0
       0
       0
       0
       0
       0
       0
       0
       0
       0
       0
       0
       0
       0
       0
       0
       1
       0
       0
       0
       0
       0
       0
       0
       0
       0
       0
       0
       0
       0
       0
       0
       0
       0
       0
       0
       0
       0
       0
       0
       0
       0
       0
       0
       0
       0
       0
       0
       0
       0
       0
       0
       0
       1
       0
       0
       0
       0
       0
       0
       0
       0
       0
       0
       0
       0
       0
       0
       0
       0
       0
       0
       0
       0
       0
       0
       0
       0
       0
       0
       0
       0
       0
       0
       0
       0
       0
       0
       0
       0
       0
       0
       0
       0
       0
       0
       0
       0
       0
       0
       0
       0
       0
       0
       0
       0
       0
       0
       0
       0
       0
       0
       0
       0
       0
       0
       0
       0
       0
       0
       0
       0
       0
       0
       0
       0
       0
       0
       0
       0
       0
       0
       0
       0
       0
       0
       0
       0
       0
       0
       0
       0
       0
       0
       0
       1
       0
       0
       0
       0
       0
       0
       0
       0
       0
       0
       0
       0
       0
       0
       0
       0
       0
       1
       0
       0
       0
       0
       0
       0
       0
       0
       0
       0
       0
       0
       0
       0
       0
       0
       0
       0
       0
       0
       0
       0
       0
       0
       0
       0
       0
       0
       0
       0
       0
       0
       0
       0
       0
       0
       0
       0
       0
       0
       0
       0
       0
       0
       0
       0
       0
       0
       0
       0
       0
       0
       0
       0
       0
       0
       0
       0
       0
       0
       0
       0
       0
       0
       0
       0
       0
       0
       0
       0
       0
       0
       0
       0
       0
       0
       0
       0
       0
       0
       0
       0
       0
       0
       0
       0
       0
       0
       0
       0
       0
       0
       0
       0
       0
       0
       0
       0
       0
       0
       0
       0
       0
       0
       0
       0
       0
       0
       0
       0
       0
       0
       0
       0
       0
       0
       0
       0
       0
       0
       0
       0
       0
       0
       0
       0
       0
       0
       0
       0
       0
       0
       0
       0
       0
       0
       0
       0
       0
       0
       0
       0
       0
       0
       0
       0
       0
       0
       0
       0
       0
       0
       0
       0
       0
       0
       0
       0
       0
       0
       0
       0
       0
       0
       0
       0
       0
       0
       0
       0
       0
       0
       0
       0
       0
       0
       0
       0
       0
       0
       0
       0
       0
       0
       0
       0
       0
       0
       0
       0
       0
       0
       0
       0
       0
       0
       0
       0
       0
       0
       0
       0
       0
       0
       0
       0
       1
       0
       0
       0
       0
       0
       0
       0
       0
       0
       0
       0
       0
       0
       0
       0
       0
       0
       0
       0
       0
       0
       0
       0
       0
       0
       0
       0
       0
       0
       0
       0
       0
       0
       0
       0
       0
       0
       0
       0
       0
       0
       0
       0
       0
       0
       0
       0
       0
       0
       0
       0
       0
       0
       0
       0
       0
       0
       0
       0
       0
       0
       0
       0
       0
       0
       0
       0
       0
       0
       0
       0
       0
       0
       0
       0
       0
       0
       0
       0
       0
       0
       0
       0
       0
       0
       0
       0
       0
       0
       0
       0
       0
       0
       0
       0
       0
       0
       0
       0
       0
       0
       0
       0
       0
       0
       0
       0
       0
       0
       0
       0
       0
       0
       0
       0
       0
       0
       0
       0
       0
       0
       0
       0
       0
       0
       0
       0
       0
       0
       0
       0
       0
       0
       0
       0
       0
       0
       0
       0
       0
       0
       0
       0
       0
       0
       0
       0
       0
       0
       0
       0
       0
       0
       0
       0
       0
       0
       0
       0
       0
       0
       0
       0
       0
       0
       0
       0
       0
       0
       0
       0
       0
       0
       0
       0
       0
       0
       0
       0
       0
       0
       0
       0
       0
       0
       0
       0
       0
       0
       0
       0
       0
       0
       0
       0
       0
       0
       0
       0
       0
       0
       0
       0
       0
       0
       0
       0
       0
       0
       0
       0
       0
       0
       0
       0
       0
       0
       0
       0
       0
       0
       0
       0
       0
       0
       0
       0
       0
       0
       0
       0
       0
       0
       0
       0
       0
       0
       0
       0
       0
       0
       0
       0
       0
       0
       0
       0
       0
       0
       0
       0
       0
       0
       0
       0
       0
       0
       0
       0
       0
       0
       0
       0
       0
       0
       0
       0
       0
       0
       0
       0
       0
       0
       0
       0
       0
       0
       0
       0
       0
       0
       0
       0
       0
       0
       0
       0
       0
       0
       0
       0
       0
       0
       0
       0
       0
       0
       0
       0
       0
       0
       0
       0
       0
       0
       0
       0
       0
       0
       0
       0
       0
       0
       0
       0
       0
       0
       0
       0
       0
       0
       0
       0
       0
       0
       0
       0
       0
       0
       0
       0
       0
       0
       0
       0
       0
       0
       0
       0
       0
       0
       0
       0
       0
       0
       0
       0
       0
       0
       0
       0
       0
       0
       0
       0
       0
       0
       0
       0
       0
       0
       0
       0
       0
       0
       0
       0
       0
       0
       0
       0
       0
       0
       0
       0
       0
       0
       0
       0
       0
       0
       0
       0
       0
       0
       0
       0
       0
       0
       0
       0
       0
       0
       0
       1
       0
       0
       0
       0
       0
       0
       0
       0
       0
       0
       0
       0
       0
       0
       0
       0
       0
       0
       0
       0
       0
       0
       0
       0
       0
       0
       0
       0
       0
       0
       0
       0
       0
       0
       0
       0
       0
       0
       0
       0
       0
       0
       0
       0
       0
       0
       0
       0
       0
       0
       0
       0
       0
       0
       0
       0
       0
       0
       0
       0
       0
       0
       0
       0
       0
       0
       0
       0
       0
       0
       0
       0
       0
       0
       0
       0
       0
       0
       0
       0
       0
       0
       0
       0
       0
       0
       0
       0
       0
       0
       0
       0
       0
       0
       0
       0
       0
       0
       0
       0
       0
       0
       0
       0
       0
       0
       0
       0
       0
       0
       0
       0
       0
       0
       0
       0
       0
       0
       0
       0
       0
       0
       0
       0
       0
       0
       0
       0
       0
       0
       0
       0
       0
       0
       0
       0
       0
       0
       0
       0
       0
       0
       0
       0
       0
       0
       0
       0
       0
       0
       0
       0
       0
       0
       0
       0
       0
       0
       0
       0
       0
       0
       0
       0
       0
       0
       0
       0
       0
       0
       0
       0
       0
       0
       0
       0
       0
       0
       0
       0
       0
       0
       0
       0
       0
       0
       0
       0
       0
       0
       0
       0
       0
       0
       0
       0
       0
       0
       0
       0
       0
       0
       0
       0
       0
       0
       0
       0
       0
       0
       0
       0
       0
       0
       0
       0
       0
       0
       0
       0
       0
       0
       0
       0
       0
       0
       0
       0
       0
       0
       0
       0
       0
       0
       0
       0
$ROI:
0
$PRESETS:
Real Time
180
0
$ENER_FIT:
0.888569 0.390988
$MCA_CAL:
3
8.885689E-001 3.909876E-001 3.191953E-008 keV
$SHAPE_CAL:
3
0.000000E+000 0.000000E+000 0.000000E+000
